country,sector,output_hat,price_hat,spending_hat
ARG,01T02,0.6864229767664118,1.0684611916381264,1.0308631028333308
ARG,03,1.0084477801838496,0.998088644618947,1.0308631028333308
ARG,05T06,0.825829321602622,1.0189161720289426,1.0308631028333308
ARG,07T08,1.0156242483009996,1.001209699786959,1.0308631028333308
ARG,10T12,0.9909414662914235,1.1317452464646511,1.0308631028333308
ARG,13T15,0.9807739267018992,1.0342611274414089,1.0308631028333308
ARG,16,1.0255544592224715,1.0218727999631387,1.0308631028333308
ARG,17T18,1.0374792043482357,1.0121417030011053,1.0308631028333308
ARG,19,0.9427550923638612,1.0874986806244755,1.0308631028333308
ARG,20,1.0103671073718214,1.02799992662079,1.0308631028333308
ARG,21,1.0387881154114833,1.0081478223733784,1.0308631028333308
ARG,22,0.9767951564860059,1.026310236693056,1.0308631028333308
ARG,23,0.9153367278890097,1.0215391740671003,1.0308631028333308
ARG,24,0.9881320577897642,1.0361684539473142,1.0308631028333308
ARG,25,1.0603836674620624,1.0238651516931416,1.0308631028333308
ARG,26,1.0418911405712696,1.0227355247206602,1.0308631028333308
ARG,27,1.0515904338515616,1.027776113756763,1.0308631028333308
ARG,28,1.042878241923506,1.0178322356578104,1.0308631028333308
ARG,29T30,1.0186210094227734,1.025510665775699,1.0308631028333308
ARG,31T33,1.0247485990306477,1.0097459075803816,1.0308631028333308
ARG,35,0.8726731135152865,1.0551616360418508,1.0308631028333308
ARG,36T39,1.0150513161472625,1.004012198166981,1.0308631028333308
ARG,41T43,1.023956750167151,1.0130085612786348,1.0308631028333308
ARG,45T47,1.010998441950696,0.9935586845000032,1.0308631028333308
ARG,49,0.9737001279211482,1.0064089683675914,1.0308631028333308
ARG,50,0.9133361252387328,1.0080381880767064,1.0308631028333308
ARG,51,0.9169878613025875,1.0333340677238019,1.0308631028333308
ARG,52,0.9920479476798852,1.0129620161907191,1.0308631028333308
ARG,53,1.0324787384172867,1.0007608428872785,1.0308631028333308
ARG,55T56,1.0286839712584719,1.026059619669845,1.0308631028333308
ARG,58T60,1.0345484979701678,0.9998416180160727,1.0308631028333308
ARG,61,1.0302264207990277,0.9974051194738941,1.0308631028333308
ARG,62T63,1.039375827740327,0.9977537253891312,1.0308631028333308
ARG,64T66,1.0198130989733543,0.9925692896563895,1.0308631028333308
ARG,68,1.0315988871083666,0.9876159890673712,1.0308631028333308
ARG,69T75,1.0239002805811466,0.9956815126511147,1.0308631028333308
ARG,77T82,1.0121954623740952,0.992398602556773,1.0308631028333308
ARG,84,1.0269202529887378,0.9957964816579513,1.0308631028333308
ARG,85,1.0296147174907686,0.992007230442499,1.0308631028333308
ARG,86T88,1.0291595964123093,0.9934744619536006,1.0308631028333308
ARG,90T93,1.0333262453506682,1.0002225726541525,1.0308631028333308
ARG,94T98,1.0282768309154078,0.9968398725878104,1.0308631028333308
AUS,01T02,0.7492852264525995,1.0536620683417366,1.0224632163436163
AUS,03,0.9694695805680422,1.0559571840464428,1.0224632163436163
AUS,05T06,0.8663753295636308,1.0128458240652964,1.0224632163436163
AUS,07T08,1.0553510360251677,1.0190446503001418,1.0224632163436163
AUS,10T12,0.982642461623469,1.0993086519491657,1.0224632163436163
AUS,13T15,0.9203961434009517,1.0647615179042393,1.0224632163436163
AUS,16,1.0245428921040114,1.0544324896735606,1.0224632163436163
AUS,17T18,1.0191532923035236,1.0294289180631677,1.0224632163436163
AUS,19,0.8013541439704056,1.0389736199018147,1.0224632163436163
AUS,20,0.8995851592532145,1.0427134804554952,1.0224632163436163
AUS,21,0.9924342198494821,1.0298259945112278,1.0224632163436163
AUS,22,1.0694698609277535,1.040765710054315,1.0224632163436163
AUS,23,0.9947713060706741,1.0321653211926671,1.0224632163436163
AUS,24,1.1817082981494103,1.0472558386520077,1.0224632163436163
AUS,25,1.0404700767454431,1.0398775600969348,1.0224632163436163
AUS,26,1.0437189433160559,1.0157970843705078,1.0224632163436163
AUS,27,1.0676250511552836,1.0260487914903533,1.0224632163436163
AUS,28,1.0369015430929938,1.0244548649874567,1.0224632163436163
AUS,29T30,1.0366743365388393,1.0288527289097549,1.0224632163436163
AUS,31T33,1.03362102910196,1.021105799865759,1.0224632163436163
AUS,35,0.7353707311377979,1.1085427129531575,1.0224632163436163
AUS,36T39,0.9959809749350904,1.012130887312188,1.0224632163436163
AUS,41T43,1.011864475112952,1.0233496341437032,1.0224632163436163
AUS,45T47,1.0036485099770982,1.0148472930090675,1.0224632163436163
AUS,49,0.9613343605795786,1.021072146000028,1.0224632163436163
AUS,50,0.9752086341600756,1.0193959072551175,1.0224632163436163
AUS,51,0.9544159972172022,1.0233285402293975,1.0224632163436163
AUS,52,0.99891628868903,1.0095564403187514,1.0224632163436163
AUS,53,0.9941438879400556,1.019384367994894,1.0224632163436163
AUS,55T56,1.023804980926176,1.0250372246715074,1.0224632163436163
AUS,58T60,1.0245046112175358,1.0098939066448256,1.0224632163436163
AUS,61,1.011569606245228,1.0107961961842977,1.0224632163436163
AUS,62T63,1.0122357634522343,1.0033994676730436,1.0224632163436163
AUS,64T66,1.0002185701427675,0.9992948688606147,1.0224632163436163
AUS,68,1.0187755077417273,0.9994931482569187,1.0224632163436163
AUS,69T75,1.0025550193655277,1.0050270071123197,1.0224632163436163
AUS,77T82,1.0030631541854302,1.0075806852886788,1.0224632163436163
AUS,84,1.018295855436686,1.0118597444282114,1.0224632163436163
AUS,85,1.024554359957456,1.0031382636594763,1.0224632163436163
AUS,86T88,1.0218177110849493,1.004169994611182,1.0224632163436163
AUS,90T93,1.0224413011642686,1.0052082855707678,1.0224632163436163
AUS,94T98,1.0186953883728023,1.0042027809489427,1.0224632163436163
AUT,01T02,1.0181537599264823,1.0511123111415865,1.0353018538129575
AUT,03,1.0338346696368734,1.0408230935686482,1.0353018538129575
AUT,05T06,0.7981304906328545,1.0453242006301688,1.0353018538129575
AUT,07T08,0.9904965808368599,1.047475862531752,1.0353018538129575
AUT,10T12,1.0565781203862317,1.0514574564370864,1.0353018538129575
AUT,13T15,1.0287794824297003,1.0374973891644514,1.0353018538129575
AUT,16,1.0352098255684885,1.0529078703175971,1.0353018538129575
AUT,17T18,0.9805162693024437,1.046805515907181,1.0353018538129575
AUT,19,0.9995396934607949,1.075795163441626,1.0353018538129575
AUT,20,1.0386958857219555,1.0533689995141309,1.0353018538129575
AUT,21,1.0191919440093997,1.0365008612559745,1.0353018538129575
AUT,22,1.076201151648852,1.0439387852863662,1.0353018538129575
AUT,23,1.0345376881211332,1.0469917640698214,1.0353018538129575
AUT,24,1.0593479595940771,1.0620945054854143,1.0353018538129575
AUT,25,1.0425931503391406,1.0474216230254765,1.0353018538129575
AUT,26,1.0317223088721919,1.0359523820916088,1.0353018538129575
AUT,27,1.0459897801313536,1.041001094559361,1.0353018538129575
AUT,28,1.0341364029665088,1.0390431843284957,1.0353018538129575
AUT,29T30,1.0298010086872647,1.0396188206747323,1.0353018538129575
AUT,31T33,1.0481825288803492,1.043496267527258,1.0353018538129575
AUT,35,1.0344596867632616,1.0684271394241314,1.0353018538129575
AUT,36T39,1.0291843984391158,1.0353820314645519,1.0353018538129575
AUT,41T43,1.0303204474485101,1.0400418964763927,1.0353018538129575
AUT,45T47,1.0209857085855851,1.0323550417959453,1.0353018538129575
AUT,49,1.0076975473591367,1.035645448627585,1.0353018538129575
AUT,50,1.0573153460638005,1.0395989800438317,1.0353018538129575
AUT,51,0.9999218267552854,1.0367770902094855,1.0353018538129575
AUT,52,1.021460726197835,1.0320313740425322,1.0353018538129575
AUT,53,1.0246964153208735,1.0310928560059913,1.0353018538129575
AUT,55T56,1.0320730252347006,1.0342644597700938,1.0353018538129575
AUT,58T60,1.0108038168111506,1.0336921579052087,1.0353018538129575
AUT,61,1.0178051565583381,1.0309594887189626,1.0353018538129575
AUT,62T63,1.0043675379433235,1.0285791059943887,1.0353018538129575
AUT,64T66,1.016831542342034,1.02946947654805,1.0353018538129575
AUT,68,1.0311095016335887,1.0309978475788795,1.0353018538129575
AUT,69T75,1.0152792978805694,1.0310965590497592,1.0353018538129575
AUT,77T82,1.0241539359107945,1.0312458115031187,1.0353018538129575
AUT,84,1.032314997257959,1.0314885569099725,1.0353018538129575
AUT,85,1.0321215202122092,1.030488490077009,1.0353018538129575
AUT,86T88,1.0326064832771251,1.0324910047339892,1.0353018538129575
AUT,90T93,1.0296467133299838,1.0320201516311378,1.0353018538129575
AUT,94T98,1.0308346840400489,1.0318862707947145,1.0353018538129575
BEL,01T02,0.9710632016273764,1.0540492507493164,1.0327952514099872
BEL,03,1.028054514201706,1.0374795618254178,1.0327952514099872
BEL,05T06,0.006704965727602561,1.141205008086846,1.0327952514099872
BEL,07T08,1.0039933490290152,1.0378632531926462,1.0327952514099872
BEL,10T12,1.0310038007005957,1.059126913918537,1.0327952514099872
BEL,13T15,1.0122157823793025,1.0388682783247085,1.0327952514099872
BEL,16,1.056767155081643,1.0474596025359637,1.0327952514099872
BEL,17T18,1.0205852357403735,1.042357311412004,1.0327952514099872
BEL,19,1.0148763254816735,1.0609312919197167,1.0327952514099872
BEL,20,0.9973207982421041,1.0469493328376953,1.0327952514099872
BEL,21,1.0203227953429623,1.031414408234727,1.0327952514099872
BEL,22,1.0657279589258524,1.050646365710166,1.0327952514099872
BEL,23,0.9943128090857563,1.0424675422121188,1.0327952514099872
BEL,24,1.2017520486881053,1.0612504096539308,1.0327952514099872
BEL,25,1.0453055711669543,1.0458291869429124,1.0327952514099872
BEL,26,1.0304632695733942,1.0349230466684518,1.0327952514099872
BEL,27,1.0382155988327766,1.0442893426919684,1.0327952514099872
BEL,28,1.034008763513877,1.0394428097089263,1.0327952514099872
BEL,29T30,1.0354428024446614,1.0369764805138526,1.0327952514099872
BEL,31T33,1.0807683225665934,1.0344895285753128,1.0327952514099872
BEL,35,0.9742468717844388,1.047064299578868,1.0327952514099872
BEL,36T39,1.0670221194082816,1.0345628091859143,1.0327952514099872
BEL,41T43,1.0290715486547573,1.038708765263774,1.0327952514099872
BEL,45T47,1.0201308938318077,1.0298476999919222,1.0327952514099872
BEL,49,1.028030778940087,1.033411471323319,1.0327952514099872
BEL,50,0.6951478541154249,1.0500068598749572,1.0327952514099872
BEL,51,1.0145700323200275,1.0457361978253696,1.0327952514099872
BEL,52,1.004043127540313,1.0342873237296055,1.0327952514099872
BEL,53,1.0098095544766137,1.0344840356897151,1.0327952514099872
BEL,55T56,1.025792596016042,1.0369904279743571,1.0327952514099872
BEL,58T60,1.0098014995198423,1.028905744525557,1.0327952514099872
BEL,61,1.0152557280342636,1.0265798051479347,1.0327952514099872
BEL,62T63,1.009542939625639,1.0279605071921618,1.0327952514099872
BEL,64T66,1.0128424508948317,1.022852611965386,1.0327952514099872
BEL,68,1.0282148045504576,1.0257015670710143,1.0327952514099872
BEL,69T75,1.0143367019654714,1.027187363474026,1.0327952514099872
BEL,77T82,1.0157243694407903,1.0311158678656307,1.0327952514099872
BEL,84,1.0306498838880966,1.0263229979532587,1.0327952514099872
BEL,85,1.0309833493526845,1.0250901985780172,1.0327952514099872
BEL,86T88,1.0308914810248044,1.0292353308174313,1.0327952514099872
BEL,90T93,1.0270691847437763,1.030382372810404,1.0327952514099872
BEL,94T98,1.0285980296072519,1.0293557951233252,1.0327952514099872
BGR,01T02,0.7568737623130757,1.0485016964370588,1.0422507461664268
BGR,03,1.0123719629462096,1.0579588025543885,1.0422507461664268
BGR,05T06,0.86801648197783,1.0730801739233367,1.0422507461664268
BGR,07T08,0.974340787078148,1.0423341734743137,1.0422507461664268
BGR,10T12,1.0298543858417737,1.0632686415170953,1.0422507461664268
BGR,13T15,1.0631834303676244,1.02765208556338,1.0422507461664268
BGR,16,0.9770321025801344,1.070991982456119,1.0422507461664268
BGR,17T18,1.0004464277504266,1.0438186799212295,1.0422507461664268
BGR,19,0.926491600527555,1.0602792713537577,1.0422507461664268
BGR,20,0.5968882859178154,1.0705372633778363,1.0422507461664268
BGR,21,0.7180922386121876,1.060355416219671,1.0422507461664268
BGR,22,1.0956273095089475,1.0448293528233472,1.0422507461664268
BGR,23,0.7468941453404155,1.0705853743458793,1.0422507461664268
BGR,24,1.2393127659125946,1.078778179512252,1.0422507461664268
BGR,25,1.0510549508571583,1.042102946262265,1.0422507461664268
BGR,26,1.037558660299755,1.0309010062310813,1.0422507461664268
BGR,27,1.0399820688423214,1.0437670574944875,1.0422507461664268
BGR,28,1.0291759068281296,1.0408311552276421,1.0422507461664268
BGR,29T30,1.0377127227716063,1.034884586666352,1.0422507461664268
BGR,31T33,1.0953846219266645,1.0274260274764464,1.0422507461664268
BGR,35,0.63901250138007,1.0411249721933447,1.0422507461664268
BGR,36T39,1.0187253841095487,1.0554037081371412,1.0422507461664268
BGR,41T43,1.0267617649363374,1.0452065142961233,1.0422507461664268
BGR,45T47,1.0076058694447085,1.0195891126352716,1.0422507461664268
BGR,49,0.9283527867260698,1.0328526476965936,1.0422507461664268
BGR,50,0.891685062431104,1.036640665393221,1.0422507461664268
BGR,51,1.1102033736636707,1.0365084257890174,1.0422507461664268
BGR,52,0.9950504438571772,1.0285649641578183,1.0422507461664268
BGR,53,1.0192316621535331,1.0146507239246365,1.0422507461664268
BGR,55T56,1.0358566401292864,1.0274248863769755,1.0422507461664268
BGR,58T60,1.0529720229483013,1.007167933051762,1.0422507461664268
BGR,61,1.0331658628480513,1.0173717090146217,1.0422507461664268
BGR,62T63,1.0318086995065778,1.0060053237833881,1.0422507461664268
BGR,64T66,1.0173428784955727,1.0034990834314275,1.0422507461664268
BGR,68,1.0354576799307456,1.010514720512858,1.0422507461664268
BGR,69T75,1.028739285826227,1.0086712952003563,1.0422507461664268
BGR,77T82,1.0227144899665324,1.0149292458418102,1.0422507461664268
BGR,84,1.0398760883605396,1.0110355269143898,1.0422507461664268
BGR,85,1.0412197140621806,0.9995143132639842,1.0422507461664268
BGR,86T88,1.038023152373822,1.0148857873797363,1.0422507461664268
BGR,90T93,1.0382910225582875,1.0131356018474929,1.0422507461664268
BGR,94T98,1.0305007595610156,1.0209000445764969,1.0422507461664268
BRA,01T02,0.4126200069873314,1.0246498134417281,1.0097989157051497
BRA,03,1.0039025528833283,0.9737083634771034,1.0097989157051497
BRA,05T06,0.8437557914058111,0.9982142071922168,1.0097989157051497
BRA,07T08,1.0136452185154408,0.9890441981252023,1.0097989157051497
BRA,10T12,0.9419605107735266,1.1609702911989033,1.0097989157051497
BRA,13T15,1.0352377226091911,1.0096723508081442,1.0097989157051497
BRA,16,1.0143758231850035,1.0390233013492152,1.0097989157051497
BRA,17T18,1.001491370520521,1.024078659533701,1.0097989157051497
BRA,19,0.9097546132616121,1.0573534703219134,1.0097989157051497
BRA,20,0.860608973259783,1.0603944571261856,1.0097989157051497
BRA,21,1.015188860597642,0.9863412933021021,1.0097989157051497
BRA,22,1.012139981921726,1.0241137617369256,1.0097989157051497
BRA,23,0.8054584292692162,1.0139333440702265,1.0097989157051497
BRA,24,0.8826223435673729,1.0256529105258099,1.0097989157051497
BRA,25,1.0118451759192528,1.0213063996179306,1.0097989157051497
BRA,26,1.0387240712324286,0.9946717428016159,1.0097989157051497
BRA,27,1.037681952561502,1.0134319900321356,1.0097989157051497
BRA,28,1.0374143989733662,1.0024577241839365,1.0097989157051497
BRA,29T30,1.0511296293374093,1.0063655454182625,1.0097989157051497
BRA,31T33,1.0142340897622706,0.9977552455781086,1.0097989157051497
BRA,35,0.9221606110355365,0.9986946759859375,1.0097989157051497
BRA,36T39,0.9908221098457483,0.9807451874555816,1.0097989157051497
BRA,41T43,1.006381233232322,1.0060985845670845,1.0097989157051497
BRA,45T47,0.9957929895470725,0.9789523973209556,1.0097989157051497
BRA,49,0.9429745383105523,0.9979765049251147,1.0097989157051497
BRA,50,0.8728534197852447,0.9981348232494163,1.0097989157051497
BRA,51,0.921390624968388,1.0057215176303849,1.0097989157051497
BRA,52,1.004822777197531,0.9786035658813371,1.0097989157051497
BRA,53,0.9987124788768115,0.9770336086758807,1.0097989157051497
BRA,55T56,1.012299941703057,1.0146344652161619,1.0097989157051497
BRA,58T60,1.0354637401621998,0.9925795268072185,1.0097989157051497
BRA,61,1.0119602686814118,0.9748517684046981,1.0097989157051497
BRA,62T63,1.0393754281837577,0.9716621615978377,1.0097989157051497
BRA,64T66,0.997206964870838,0.9699387274369677,1.0097989157051497
BRA,68,1.010293831398287,0.9668496382903071,1.0097989157051497
BRA,69T75,1.0117771844057273,0.9734220757527848,1.0097989157051497
BRA,77T82,1.0072361433661647,0.9758705532175911,1.0097989157051497
BRA,84,1.009002452786968,0.9716886506737156,1.0097989157051497
BRA,85,1.0096631876485371,0.9704875093796436,1.0097989157051497
BRA,86T88,1.0099226342239247,0.9766212935805766,1.0097989157051497
BRA,90T93,1.0211246755263288,0.9770735929286083,1.0097989157051497
BRA,94T98,1.0071929547422938,0.9869994917219082,1.0097989157051497
BRN,01T02,0.723002724654919,1.0130108106445093,1.0293265234709503
BRN,03,1.061002724350514,0.9943463877096125,1.0293265234709503
BRN,05T06,0.8969559205335272,0.9778167456470966,1.0293265234709503
BRN,07T08,1.1982219080590524,0.960541892484979,1.0293265234709503
BRN,10T12,1.1312880562545427,1.039055461952722,1.0293265234709503
BRN,13T15,1.0313234783140692,1.032769337887649,1.0293265234709503
BRN,16,1.1225480932391059,1.0136037649603138,1.0293265234709503
BRN,17T18,1.008335621169471,1.019305022231426,1.0293265234709503
BRN,19,0.9536495694761589,1.0045474227909177,1.0293265234709503
BRN,20,1.1974782144192302,1.019359021600242,1.0293265234709503
BRN,21,1.048727760473644,1.0246115902279893,1.0293265234709503
BRN,22,0.3005555455159291,1.0493436358858013,1.0293265234709503
BRN,23,0.9700682961662438,1.0198551602924415,1.0293265234709503
BRN,24,2.125862397479215,0.9880683151327329,1.0293265234709503
BRN,25,0.9103518346887508,1.05496218864589,1.0293265234709503
BRN,26,0.984282631979947,1.022135941977106,1.0293265234709503
BRN,27,1.1052511811723458,1.0151673783029174,1.0293265234709503
BRN,28,1.031656240011409,1.0196346967621022,1.0293265234709503
BRN,29T30,1.048320537504299,1.0109555376999473,1.0293265234709503
BRN,31T33,0.20570797300020147,1.045961496970967,1.0293265234709503
BRN,35,0.4824275025515291,1.0051851213459033,1.0293265234709503
BRN,36T39,1.0129176171625638,0.9837805292432559,1.0293265234709503
BRN,41T43,1.0173167723341519,1.0280324412360324,1.0293265234709503
BRN,45T47,0.9932123836115317,0.9981790153263647,1.0293265234709503
BRN,49,0.9204396742915727,0.9990048044258945,1.0293265234709503
BRN,50,0.8031165452945507,0.9976048775633434,1.0293265234709503
BRN,51,0.9270536848282102,0.9824382597385511,1.0293265234709503
BRN,52,1.0212751520772283,0.9959211447847802,1.0293265234709503
BRN,53,1.021436615537959,1.0126779117880684,1.0293265234709503
BRN,55T56,1.0138760738543713,1.030851673593611,1.0293265234709503
BRN,58T60,1.0887234559331065,0.9824981425354008,1.0293265234709503
BRN,61,0.9882039149341967,1.0008617472467374,1.0293265234709503
BRN,62T63,1.0429173039948019,0.9986022589921307,1.0293265234709503
BRN,64T66,1.0098085321931118,0.9711759252803092,1.0293265234709503
BRN,68,1.0500475493432155,0.9639072882514178,1.0293265234709503
BRN,69T75,1.0006347571547833,0.994277789519398,1.0293265234709503
BRN,77T82,0.9745400561910218,1.0154884222174485,1.0293265234709503
BRN,84,1.0186311925792935,0.9982516920912858,1.0293265234709503
BRN,85,1.0223303599965734,0.9882627850539243,1.0293265234709503
BRN,86T88,1.0153854429512388,1.002129720487866,1.0293265234709503
BRN,90T93,0.9660096923306923,1.0656147339874438,1.0293265234709503
BRN,94T98,1.0548874487005007,0.9818198779342546,1.0293265234709503
CAN,01T02,0.6838124491367217,1.0646687795919185,1.0208508168510646
CAN,03,0.9908507724623242,1.0243439543640698,1.0208508168510646
CAN,05T06,0.8307045533159576,1.0192201458359844,1.0208508168510646
CAN,07T08,1.034248123371069,1.018455677218741,1.0208508168510646
CAN,10T12,0.988189098709667,1.0832840694111978,1.0208508168510646
CAN,13T15,1.0900251482096226,1.0205619686287968,1.0208508168510646
CAN,16,0.9073416826021081,1.098655249921517,1.0208508168510646
CAN,17T18,0.9826840067623859,1.0415885874776452,1.0208508168510646
CAN,19,0.8280164799563732,1.0725228180442254,1.0208508168510646
CAN,20,0.9154245745055335,1.0409209547043456,1.0208508168510646
CAN,21,1.0169675934835143,1.020612189927198,1.0208508168510646
CAN,22,1.011572497926105,1.0352804102424826,1.0208508168510646
CAN,23,0.9699080993014728,1.040365793073794,1.0208508168510646
CAN,24,1.113105184135572,1.0529544298266904,1.0208508168510646
CAN,25,1.0783012593138372,1.0314864867824685,1.0208508168510646
CAN,26,1.047366277267101,1.0154037510851008,1.0208508168510646
CAN,27,1.058891613911499,1.032157805184496,1.0208508168510646
CAN,28,1.0409280222843802,1.023725893673175,1.0208508168510646
CAN,29T30,1.0467658708477656,1.0264222512459777,1.0208508168510646
CAN,31T33,1.034025438432208,1.0225246973964246,1.0208508168510646
CAN,35,0.9185799196908142,1.0068232211795276,1.0208508168510646
CAN,36T39,0.9997579643919484,1.0094427607516907,1.0208508168510646
CAN,41T43,1.0099218011396907,1.0258135712817487,1.0208508168510646
CAN,45T47,1.016549416766288,1.0051962170243236,1.0208508168510646
CAN,49,0.9282879176290914,1.0193556762627018,1.0208508168510646
CAN,50,0.8267943436976294,1.0455462600938354,1.0208508168510646
CAN,51,0.8013530993575837,1.023960598001819,1.0208508168510646
CAN,52,0.9770719698628537,1.0160818004655996,1.0208508168510646
CAN,53,1.0107853983375161,1.0164032315365985,1.0208508168510646
CAN,55T56,1.0189226204465616,1.0239268326747346,1.0208508168510646
CAN,58T60,1.027529316923596,1.010044203278719,1.0208508168510646
CAN,61,1.0127674393536368,1.0052758720146047,1.0208508168510646
CAN,62T63,1.0168236970540594,1.003972065122961,1.0208508168510646
CAN,64T66,1.0069654173016827,1.0039518684158042,1.0208508168510646
CAN,68,1.017617222664198,1.000748700003224,1.0208508168510646
CAN,69T75,1.0022592270982849,1.0057645555255086,1.0208508168510646
CAN,77T82,1.0014739422306103,1.0074732168144171,1.0208508168510646
CAN,84,1.0165832488933566,1.0071993600500198,1.0208508168510646
CAN,85,1.0190963287785955,1.0032522358229128,1.0208508168510646
CAN,86T88,1.0169620541544837,1.004996077283942,1.0208508168510646
CAN,90T93,1.0192912689884865,1.0110250817186794,1.0208508168510646
CAN,94T98,1.013225544202128,1.009644023830822,1.0208508168510646
CHE,01T02,1.0858049058078116,1.050076058214972,1.0340132187177278
CHE,03,1.0331124754782055,1.0292209615647476,1.0340132187177278
CHE,05T06,0.9817801336781137,1.0436118843491373,1.0340132187177278
CHE,07T08,1.0847667752031032,1.0419403092304327,1.0340132187177278
CHE,10T12,1.0555477769215529,1.0522430179954967,1.0340132187177278
CHE,13T15,1.0377009007745612,1.0370606168085632,1.0340132187177278
CHE,16,1.0750708718109758,1.0407664682649456,1.0340132187177278
CHE,17T18,1.0362658610157836,1.0396984353745347,1.0340132187177278
CHE,19,1.054737074840048,1.0547469747299787,1.0340132187177278
CHE,20,1.099045860815029,1.044016422226219,1.0340132187177278
CHE,21,1.0350193390622981,1.036790327666096,1.0340132187177278
CHE,22,1.0848468083240266,1.0433956448429966,1.0340132187177278
CHE,23,1.0414822165732245,1.04940088709433,1.0340132187177278
CHE,24,1.4336954405208293,1.054705287109231,1.0340132187177278
CHE,25,1.0691644968948275,1.0404572890799488,1.0340132187177278
CHE,26,1.0287001032319476,1.0381701164804262,1.0340132187177278
CHE,27,1.0438063931708097,1.0433329963785785,1.0340132187177278
CHE,28,1.037596169739773,1.0390539297730443,1.0340132187177278
CHE,29T30,1.0322737184414852,1.0379240466715365,1.0340132187177278
CHE,31T33,1.098858014791406,1.0390012262044492,1.0340132187177278
CHE,35,1.0940122010472297,1.0423302285968876,1.0340132187177278
CHE,36T39,1.0427133964133715,1.038034524274553,1.0340132187177278
CHE,41T43,1.0335029588520965,1.0403640362819158,1.0340132187177278
CHE,45T47,1.0174451131750681,1.037101226993264,1.0340132187177278
CHE,49,1.0402593253807189,1.0397400521826812,1.0340132187177278
CHE,50,1.0469825177827792,1.0493642174311706,1.0340132187177278
CHE,51,0.9929048115665102,1.0453791291946297,1.0340132187177278
CHE,52,1.0085492782778602,1.0426268555917593,1.0340132187177278
CHE,53,1.0229458213385343,1.0345486531354875,1.0340132187177278
CHE,55T56,1.027153250336861,1.0395087695855452,1.0340132187177278
CHE,58T60,0.9990259240812325,1.0335686382461406,1.0340132187177278
CHE,61,1.0214423947988702,1.0326802551679573,1.0340132187177278
CHE,62T63,1.0020272729940845,1.029368177534341,1.0340132187177278
CHE,64T66,1.0095333589434403,1.0311952064292031,1.0340132187177278
CHE,68,1.0304801544138724,1.0317328468624305,1.0340132187177278
CHE,69T75,1.0205693160910996,1.033050420590838,1.0340132187177278
CHE,77T82,1.0270420806029572,1.0334592154789513,1.0340132187177278
CHE,84,1.0313550673896454,1.033804670664619,1.0340132187177278
CHE,85,1.0263427608837778,1.0362751073252265,1.0340132187177278
CHE,86T88,1.0330040762803803,1.0337563529664253,1.0340132187177278
CHE,90T93,1.0249017439154755,1.03407822691385,1.0340132187177278
CHE,94T98,1.0308940764661259,1.0328483642052815,1.0340132187177278
CHL,01T02,1.0508197698929236,1.0667399397980848,1.0580589396319502
CHL,03,1.0315750404137671,1.0623607966492254,1.0580589396319502
CHL,05T06,0.574763057083719,1.0552973658594795,1.0580589396319502
CHL,07T08,0.936638295170387,1.0634253827355575,1.0580589396319502
CHL,10T12,1.0546501948029885,1.0736661284070672,1.0580589396319502
CHL,13T15,1.0027855856181567,1.0584460299220022,1.0580589396319502
CHL,16,1.0026312251479625,1.0773406605833036,1.0580589396319502
CHL,17T18,0.9442576477756189,1.0787209597134388,1.0580589396319502
CHL,19,0.9591426252356762,1.1077164355283224,1.0580589396319502
CHL,20,0.9999234807858464,1.075962521210323,1.0580589396319502
CHL,21,1.0212278943975106,1.0570189910886585,1.0580589396319502
CHL,22,0.901211663406064,1.0715942680927195,1.0580589396319502
CHL,23,0.9649466051393867,1.0926060084171196,1.0580589396319502
CHL,24,1.4165746921493716,1.072379393831041,1.0580589396319502
CHL,25,1.0420515307316383,1.0698411425811019,1.0580589396319502
CHL,26,1.0389828663056642,1.0559151548081804,1.0580589396319502
CHL,27,1.019833339448333,1.0686482733536051,1.0580589396319502
CHL,28,1.0125505917230173,1.0667075189604542,1.0580589396319502
CHL,29T30,1.005434592431029,1.0582394789260126,1.0580589396319502
CHL,31T33,0.9865174940001918,1.059777399096614,1.0580589396319502
CHL,35,0.8839154959670769,1.1322629136502744,1.0580589396319502
CHL,36T39,1.0464354713248214,1.0580219055557232,1.0580589396319502
CHL,41T43,1.0511303140000228,1.063084575288093,1.0580589396319502
CHL,45T47,1.0176981006295036,1.0527198603704424,1.0580589396319502
CHL,49,0.980311197399902,1.0615632817172596,1.0580589396319502
CHL,50,0.7683551103601143,1.058679875245738,1.0580589396319502
CHL,51,0.7873156320810667,1.0575877235646094,1.0580589396319502
CHL,52,1.0005864988919015,1.05091931164769,1.0580589396319502
CHL,53,1.019005349714767,1.057638074583916,1.0580589396319502
CHL,55T56,1.0386683311396896,1.0589752999586726,1.0580589396319502
CHL,58T60,1.0127576879719231,1.0540477111235587,1.0580589396319502
CHL,61,1.0437969975378254,1.05458381451323,1.0580589396319502
CHL,62T63,1.017034265944406,1.0470730092462528,1.0580589396319502
CHL,64T66,1.0322621266250604,1.046870340781151,1.0580589396319502
CHL,68,1.044297560667505,1.0471823601326486,1.0580589396319502
CHL,69T75,1.042584888670165,1.0471723053510498,1.0580589396319502
CHL,77T82,1.0177498332012778,1.047384001250919,1.0580589396319502
CHL,84,1.0536464106862746,1.0503124023221102,1.0580589396319502
CHL,85,1.0559777185932915,1.048316575472968,1.0580589396319502
CHL,86T88,1.0550257146935829,1.050817118111222,1.0580589396319502
CHL,90T93,1.045810396136027,1.047425662079765,1.0580589396319502
CHL,94T98,1.0429959505138946,1.0490905449705565,1.0580589396319502
CHN,01T02,0.9740467431241322,1.0460169880257109,1.051443826453264
CHN,03,1.029139251818709,1.0286441620892384,1.051443826453264
CHN,05T06,0.7590693497229413,1.0688214136444119,1.051443826453264
CHN,07T08,0.771856315708173,1.090637623936643,1.051443826453264
CHN,10T12,1.022345147274455,1.0607483938341309,1.051443826453264
CHN,13T15,0.9979354313329468,1.0511280876389073,1.051443826453264
CHN,16,0.9926328269040374,1.0670623652541322,1.051443826453264
CHN,17T18,0.9976182443261424,1.0575933334831369,1.051443826453264
CHN,19,0.8603577916112014,1.0621216294990674,1.051443826453264
CHN,20,0.9131263244179613,1.0818139849186077,1.051443826453264
CHN,21,1.0021584244413044,1.045798307114514,1.051443826453264
CHN,22,0.9590972526977629,1.0759822921588236,1.051443826453264
CHN,23,0.8822029058075678,1.0971166910803478,1.051443826453264
CHN,24,0.8251230695733008,1.117029600942487,1.051443826453264
CHN,25,0.9757546473943225,1.0983876025370172,1.051443826453264
CHN,26,1.011217262338555,1.0467496058425234,1.051443826453264
CHN,27,0.9809652457717467,1.0839033611061981,1.051443826453264
CHN,28,0.9937730277832841,1.0731927271772401,1.051443826453264
CHN,29T30,1.0211612736851885,1.0537972656213732,1.051443826453264
CHN,31T33,0.9764760716482306,1.0530037795601577,1.051443826453264
CHN,35,0.6378327362615936,1.139996217987905,1.051443826453264
CHN,36T39,0.9558065515562315,1.0556168271575044,1.051443826453264
CHN,41T43,1.0477477798412438,1.09229079155941,1.051443826453264
CHN,45T47,1.009803013534163,1.0052436461622614,1.051443826453264
CHN,49,0.9713357406719495,1.0338372836690197,1.051443826453264
CHN,50,0.7854411515823584,1.0571508925284054,1.051443826453264
CHN,51,0.9437511054838353,1.0394694273971554,1.051443826453264
CHN,52,0.94665373962082,1.039930771584734,1.051443826453264
CHN,53,0.9868083947516492,1.0238072437751233,1.051443826453264
CHN,55T56,1.0220924708060186,1.0322667566085277,1.051443826453264
CHN,58T60,1.0354805690929476,1.0176931119848427,1.051443826453264
CHN,61,1.0264718481956192,1.0221824089985443,1.051443826453264
CHN,62T63,1.039751739741414,0.9993863460026053,1.051443826453264
CHN,64T66,0.9945205022373935,0.9897688442404536,1.051443826453264
CHN,68,1.0412749615607637,0.9911924203436078,1.051443826453264
CHN,69T75,1.0060612989871396,1.0207555174345937,1.051443826453264
CHN,77T82,1.0017268425451966,1.018973329300458,1.051443826453264
CHN,84,1.0489667778149034,1.0011199887981375,1.051443826453264
CHN,85,1.0502353796451818,0.999064505417269,1.051443826453264
CHN,86T88,1.048888091830859,1.0088087072846637,1.051443826453264
CHN,90T93,1.0436495975650295,1.0029317143117051,1.051443826453264
CHN,94T98,1.038745826728863,1.006715514030894,1.051443826453264
COL,01T02,0.6265100902939136,1.0258508698783573,1.0306182163976985
COL,03,1.0218841068650264,1.0500994079936197,1.0306182163976985
COL,05T06,0.8938899662448523,1.0141384862555494,1.0306182163976985
COL,07T08,0.9555962254237994,1.0037914156667438,1.0306182163976985
COL,10T12,0.9686632128154924,1.1287356885840791,1.0306182163976985
COL,13T15,1.0309448096373703,1.0138646560166815,1.0306182163976985
COL,16,0.9864665037256125,1.0726924990619457,1.0306182163976985
COL,17T18,0.9940281132375389,1.0205356855143166,1.0306182163976985
COL,19,0.9201986923321532,1.0447760198549236,1.0306182163976985
COL,20,1.0650313766346393,1.0257155001546228,1.0306182163976985
COL,21,1.064658182699119,1.007801281841378,1.0306182163976985
COL,22,1.0870100155965334,1.0298225149322997,1.0306182163976985
COL,23,0.9547828478706837,1.0228576926502808,1.0306182163976985
COL,24,1.094359694366699,1.0440129013264574,1.0306182163976985
COL,25,1.0497654346543968,1.0297827416381966,1.0306182163976985
COL,26,1.0435036517150102,1.0211877900901016,1.0306182163976985
COL,27,1.0594211827096611,1.0280396546953392,1.0306182163976985
COL,28,1.0425965346597519,1.0249355439684977,1.0306182163976985
COL,29T30,1.0703756990644253,1.0141490585159336,1.0306182163976985
COL,31T33,1.041731102165182,1.0127423942634284,1.0306182163976985
COL,35,0.9283090632166136,1.0263056382837275,1.0306182163976985
COL,36T39,1.0154552518976183,1.0010852403872008,1.0306182163976985
COL,41T43,1.026289661994736,1.0232999948618422,1.0306182163976985
COL,45T47,1.0112385437675955,0.9960891709085171,1.0306182163976985
COL,49,0.9682570981056816,1.0095416882672104,1.0306182163976985
COL,50,0.9437449479645221,1.0086751769426,1.0306182163976985
COL,51,0.9741756732370689,1.0168582387055656,1.0306182163976985
COL,52,1.0083126053259035,0.9928629675966454,1.0306182163976985
COL,53,1.0174011190070773,1.00194104614581,1.0306182163976985
COL,55T56,1.0271239510593333,1.0340131510538035,1.0306182163976985
COL,58T60,1.0428822657639314,0.9967204431913561,1.0306182163976985
COL,61,1.028829480409396,0.9903061895406152,1.0306182163976985
COL,62T63,1.037469569487174,0.9886377812933149,1.0306182163976985
COL,64T66,1.0267920148424312,0.9898768358443376,1.0306182163976985
COL,68,1.0282129265507203,0.9843083509464923,1.0306182163976985
COL,69T75,1.024209128822362,0.9894458447418905,1.0306182163976985
COL,77T82,1.0166278463247407,0.9879526256625369,1.0306182163976985
COL,84,1.0278876079694514,0.9953364713052523,1.0306182163976985
COL,85,1.030613965442736,0.989929409552995,1.0306182163976985
COL,86T88,1.029127231966447,0.9950467579250418,1.0306182163976985
COL,90T93,1.0326762766055095,0.9923450990405953,1.0306182163976985
COL,94T98,1.0291482151228266,0.9924712016878919,1.0306182163976985
CRI,01T02,1.0438114381536234,1.04787753350798,1.0403245667049605
CRI,03,1.0044980168056914,1.0481288658253638,1.0403245667049605
CRI,05T06,1.0467775116645999,1.0423048032115843,1.0403245667049605
CRI,07T08,0.9938812852639128,1.041105961477263,1.0403245667049605
CRI,10T12,1.0429457134285696,1.0643116622398863,1.0403245667049605
CRI,13T15,0.9776692075086169,1.0375392142738755,1.0403245667049605
CRI,16,1.0120858855455797,1.0549240327609688,1.0403245667049605
CRI,17T18,1.014817145848671,1.042156708071084,1.0403245667049605
CRI,19,1.039453534111257,1.0487818891464464,1.0403245667049605
CRI,20,1.1300100133078603,1.0488856615422621,1.0403245667049605
CRI,21,1.0032242406821898,1.0404945413964568,1.0403245667049605
CRI,22,1.1330651820783184,1.0553200142180785,1.0403245667049605
CRI,23,0.9579742489033749,1.0513156777156003,1.0403245667049605
CRI,24,1.240407672371322,1.0697281401465228,1.0403245667049605
CRI,25,1.030423165929162,1.0513700215491528,1.0403245667049605
CRI,26,1.0272155506331608,1.0370864197493201,1.0403245667049605
CRI,27,1.0386032488110806,1.0483310073226146,1.0403245667049605
CRI,28,1.0245038796348924,1.0481606001335004,1.0403245667049605
CRI,29T30,1.02946428610311,1.0444570248987595,1.0403245667049605
CRI,31T33,1.051568643595156,1.0409564145358545,1.0403245667049605
CRI,35,1.0525926104961154,1.0329234008439085,1.0403245667049605
CRI,36T39,1.0387569394321898,1.0342559218443046,1.0403245667049605
CRI,41T43,1.0345310313595628,1.0535796833795255,1.0403245667049605
CRI,45T47,1.0144777831592018,1.0345292539682418,1.0403245667049605
CRI,49,1.000803142090436,1.036979899260112,1.0403245667049605
CRI,50,0.8466568586231003,1.0476097637113826,1.0403245667049605
CRI,51,1.142779643110571,1.0427592669807337,1.0403245667049605
CRI,52,1.001082900217175,1.0398976810303833,1.0403245667049605
CRI,53,1.0359513551187307,1.0341009740823899,1.0403245667049605
CRI,55T56,1.022079603261885,1.0434042665670016,1.0403245667049605
CRI,58T60,1.0062740206847325,1.039057768731146,1.0403245667049605
CRI,61,1.0221404000582073,1.0333306736507422,1.0403245667049605
CRI,62T63,1.0132078225073398,1.0313377763030427,1.0403245667049605
CRI,64T66,1.0262597678138208,1.0313311638029719,1.0403245667049605
CRI,68,1.0362660722022656,1.0332548002308437,1.0403245667049605
CRI,69T75,1.0172467355681938,1.0328557648157,1.0403245667049605
CRI,77T82,1.0215583560894108,1.032585500034085,1.0403245667049605
CRI,84,1.0384595896993347,1.0323342029819138,1.0403245667049605
CRI,85,1.0382746936593819,1.033168000947322,1.0403245667049605
CRI,86T88,1.0382965846410235,1.0339386627453215,1.0403245667049605
CRI,90T93,1.0174180529424162,1.0346563223309788,1.0403245667049605
CRI,94T98,1.033891981885575,1.0347194341298795,1.0403245667049605
CYP,01T02,1.084455995325904,1.0403106324505638,1.0354901308144233
CYP,03,1.0180927906442612,1.029277651282516,1.0354901308144233
CYP,05T06,0.8740759977902475,1.056212171044992,1.0354901308144233
CYP,07T08,0.8934963610482897,1.0718024984918757,1.0354901308144233
CYP,10T12,1.0427973920722016,1.0545625006968398,1.0354901308144233
CYP,13T15,1.0577496687971455,1.0312411082459685,1.0354901308144233
CYP,16,1.0606264384456565,1.0366152715445272,1.0354901308144233
CYP,17T18,1.0301423581295117,1.0360560302172088,1.0354901308144233
CYP,19,0.3452815096889746,1.026618469398139,1.0354901308144233
CYP,20,1.1352008202703132,1.041086053069829,1.0354901308144233
CYP,21,1.0425172357684267,1.0364237696163003,1.0354901308144233
CYP,22,1.0313702133360898,1.0544857131077656,1.0354901308144233
CYP,23,0.628352241438738,1.113604469411896,1.0354901308144233
CYP,24,1.2366000314754801,1.0587525305035372,1.0354901308144233
CYP,25,1.0236553829604098,1.0540043875994507,1.0354901308144233
CYP,26,0.9989970959573161,1.061705412457528,1.0354901308144233
CYP,27,1.0666285545163385,1.0370118526628997,1.0354901308144233
CYP,28,1.0428709468019746,1.0372268966863765,1.0354901308144233
CYP,29T30,1.0412003429551426,1.0368069098727999,1.0354901308144233
CYP,31T33,1.032000600404557,1.035691438256843,1.0354901308144233
CYP,35,0.7442951282747904,1.0417192718545991,1.0354901308144233
CYP,36T39,1.021766580408634,1.053496719398342,1.0354901308144233
CYP,41T43,1.0204957722010943,1.0500706984174806,1.0354901308144233
CYP,45T47,1.0117349679542593,1.0297786797902473,1.0354901308144233
CYP,49,0.9959037104912467,1.0314618995857843,1.0354901308144233
CYP,50,1.193306611185936,1.0237609383990245,1.0354901308144233
CYP,51,0.9120654484393362,1.0332075218331869,1.0354901308144233
CYP,52,1.0006419995248315,1.0292955756379618,1.0354901308144233
CYP,53,1.0002866402190629,1.028887048323754,1.0354901308144233
CYP,55T56,1.0173006682031032,1.0379523659574086,1.0354901308144233
CYP,58T60,1.0078819146243996,1.0236819371068488,1.0354901308144233
CYP,61,1.0062036846687745,1.0273973502808194,1.0354901308144233
CYP,62T63,0.9801928845138506,1.0175626472266546,1.0354901308144233
CYP,64T66,0.9868634645136318,1.01828064043213,1.0354901308144233
CYP,68,1.0253888133043731,1.0204507407882542,1.0354901308144233
CYP,69T75,1.013289163409495,1.0209221334634486,1.0354901308144233
CYP,77T82,1.0078188096974607,1.0228242124308438,1.0354901308144233
CYP,84,1.03238812674314,1.0249769633657115,1.0354901308144233
CYP,85,1.0321044512466873,1.0207833263562496,1.0354901308144233
CYP,86T88,1.0314699161420655,1.028141516245313,1.0354901308144233
CYP,90T93,1.0277963325594766,1.027744229024261,1.0354901308144233
CYP,94T98,1.0277261838111185,1.0246220539632462,1.0354901308144233
CZE,01T02,1.0076116449430015,1.0437102792298716,1.0417795862427135
CZE,03,0.9857020018628421,1.064160037213111,1.0417795862427135
CZE,05T06,0.7417199693181514,1.0396354015033904,1.0417795862427135
CZE,07T08,0.9424799611038869,1.0477803467559266,1.0417795862427135
CZE,10T12,1.028528371903796,1.0592194199132374,1.0417795862427135
CZE,13T15,0.9891238813222017,1.0441744081275595,1.0417795862427135
CZE,16,1.0062975217090466,1.05746444983103,1.0417795862427135
CZE,17T18,1.0014589614747207,1.047777373587436,1.0417795862427135
CZE,19,0.8756065614590355,1.0884150960547163,1.0417795862427135
CZE,20,0.9502839232309209,1.0541069279328024,1.0417795862427135
CZE,21,0.9838236833273182,1.033272291260315,1.0417795862427135
CZE,22,1.0649915853161203,1.0452202527706118,1.0417795862427135
CZE,23,0.914938158577905,1.0658564123057856,1.0417795862427135
CZE,24,0.943616857371497,1.0705589238116422,1.0417795862427135
CZE,25,1.0308352388788147,1.0461141342103226,1.0417795862427135
CZE,26,1.0198383743009143,1.0447910558436617,1.0417795862427135
CZE,27,1.0293283159597129,1.0469682388040111,1.0417795862427135
CZE,28,1.0131847617205765,1.0480392385515105,1.0417795862427135
CZE,29T30,1.02770376276908,1.039578190379888,1.0417795862427135
CZE,31T33,1.0418450896850726,1.0363322340720613,1.0417795862427135
CZE,35,0.7479439795282693,1.0853683955880018,1.0417795862427135
CZE,36T39,0.9964640735895685,1.0372622550432535,1.0417795862427135
CZE,41T43,1.027736251862239,1.0362648818428053,1.0417795862427135
CZE,45T47,1.0096211955676233,1.0263182917687743,1.0417795862427135
CZE,49,0.9734089675890979,1.0327726309387,1.0417795862427135
CZE,50,0.8947564725165351,1.0431527625829875,1.0417795862427135
CZE,51,1.0525540324714973,1.0475774741435302,1.0417795862427135
CZE,52,0.9935369346918346,1.0352549397351496,1.0417795862427135
CZE,53,1.0172870639083946,1.0243613363365682,1.0417795862427135
CZE,55T56,1.0306375725993135,1.0329286773679809,1.0417795862427135
CZE,58T60,1.0272978335049734,1.0231593090194377,1.0417795862427135
CZE,61,1.0249458897220345,1.02188920540457,1.0417795862427135
CZE,62T63,1.0249771492709625,1.0160916423242163,1.0417795862427135
CZE,64T66,1.016752074503482,1.0181633718009298,1.0417795862427135
CZE,68,1.0303605770390425,1.0304388788371581,1.0417795862427135
CZE,69T75,1.01453592912396,1.0247652850380327,1.0417795862427135
CZE,77T82,1.0117865136957893,1.0312675470307069,1.0417795862427135
CZE,84,1.0361975777333803,1.022959755509621,1.0417795862427135
CZE,85,1.0381749891795597,1.0209146746227125,1.0417795862427135
CZE,86T88,1.0393958122835605,1.0257845574055366,1.0417795862427135
CZE,90T93,1.0349898967462285,1.0279584750258712,1.0417795862427135
CZE,94T98,1.0326944070371533,1.0242617155508686,1.0417795862427135
DEU,01T02,0.954968960771017,1.0461723852489593,1.0372170478054121
DEU,03,1.016932758728643,1.0352421454629843,1.0372170478054121
DEU,05T06,0.8419621042127531,1.048719050714238,1.0372170478054121
DEU,07T08,1.0001141926880268,1.0341115276709127,1.0372170478054121
DEU,10T12,1.036796394539049,1.0591818052414823,1.0372170478054121
DEU,13T15,1.020104872525696,1.040117803948932,1.0372170478054121
DEU,16,1.0316542657302357,1.0577180970646622,1.0372170478054121
DEU,17T18,1.013568430716658,1.0436954022654363,1.0372170478054121
DEU,19,0.9732078586989487,1.059816812946624,1.0372170478054121
DEU,20,1.0438803998582897,1.046315176287144,1.0372170478054121
DEU,21,1.01999065019697,1.0352889241757974,1.0372170478054121
DEU,22,1.067649543410842,1.0442785733324798,1.0372170478054121
DEU,23,1.0214781551093841,1.0491444487441817,1.0372170478054121
DEU,24,1.0004257252754587,1.0696020811671085,1.0372170478054121
DEU,25,1.0519304379472834,1.0443434387070825,1.0372170478054121
DEU,26,1.0312445278135496,1.035605536358816,1.0372170478054121
DEU,27,1.0512177799386924,1.0391062910601714,1.0372170478054121
DEU,28,1.0363493376581614,1.0387026271205173,1.0372170478054121
DEU,29T30,1.0350079935678942,1.038160781510285,1.0372170478054121
DEU,31T33,1.0568264731965418,1.0385303844159681,1.0372170478054121
DEU,35,0.8976551804822989,1.0602825645509393,1.0372170478054121
DEU,36T39,1.0285771215109467,1.034322890443847,1.0372170478054121
DEU,41T43,1.0298941044031658,1.0396661762577104,1.0372170478054121
DEU,45T47,1.0173296287218923,1.0328819653198877,1.0372170478054121
DEU,49,1.0289558333690596,1.0365705873941433,1.0372170478054121
DEU,50,1.0843020346906282,1.0529350225333458,1.0372170478054121
DEU,51,0.924804711878555,1.0435207555884225,1.0372170478054121
DEU,52,1.015360807290455,1.0357752222085004,1.0372170478054121
DEU,53,1.0195276836883294,1.0351315008251831,1.0372170478054121
DEU,55T56,1.0278971836995867,1.038365492527306,1.0372170478054121
DEU,58T60,1.017663627338772,1.030870677934274,1.0372170478054121
DEU,61,1.0245548060939627,1.0318429111639909,1.0372170478054121
DEU,62T63,1.0145902528441149,1.0269858011871031,1.0372170478054121
DEU,64T66,1.0217033671033302,1.0287585848284075,1.0372170478054121
DEU,68,1.031104443006293,1.028513480633784,1.0372170478054121
DEU,69T75,1.0203598510475695,1.029369927745478,1.0372170478054121
DEU,77T82,1.0230865275080356,1.0321146261991971,1.0372170478054121
DEU,84,1.0302805815697356,1.0307732576093618,1.0372170478054121
DEU,85,1.034949266383777,1.0278627793750745,1.0372170478054121
DEU,86T88,1.035954809605838,1.0310846233506952,1.0372170478054121
DEU,90T93,1.0313550040823263,1.030378468861378,1.0372170478054121
DEU,94T98,1.0335035248893305,1.0301691993260114,1.0372170478054121
DNK,01T02,0.9554350511312608,1.0529191709500652,1.0328292952018314
DNK,03,0.9512496605001102,1.0355873382095913,1.0328292952018314
DNK,05T06,0.9441702191862751,1.0333239873786348,1.0328292952018314
DNK,07T08,0.977805399012386,1.0465486954058307,1.0328292952018314
DNK,10T12,1.0365794211223285,1.0567593055897286,1.0328292952018314
DNK,13T15,1.03536474201007,1.0370284876058025,1.0328292952018314
DNK,16,1.0814539552728077,1.0476541003454656,1.0328292952018314
DNK,17T18,1.055851050914725,1.0363352685107754,1.0328292952018314
DNK,19,0.9960368131365248,1.0568474939648247,1.0328292952018314
DNK,20,1.11872404050662,1.0383071716117853,1.0328292952018314
DNK,21,1.0598164181925562,1.029452498188714,1.0328292952018314
DNK,22,1.0875142512459226,1.039669871069337,1.0328292952018314
DNK,23,0.9901335406785431,1.046039080110116,1.0328292952018314
DNK,24,1.293982156857086,1.0545547279047598,1.0328292952018314
DNK,25,1.0520273440003338,1.0421098890763978,1.0328292952018314
DNK,26,1.0315054202252656,1.0334201476797207,1.0328292952018314
DNK,27,1.056591872186783,1.036078286565548,1.0328292952018314
DNK,28,1.033667453840056,1.037840430701488,1.0328292952018314
DNK,29T30,1.029054898698747,1.0386268276845538,1.0328292952018314
DNK,31T33,1.0731669512277502,1.0356799481957124,1.0328292952018314
DNK,35,0.9297312363030886,1.0401254003253049,1.0328292952018314
DNK,36T39,1.0288013623885193,1.0313170106703409,1.0328292952018314
DNK,41T43,1.0272046347398007,1.03816702354173,1.0328292952018314
DNK,45T47,1.0208651331283405,1.0298414739572328,1.0328292952018314
DNK,49,1.0005620634745602,1.0451285224567997,1.0328292952018314
DNK,50,0.9749673167359213,1.0400880868710667,1.0328292952018314
DNK,51,1.0103232671752536,1.0376394019961062,1.0328292952018314
DNK,52,1.002302147622117,1.0323129826725803,1.0328292952018314
DNK,53,1.0175113251981878,1.0323328204480464,1.0328292952018314
DNK,55T56,1.0273489700471528,1.0370093031728966,1.0328292952018314
DNK,58T60,1.0191465057963733,1.028307694230043,1.0328292952018314
DNK,61,1.0191338172969473,1.029829441359059,1.0328292952018314
DNK,62T63,1.0136153274480681,1.0278995856780335,1.0328292952018314
DNK,64T66,1.0194573752627423,1.0263577401766324,1.0328292952018314
DNK,68,1.0296729866958765,1.027787668543056,1.0328292952018314
DNK,69T75,1.0190075469180409,1.0284538846390125,1.0328292952018314
DNK,77T82,1.018708473947371,1.0346888957451885,1.0328292952018314
DNK,84,1.0310250465276254,1.0287427342114168,1.0328292952018314
DNK,85,1.0318866442757602,1.0279558782817781,1.0328292952018314
DNK,86T88,1.0324672618166253,1.0290736993093197,1.0328292952018314
DNK,90T93,1.0301179090659174,1.029722466271894,1.0328292952018314
DNK,94T98,1.0283252109475036,1.0286315974768043,1.0328292952018314
ESP,01T02,1.0725883878346705,1.0404500045648377,1.0353514236917933
ESP,03,0.9860584816594412,1.0371405146217532,1.0353514236917933
ESP,05T06,0.5174676289662915,1.0310492356751544,1.0353514236917933
ESP,07T08,0.9672506093159724,1.04581749572642,1.0353514236917933
ESP,10T12,1.0393298908048867,1.0616697850464858,1.0353514236917933
ESP,13T15,1.0351457883251651,1.0363800909164878,1.0353514236917933
ESP,16,1.036829561122737,1.0459549533069776,1.0353514236917933
ESP,17T18,1.0179007008681482,1.044126341595633,1.0353514236917933
ESP,19,0.9652804313498492,1.0746470499477083,1.0353514236917933
ESP,20,1.020646590123866,1.0530038734922795,1.0353514236917933
ESP,21,1.0002956832999401,1.0398149672420107,1.0353514236917933
ESP,22,1.0643855375920792,1.046301100046791,1.0353514236917933
ESP,23,0.9588508930062345,1.0564406324197027,1.0353514236917933
ESP,24,1.1265071645036975,1.0582942110187201,1.0353514236917933
ESP,25,1.030616413146745,1.051668496608844,1.0353514236917933
ESP,26,1.0286866492170665,1.0365566510602868,1.0353514236917933
ESP,27,1.0296354335224025,1.047824195951245,1.0353514236917933
ESP,28,1.022816041759185,1.0436877937565476,1.0353514236917933
ESP,29T30,1.0221847801993047,1.0430424136695944,1.0353514236917933
ESP,31T33,1.05237730866263,1.0367031410395613,1.0353514236917933
ESP,35,0.9423510820033594,1.0540793233896963,1.0353514236917933
ESP,36T39,1.0374054300432154,1.0370820306261637,1.0353514236917933
ESP,41T43,1.0293744713262238,1.0394775570552597,1.0353514236917933
ESP,45T47,1.0222606360832582,1.0315725602244639,1.0353514236917933
ESP,49,0.9912541663924919,1.0397218990279895,1.0353514236917933
ESP,50,0.5487019990155378,1.0373195726868154,1.0353514236917933
ESP,51,0.9075534160973625,1.0429913060268634,1.0353514236917933
ESP,52,1.0080623932186938,1.0373771703466317,1.0353514236917933
ESP,53,1.0138837145891912,1.0335176956054357,1.0353514236917933
ESP,55T56,1.0297233772754868,1.0363193890075308,1.0353514236917933
ESP,58T60,1.0151392479583787,1.0309627336800566,1.0353514236917933
ESP,61,1.0189118465717677,1.0343970778145108,1.0353514236917933
ESP,62T63,1.007113960136655,1.0305634072671839,1.0353514236917933
ESP,64T66,1.0221487307304686,1.027227540316557,1.0353514236917933
ESP,68,1.030782278063889,1.0259944767572247,1.0353514236917933
ESP,69T75,1.0181170199237135,1.030373885766229,1.0353514236917933
ESP,77T82,1.0153555474254838,1.0318708654883386,1.0353514236917933
ESP,84,1.0302078793957152,1.0296642157982794,1.0353514236917933
ESP,85,1.0318627298422818,1.0272715215993065,1.0353514236917933
ESP,86T88,1.0335095028652481,1.0302069676767383,1.0353514236917933
ESP,90T93,1.0299080313693654,1.0300258217209597,1.0353514236917933
ESP,94T98,1.0308465129288733,1.0278911795531467,1.0353514236917933
EST,01T02,0.7352944385023445,1.0655753459867174,1.0376108786630336
EST,03,1.0254439145487635,1.0185513707421754,1.0376108786630336
EST,05T06,0.4525779876746139,1.033025301227823,1.0376108786630336
EST,07T08,0.6531509456664891,1.0378568286379117,1.0376108786630336
EST,10T12,1.0055130068321265,1.0733491189510318,1.0376108786630336
EST,13T15,1.0606842900718383,1.0298049772636453,1.0376108786630336
EST,16,0.8481460647637772,1.0904051805763608,1.0376108786630336
EST,17T18,0.9526843920101385,1.0677031070420406,1.0376108786630336
EST,19,0.1780361482839814,1.0994571692389639,1.0376108786630336
EST,20,1.0503118305677164,1.0595312327748203,1.0376108786630336
EST,21,1.0712027794998547,1.021039480368849,1.0376108786630336
EST,22,1.0592079190373613,1.0428811977183226,1.0376108786630336
EST,23,0.9605959789085594,1.0547788973256456,1.0376108786630336
EST,24,1.1990373128084655,1.0817336155725066,1.0376108786630336
EST,25,1.0263806580545438,1.045638762609347,1.0376108786630336
EST,26,1.0317503002755797,1.02969066916187,1.0376108786630336
EST,27,1.063667144662903,1.0322021506627501,1.0376108786630336
EST,28,1.0279570280822319,1.0353409658165071,1.0376108786630336
EST,29T30,1.0500837126890197,1.027433480551076,1.0376108786630336
EST,31T33,1.0354620575932172,1.0365829095117112,1.0376108786630336
EST,35,0.6129624134231988,1.084461163087782,1.0376108786630336
EST,36T39,1.0360801303741582,1.0419709573410778,1.0376108786630336
EST,41T43,1.0246615842944087,1.034443579574399,1.0376108786630336
EST,45T47,1.0113597971110317,1.0115368340576034,1.0376108786630336
EST,49,0.9827809643798995,1.014770175178512,1.0376108786630336
EST,50,0.9521187749762096,1.0214990445579741,1.0376108786630336
EST,51,1.184655001781591,1.038931067796511,1.0376108786630336
EST,52,0.987592487787626,1.0281586513864178,1.0376108786630336
EST,53,1.0393886776097292,1.0127488493460561,1.0376108786630336
EST,55T56,1.0330641592683112,1.0299106611834394,1.0376108786630336
EST,58T60,1.041959026310797,1.0114414148437514,1.0376108786630336
EST,61,1.040107521865092,1.004903692783523,1.0376108786630336
EST,62T63,1.0432344677410752,0.999795743105603,1.0376108786630336
EST,64T66,1.0270579406835512,0.9981724649709377,1.0376108786630336
EST,68,1.0257645315426978,1.0070176702746205,1.0376108786630336
EST,69T75,1.0241913868789039,1.0066086189845977,1.0376108786630336
EST,77T82,1.0152663181026256,1.0079284115940583,1.0376108786630336
EST,84,1.0346299343472352,1.0051405819645538,1.0376108786630336
EST,85,1.0354868065621543,1.0087580045595137,1.0376108786630336
EST,86T88,1.0363454021169065,1.0076765102532772,1.0376108786630336
EST,90T93,1.0330264599015568,1.017987789965821,1.0376108786630336
EST,94T98,1.0260383252422753,1.0225808976571102,1.0376108786630336
FIN,01T02,0.9310278998765249,1.0430935484888195,1.0321868615928904
FIN,03,0.9644573944977851,1.031515095298851,1.0321868615928904
FIN,05T06,0.38751748492139293,1.047368987392421,1.0321868615928904
FIN,07T08,1.0162821558887574,1.0462798565415896,1.0321868615928904
FIN,10T12,1.0317175165068133,1.0582234633429746,1.0321868615928904
FIN,13T15,1.048736320467772,1.0331630429692993,1.0321868615928904
FIN,16,0.9913139659870653,1.077671028446357,1.0321868615928904
FIN,17T18,0.957673460176933,1.0597513307892106,1.0321868615928904
FIN,19,0.9886650264243078,1.0487896016556293,1.0321868615928904
FIN,20,1.0044860862984748,1.0508197300519166,1.0321868615928904
FIN,21,1.0397696302187474,1.0233170456258163,1.0321868615928904
FIN,22,1.0596048987518323,1.044956913522431,1.0321868615928904
FIN,23,1.0360405318817076,1.0455235047215519,1.0321868615928904
FIN,24,1.1209133617104765,1.0619942210176458,1.0321868615928904
FIN,25,1.0497206003361716,1.045017346116943,1.0321868615928904
FIN,26,1.0343092293577243,1.02628219166533,1.0321868615928904
FIN,27,1.054281052061329,1.0370934392298852,1.0321868615928904
FIN,28,1.03580035495563,1.0327081937397438,1.0321868615928904
FIN,29T30,1.0346824102211787,1.0371165423913145,1.0321868615928904
FIN,31T33,1.0429547916130764,1.030956838698909,1.0321868615928904
FIN,35,0.912295276038644,1.0585896579020397,1.0321868615928904
FIN,36T39,1.0421044469013818,1.0309992910199561,1.0321868615928904
FIN,41T43,1.0247920884313868,1.0373393093064258,1.0321868615928904
FIN,45T47,1.0148254223209676,1.026625387070255,1.0321868615928904
FIN,49,1.0114010544607452,1.0303214491329091,1.0321868615928904
FIN,50,0.9395644595042207,1.033553781040641,1.0321868615928904
FIN,51,0.9542698397997026,1.0348822375770657,1.0321868615928904
FIN,52,1.005904352740557,1.0337945455808009,1.0321868615928904
FIN,53,1.0176847578085413,1.028548569699038,1.0321868615928904
FIN,55T56,1.0242542463236601,1.034128212949192,1.0321868615928904
FIN,58T60,1.0131883062428142,1.0266854859500971,1.0321868615928904
FIN,61,1.022119138037424,1.0238885755725988,1.0321868615928904
FIN,62T63,1.0081314780327706,1.0230131850290007,1.0321868615928904
FIN,64T66,1.0166800255282642,1.0236221272501895,1.0321868615928904
FIN,68,1.0275605802324101,1.0239716331056858,1.0321868615928904
FIN,69T75,1.0149155700927235,1.0244541858167835,1.0321868615928904
FIN,77T82,1.016800997908785,1.0265798525336784,1.0321868615928904
FIN,84,1.0277641693792292,1.0269871591039366,1.0321868615928904
FIN,85,1.0312565461151872,1.0235241248724103,1.0321868615928904
FIN,86T88,1.0312558545032626,1.0246599220594401,1.0321868615928904
FIN,90T93,1.0271076903003935,1.0315515861079647,1.0321868615928904
FIN,94T98,1.027359425197828,1.0319663439117648,1.0321868615928904
FRA,01T02,0.9914731210099894,1.049094841943485,1.0315912733491157
FRA,03,0.980905712067268,1.038589073530835,1.0315912733491157
FRA,05T06,0.2592348055702395,1.027860692409117,1.0315912733491157
FRA,07T08,0.9877041694868763,1.0415048954023163,1.0315912733491157
FRA,10T12,1.0381143156559611,1.0536772839883928,1.0315912733491157
FRA,13T15,1.0372818059121194,1.0352078247804783,1.0315912733491157
FRA,16,1.0350737318246144,1.0516622073369215,1.0315912733491157
FRA,17T18,1.0301106017153987,1.036573065785328,1.0315912733491157
FRA,19,1.020924168114972,1.0587891734750206,1.0315912733491157
FRA,20,1.05356009709891,1.04173391465997,1.0315912733491157
FRA,21,1.022812186373343,1.033593938790325,1.0315912733491157
FRA,22,1.0775514171373088,1.0403565867283864,1.0315912733491157
FRA,23,1.0128283234563293,1.044863595467133,1.0315912733491157
FRA,24,0.9401136989278339,1.052297519996347,1.0315912733491157
FRA,25,1.0464112007908541,1.0433061433911794,1.0315912733491157
FRA,26,1.031240900799833,1.0344078320359928,1.0315912733491157
FRA,27,1.0508343084158303,1.0405341602581482,1.0315912733491157
FRA,28,1.0329216357149755,1.0391020720718864,1.0315912733491157
FRA,29T30,1.03495244536089,1.0376027881168635,1.0315912733491157
FRA,31T33,1.0604451977715532,1.0367115757305196,1.0315912733491157
FRA,35,1.0106699832852495,1.0473107325565978,1.0315912733491157
FRA,36T39,1.0215065751314256,1.033882415428348,1.0315912733491157
FRA,41T43,1.0292259683935934,1.0380312398850169,1.0315912733491157
FRA,45T47,1.0205814073490795,1.0300528023463942,1.0315912733491157
FRA,49,1.0282763986538286,1.032284055553436,1.0315912733491157
FRA,50,1.02964098034234,1.0430251736485274,1.0315912733491157
FRA,51,0.9672405116726552,1.0395919926413988,1.0315912733491157
FRA,52,1.0226880195456411,1.0299387440285916,1.0315912733491157
FRA,53,1.0240567968497736,1.0280459389942498,1.0315912733491157
FRA,55T56,1.0287572861617393,1.0353360357500787,1.0315912733491157
FRA,58T60,1.015456709917513,1.031964029883431,1.0315912733491157
FRA,61,1.01945369914468,1.0297872424869408,1.0315912733491157
FRA,62T63,1.02064214703344,1.0276610574337675,1.0315912733491157
FRA,64T66,1.0192766583826054,1.0279268217856856,1.0315912733491157
FRA,68,1.0283462699381705,1.0266071766440579,1.0315912733491157
FRA,69T75,1.0213415918318447,1.0288550190514647,1.0315912733491157
FRA,77T82,1.0207996773656247,1.0286351538245997,1.0315912733491157
FRA,84,1.02953231612802,1.028406607041907,1.0315912733491157
FRA,85,1.0292796186146387,1.0279426211109395,1.0315912733491157
FRA,86T88,1.030524019025493,1.028207651060303,1.0315912733491157
FRA,90T93,1.0277550950364893,1.030944635115248,1.0315912733491157
FRA,94T98,1.0283948593641674,1.0292180061619776,1.0315912733491157
GBR,01T02,0.9554479934649894,1.0507900167036286,1.0287248813006566
GBR,03,0.9954497382815355,1.0371910587360584,1.0287248813006566
GBR,05T06,0.9172652399800926,1.0319530858433668,1.0287248813006566
GBR,07T08,1.0246744721733405,1.042094420772124,1.0287248813006566
GBR,10T12,1.0429281440263867,1.0518907527196188,1.0287248813006566
GBR,13T15,1.0468270738437988,1.0281298855005891,1.0287248813006566
GBR,16,1.0575899803641051,1.0477675834267424,1.0287248813006566
GBR,17T18,1.0336243237464875,1.0355007362438022,1.0287248813006566
GBR,19,0.9600901392594157,1.0584061016394728,1.0287248813006566
GBR,20,1.0300592090993197,1.041167144440401,1.0287248813006566
GBR,21,1.038086033986967,1.029304368732155,1.0287248813006566
GBR,22,1.051385614731579,1.0401366698121015,1.0287248813006566
GBR,23,1.0254758672940907,1.0391043882106397,1.0287248813006566
GBR,24,1.0078981856992695,1.0519043782280968,1.0287248813006566
GBR,25,1.051526427159298,1.0366670282359614,1.0287248813006566
GBR,26,1.0275559823200013,1.0286780005471639,1.0287248813006566
GBR,27,1.050519860331559,1.0356856182511096,1.0287248813006566
GBR,28,1.0295166354782757,1.034563723330591,1.0287248813006566
GBR,29T30,1.0336363156998782,1.0365194175512418,1.0287248813006566
GBR,31T33,1.0424816597996267,1.0318170709733199,1.0287248813006566
GBR,35,0.9654490391994617,1.0669031193066467,1.0287248813006566
GBR,36T39,1.0235935493662813,1.0268425547653575,1.0287248813006566
GBR,41T43,1.0250644687902764,1.0309628531107464,1.0287248813006566
GBR,45T47,1.0201859792614307,1.0266474409327744,1.0287248813006566
GBR,49,1.013993661504542,1.0293336457065385,1.0287248813006566
GBR,50,1.0615584988141722,1.031766853934118,1.0287248813006566
GBR,51,0.8833041511166858,1.0459434969756174,1.0287248813006566
GBR,52,1.0170894242381872,1.0309352449096594,1.0287248813006566
GBR,53,1.018359931921346,1.0256060891693253,1.0287248813006566
GBR,55T56,1.0281574639348185,1.0298915671369724,1.0287248813006566
GBR,58T60,1.0218808528736882,1.0251753844380165,1.0287248813006566
GBR,61,1.0200057094933104,1.023573125252052,1.0287248813006566
GBR,62T63,1.017527820466756,1.0235402050837459,1.0287248813006566
GBR,64T66,1.0110217017987462,1.0246872416117616,1.0287248813006566
GBR,68,1.026552430099196,1.0223992010353466,1.0287248813006566
GBR,69T75,1.0157580738065228,1.0246777320857563,1.0287248813006566
GBR,77T82,1.0165026160487831,1.0272032441459251,1.0287248813006566
GBR,84,1.0266158258067266,1.0254072061618853,1.0287248813006566
GBR,85,1.0259737450844777,1.0239154783240798,1.0287248813006566
GBR,86T88,1.027572397285816,1.025485538120578,1.0287248813006566
GBR,90T93,1.0253543633633608,1.0258643959859353,1.0287248813006566
GBR,94T98,1.0269295359462718,1.0235886014116713,1.0287248813006566
GRC,01T02,1.086682538293772,1.0396767361785884,1.0370934301374508
GRC,03,1.0357391312566309,1.0205843550048914,1.0370934301374508
GRC,05T06,0.34230516974485015,1.0327846488902346,1.0370934301374508
GRC,07T08,0.962173094746052,1.038819703073419,1.0370934301374508
GRC,10T12,1.0467115383928207,1.0529061259644137,1.0370934301374508
GRC,13T15,1.0104458589351624,1.0397793834368523,1.0370934301374508
GRC,16,1.07162034523724,1.0441869551070295,1.0370934301374508
GRC,17T18,1.0407338497550347,1.0346695240767054,1.0370934301374508
GRC,19,0.9256476534524095,1.0701296193747554,1.0370934301374508
GRC,20,1.0486541912132514,1.0397006399476665,1.0370934301374508
GRC,21,1.0467638146732001,1.0313064995912746,1.0370934301374508
GRC,22,1.0555995868074928,1.0450417507211995,1.0370934301374508
GRC,23,0.6906150587859857,1.079754340085129,1.0370934301374508
GRC,24,0.9794287608803719,1.0978069043616945,1.0370934301374508
GRC,25,1.016350115534612,1.0528004685355095,1.0370934301374508
GRC,26,1.0333135613413724,1.0337934000542968,1.0370934301374508
GRC,27,0.9881970988935199,1.069881356861269,1.0370934301374508
GRC,28,1.024794833528406,1.0434886454674206,1.0370934301374508
GRC,29T30,1.027759225430299,1.0352342904988152,1.0370934301374508
GRC,31T33,1.0586062104832918,1.0372296757161836,1.0370934301374508
GRC,35,0.8282628393848772,1.0776692243235966,1.0370934301374508
GRC,36T39,1.0308791369480461,1.068853211242285,1.0370934301374508
GRC,41T43,1.0296521332262212,1.0601684194376697,1.0370934301374508
GRC,45T47,1.0171188161512774,1.0223748654831366,1.0370934301374508
GRC,49,1.0238772003634315,1.030777930686017,1.0370934301374508
GRC,50,0.7692089578211792,1.0867116640479544,1.0370934301374508
GRC,51,1.0466272855139374,1.0379742549280748,1.0370934301374508
GRC,52,0.9837784535704952,1.0348052905015088,1.0370934301374508
GRC,53,1.0122931645244375,1.0267273002422734,1.0370934301374508
GRC,55T56,1.0318194771386824,1.0328174210756047,1.0370934301374508
GRC,58T60,1.0208665590662485,1.0266694214879062,1.0370934301374508
GRC,61,1.0299314790570677,1.0217217627698794,1.0370934301374508
GRC,62T63,1.023780642232393,1.0197057728528955,1.0370934301374508
GRC,64T66,1.023908411062756,1.0143928218441152,1.0370934301374508
GRC,68,1.0271502797549223,1.0145660006938804,1.0370934301374508
GRC,69T75,1.0145127085016417,1.0191526396298454,1.0370934301374508
GRC,77T82,1.0245055432691352,1.024292967039022,1.0370934301374508
GRC,84,1.0342631020847468,1.0174042008802837,1.0370934301374508
GRC,85,1.0354953051389244,1.0158704531406852,1.0370934301374508
GRC,86T88,1.0356027751439065,1.022627001046111,1.0370934301374508
GRC,90T93,1.031955334364411,1.0240588021612218,1.0370934301374508
GRC,94T98,1.030668152418309,1.0273620662288414,1.0370934301374508
HRV,01T02,0.9563165718001551,1.0482375826882027,1.041326421213028
HRV,03,1.0030576082745468,1.0482667342558027,1.041326421213028
HRV,05T06,0.6309276239658524,1.0751094740527187,1.041326421213028
HRV,07T08,0.9896314765827705,1.0471890673632236,1.041326421213028
HRV,10T12,1.0368414651441822,1.0545612241941653,1.041326421213028
HRV,13T15,1.022408314128791,1.0387283012263404,1.041326421213028
HRV,16,1.043476274917027,1.0488332919187096,1.041326421213028
HRV,17T18,1.0097741766250066,1.0420380073752644,1.041326421213028
HRV,19,0.9809529791629936,1.0624429156514998,1.041326421213028
HRV,20,0.5647970833715511,1.058282336463679,1.041326421213028
HRV,21,0.9985592218392252,1.036332794539215,1.041326421213028
HRV,22,1.053518069271111,1.047035964495028,1.041326421213028
HRV,23,0.808959486620851,1.0455891293957575,1.041326421213028
HRV,24,1.1331587326318542,1.0527803365241855,1.041326421213028
HRV,25,1.0470691772456666,1.037749853795722,1.041326421213028
HRV,26,1.039306231249993,1.026181201360756,1.041326421213028
HRV,27,1.0478232338841267,1.0387458654430863,1.041326421213028
HRV,28,1.0389434724536335,1.0353361154161398,1.041326421213028
HRV,29T30,1.0274272779688605,1.037572303955435,1.041326421213028
HRV,31T33,1.051697697360916,1.0452795648199147,1.041326421213028
HRV,35,1.0053053040278241,1.037069158531178,1.041326421213028
HRV,36T39,1.0246142039779238,1.0347075975320252,1.041326421213028
HRV,41T43,1.0212851302648265,1.0486276071463503,1.041326421213028
HRV,45T47,1.0156489700406863,1.0329523854799698,1.041326421213028
HRV,49,1.0081260342805352,1.0314615142608312,1.041326421213028
HRV,50,0.7262976061611229,1.0536860202697864,1.041326421213028
HRV,51,1.1542987725961962,1.0324191427784002,1.041326421213028
HRV,52,1.0157563725608245,1.0386650924018546,1.041326421213028
HRV,53,1.0201013832906467,1.0284899073684541,1.041326421213028
HRV,55T56,1.0343138281955044,1.0330323272706012,1.041326421213028
HRV,58T60,1.0155774296821365,1.026896344802236,1.041326421213028
HRV,61,1.0289987809241443,1.0257139267291837,1.041326421213028
HRV,62T63,1.0150804713193007,1.024637776184541,1.041326421213028
HRV,64T66,1.018299738198639,1.02203697495137,1.041326421213028
HRV,68,1.0339294382758917,1.0316563649560988,1.041326421213028
HRV,69T75,1.0125327687042374,1.0287842548399284,1.041326421213028
HRV,77T82,1.022144288325303,1.0309685773636432,1.041326421213028
HRV,84,1.0362649517975988,1.0280761985549942,1.041326421213028
HRV,85,1.0363166210012873,1.0233462834055627,1.041326421213028
HRV,86T88,1.0373735146429113,1.0296230860692508,1.041326421213028
HRV,90T93,1.0324521214217766,1.0303788250714876,1.041326421213028
HRV,94T98,1.0290143738257387,1.0296488241338069,1.041326421213028
HUN,01T02,0.8947208286571193,1.053374283562675,1.0367650120683602
HUN,03,1.0013166674264242,1.0428138822575819,1.0367650120683602
HUN,05T06,0.45164292851098276,1.0575187219309077,1.0367650120683602
HUN,07T08,0.9625067356879703,1.0694068068591507,1.0367650120683602
HUN,10T12,0.9995002683249314,1.0719434148803275,1.0367650120683602
HUN,13T15,1.0413517597386646,1.0334067387511057,1.0367650120683602
HUN,16,1.0141121058266498,1.0527866635706047,1.0367650120683602
HUN,17T18,1.004770264591196,1.0384786437577866,1.0367650120683602
HUN,19,0.9914412031330488,1.0587870208557777,1.0367650120683602
HUN,20,0.8846958789909343,1.053008034330381,1.0367650120683602
HUN,21,1.002181831094923,1.0308385784042746,1.0367650120683602
HUN,22,1.0679109127818232,1.0468344864651054,1.0367650120683602
HUN,23,0.9802722373739124,1.0561177476338657,1.0367650120683602
HUN,24,1.0874485879102913,1.0615655670871926,1.0367650120683602
HUN,25,1.0356916098008428,1.0467115413631667,1.0367650120683602
HUN,26,1.0314811808441509,1.0332263866834632,1.0367650120683602
HUN,27,1.0357196702950606,1.044742714610916,1.0367650120683602
HUN,28,1.0300486663391548,1.038563302559576,1.0367650120683602
HUN,29T30,1.037074727919424,1.0366531264635999,1.0367650120683602
HUN,31T33,1.0636929768428451,1.0315789606582242,1.0367650120683602
HUN,35,0.7623405934940302,1.0422778731908688,1.0367650120683602
HUN,36T39,1.0218093092762839,1.031362748191936,1.0367650120683602
HUN,41T43,1.0276242651673406,1.0408906654704957,1.0367650120683602
HUN,45T47,1.0058064991573865,1.028587669836811,1.0367650120683602
HUN,49,0.9831407956007169,1.0300747229456477,1.0367650120683602
HUN,50,0.7874178868525658,1.0380836251813903,1.0367650120683602
HUN,51,0.8999217493232299,1.0379640648500554,1.0367650120683602
HUN,52,1.0061199879558334,1.025353259159382,1.0367650120683602
HUN,53,1.0241260527602538,1.0218373944660395,1.0367650120683602
HUN,55T56,1.027810376759237,1.0373485063832757,1.0367650120683602
HUN,58T60,1.0258992326573122,1.0223326246815065,1.0367650120683602
HUN,61,1.0295548244994608,1.018733074671503,1.0367650120683602
HUN,62T63,1.0223807806266654,1.01655452317842,1.0367650120683602
HUN,64T66,1.0188877482096483,1.016377203996284,1.0367650120683602
HUN,68,1.0273351540967446,1.0191863815822049,1.0367650120683602
HUN,69T75,1.0182754429158307,1.0206534885908147,1.0367650120683602
HUN,77T82,1.012348547585131,1.0239749255016235,1.0367650120683602
HUN,84,1.032653803735134,1.0190126808320192,1.0367650120683602
HUN,85,1.0340189964682078,1.0178992986415836,1.0367650120683602
HUN,86T88,1.03382443149932,1.0228865361645332,1.0367650120683602
HUN,90T93,1.0308847106446313,1.0255172670636281,1.0367650120683602
HUN,94T98,1.0271601154523557,1.0216249471823946,1.0367650120683602
IDN,01T02,0.5618739229586736,1.0006874206722953,1.0565159676725058
IDN,03,1.0439307221945082,0.9607014016345098,1.0565159676725058
IDN,05T06,0.762988862085235,1.0081336575945725,1.0565159676725058
IDN,07T08,1.016289424607742,0.9799027401096109,1.0565159676725058
IDN,10T12,0.9712647079176215,1.1612752155187105,1.0565159676725058
IDN,13T15,1.1377746199620733,0.9987779321497664,1.0565159676725058
IDN,16,0.9109767254129372,1.1264622556327804,1.0565159676725058
IDN,17T18,0.9902194959796298,1.0291704302864189,1.0565159676725058
IDN,19,0.9276872181733368,1.0574943534333656,1.0565159676725058
IDN,20,0.8462002090510264,1.050686770427179,1.0565159676725058
IDN,21,0.9773063043821009,1.0558220303017671,1.0565159676725058
IDN,22,0.8266934589342126,1.1369182017487218,1.0565159676725058
IDN,23,0.7011125722969265,1.0569641940848233,1.0565159676725058
IDN,24,1.1471593344192497,1.0086654826172685,1.0565159676725058
IDN,25,1.0376983991794915,1.036345744106895,1.0565159676725058
IDN,26,1.050094320228226,1.0249541396611375,1.0565159676725058
IDN,27,1.0760455634771668,1.0251476592050122,1.0565159676725058
IDN,28,1.031897669667402,1.0395451939864293,1.0565159676725058
IDN,29T30,1.0948061437040013,0.9950017052854699,1.0565159676725058
IDN,31T33,0.8765771825032656,1.0295622071177584,1.0565159676725058
IDN,35,0.6286091846697422,1.2344086036591184,1.0565159676725058
IDN,36T39,1.036116427910105,1.0104482191986426,1.0565159676725058
IDN,41T43,1.0406056636291068,1.0300417038008918,1.0565159676725058
IDN,45T47,1.0214784223394506,0.9795725089676525,1.0565159676725058
IDN,49,0.964057816952233,0.9845690107150217,1.0565159676725058
IDN,50,0.7585473154758646,1.0177099936953986,1.0565159676725058
IDN,51,1.0319029967945081,0.9964891742318783,1.0565159676725058
IDN,52,1.0072332570666778,0.9963023994740767,1.0565159676725058
IDN,53,1.0313388828992505,0.9986909744966472,1.0565159676725058
IDN,55T56,1.0444854062132052,1.0546984321339479,1.0565159676725058
IDN,58T60,1.0341742744212525,1.0014834162654183,1.0565159676725058
IDN,61,1.0342397895508926,0.9715311122033655,1.0565159676725058
IDN,62T63,1.0313106576633186,1.0045153735470078,1.0565159676725058
IDN,64T66,0.9973206203894494,0.9581810745757292,1.0565159676725058
IDN,68,1.045683203899938,0.9645738542806294,1.0565159676725058
IDN,69T75,1.148247344232793,0.9706952773988882,1.0565159676725058
IDN,77T82,1.0064455599040751,0.96925095909556,1.0565159676725058
IDN,84,1.0480312040477082,0.9916761051636687,1.0565159676725058
IDN,85,1.0548852859594877,0.9740550025912783,1.0565159676725058
IDN,86T88,1.0504276957659247,1.0106405858833554,1.0565159676725058
IDN,90T93,1.0585610446725886,0.9887680454558831,1.0565159676725058
IDN,94T98,1.0485176031249865,0.9735368332743679,1.0565159676725058
IND,01T02,0.9229761294337935,1.00741462161083,1.056764953429886
IND,03,1.0539831117153435,0.9889167930261817,1.056764953429886
IND,05T06,0.7470655374865073,1.0152333100104425,1.056764953429886
IND,07T08,0.6808055839681247,1.0350259784056166,1.056764953429886
IND,10T12,1.0496013809604152,1.077968851735691,1.056764953429886
IND,13T15,1.0132114714436857,1.0467394484756203,1.056764953429886
IND,16,1.003378505872247,1.0368299632007831,1.056764953429886
IND,17T18,0.9765874074569498,1.0456632238826997,1.056764953429886
IND,19,0.9052751753229871,1.051992674773766,1.056764953429886
IND,20,0.9425934549873868,1.049594724561968,1.056764953429886
IND,21,1.0228792357698115,1.0177684110163077,1.056764953429886
IND,22,0.8417115784693114,1.0576194777944459,1.056764953429886
IND,23,0.8031686739609635,1.0591637112224235,1.056764953429886
IND,24,0.5658651784077514,1.0933084710679701,1.056764953429886
IND,25,0.9392800588995857,1.0881789327551938,1.056764953429886
IND,26,0.9958001773700754,1.0812732394775022,1.056764953429886
IND,27,0.9734386144152509,1.1174491127353303,1.056764953429886
IND,28,0.9863328948039382,1.086451354443479,1.056764953429886
IND,29T30,1.0072361899100009,1.1061893998575294,1.056764953429886
IND,31T33,0.7242601107224766,1.0665710184705597,1.056764953429886
IND,35,0.6117803350767733,1.0341151597229667,1.056764953429886
IND,36T39,0.9697034707006135,1.028362379611905,1.056764953429886
IND,41T43,1.0438438923817805,1.0707362959455984,1.056764953429886
IND,45T47,1.0013724110432498,0.9995239604963642,1.056764953429886
IND,49,0.9615623681028447,1.0243986038531359,1.056764953429886
IND,50,0.8097557017442407,1.038305588680815,1.056764953429886
IND,51,0.8730274271394519,1.0653263118807597,1.056764953429886
IND,52,0.9438620824685227,1.0411012536901685,1.056764953429886
IND,53,0.9709245225757744,1.0078565967783548,1.056764953429886
IND,55T56,1.0136266620972987,1.0652628609925403,1.056764953429886
IND,58T60,1.0091098147229078,1.0297509445560633,1.056764953429886
IND,61,0.9905020831273398,1.0695446556588741,1.056764953429886
IND,62T63,1.064223249734744,0.9948884153766495,1.056764953429886
IND,64T66,1.0089237729422023,1.017367294491407,1.056764953429886
IND,68,1.0493374423378825,0.9902161256367065,1.056764953429886
IND,69T75,0.9829019761756703,1.0164430421374586,1.056764953429886
IND,77T82,0.978568811497025,1.009450921065954,1.056764953429886
IND,84,1.0554071148541622,1.0056201739484678,1.056764953429886
IND,85,1.0529175211299682,0.9909532314162114,1.056764953429886
IND,86T88,1.0554150742609658,1.000435149898998,1.056764953429886
IND,90T93,1.0512380592217925,1.010495091787531,1.056764953429886
IND,94T98,1.0485143164669373,1.0242360000426143,1.056764953429886
IRL,01T02,0.6955767486572614,1.0561992166654997,1.0331510229352296
IRL,03,0.9794627926790459,1.0540498821544575,1.0331510229352296
IRL,05T06,0.3803907859856314,1.0598373815197801,1.0331510229352296
IRL,07T08,0.9769078881134013,1.0589619707896765,1.0331510229352296
IRL,10T12,1.0363514648947054,1.05745160131779,1.0331510229352296
IRL,13T15,1.002121126470374,1.0314747057899651,1.0331510229352296
IRL,16,0.9954285807454651,1.0657288243836587,1.0331510229352296
IRL,17T18,1.0578564750798434,1.031260302342571,1.0331510229352296
IRL,19,1.117583971196592,1.0360571398987988,1.0331510229352296
IRL,20,1.1227511442273648,1.0343715916504124,1.0331510229352296
IRL,21,1.059371354655184,1.0286418250810867,1.0331510229352296
IRL,22,1.114112135928387,1.0356372733277595,1.0331510229352296
IRL,23,0.9319796969318174,1.0469733058276076,1.0331510229352296
IRL,24,1.0161414875622774,1.0458353437968813,1.0331510229352296
IRL,25,1.0775431417381052,1.0352101774322253,1.0331510229352296
IRL,26,1.0147361066151421,1.032707302675574,1.0331510229352296
IRL,27,1.0536058842689497,1.037959160689932,1.0331510229352296
IRL,28,1.0244572029400119,1.03314443866274,1.0331510229352296
IRL,29T30,1.0292270134841095,1.0383371384329076,1.0331510229352296
IRL,31T33,1.0968184455837895,1.0301153021986138,1.0331510229352296
IRL,35,0.927374801119389,1.034668267353322,1.0331510229352296
IRL,36T39,1.0269034177500922,1.0321642508111926,1.0331510229352296
IRL,41T43,1.0255322810152858,1.040484806275086,1.0331510229352296
IRL,45T47,1.003984371892576,1.0302671983732135,1.0331510229352296
IRL,49,1.0371233045016168,1.0310142882811741,1.0331510229352296
IRL,50,0.9781015911194718,1.0515817945040697,1.0331510229352296
IRL,51,0.5140178250921527,1.0373501231104725,1.0331510229352296
IRL,52,1.0033061544898196,1.032363581053373,1.0331510229352296
IRL,53,1.0117391904829132,1.0287837267388187,1.0331510229352296
IRL,55T56,1.0303795919664565,1.0312922276285152,1.0331510229352296
IRL,58T60,1.0160630888111253,1.0276436642286182,1.0331510229352296
IRL,61,1.0114962322357608,1.028888426208494,1.0331510229352296
IRL,62T63,1.0029385472218653,1.0290564661887378,1.0331510229352296
IRL,64T66,0.9962372232447636,1.0270207374428266,1.0331510229352296
IRL,68,1.0155384538450418,1.0266521799887125,1.0331510229352296
IRL,69T75,1.0048783689615737,1.0282392807325509,1.0331510229352296
IRL,77T82,1.00193396244792,1.0289099019887917,1.0331510229352296
IRL,84,1.0303193172188634,1.029792495589974,1.0331510229352296
IRL,85,1.0294492743885104,1.0274338070214581,1.0331510229352296
IRL,86T88,1.0311325736450683,1.0281164997637995,1.0331510229352296
IRL,90T93,1.0228805189185093,1.0305125344398665,1.0331510229352296
IRL,94T98,1.0214665994759624,1.0291345201581625,1.0331510229352296
ISL,01T02,0.9475177776945112,1.0419093818551992,1.0281133561564861
ISL,03,0.9667231645500357,1.029483851564434,1.0281133561564861
ISL,05T06,1.008971140868125,1.032855020201542,1.0281133561564861
ISL,07T08,1.0063000494744805,1.030920444609241,1.0281133561564861
ISL,10T12,1.071631051081476,1.0473720452136026,1.0281133561564861
ISL,13T15,1.0426873411305284,1.0332585015370876,1.0281133561564861
ISL,16,1.1225222071878327,1.0419259829912628,1.0281133561564861
ISL,17T18,1.0611156251827465,1.030475484319792,1.0281133561564861
ISL,19,1.0814015897811065,1.0252380933770155,1.0281133561564861
ISL,20,1.1034597353222053,1.0386622425945033,1.0281133561564861
ISL,21,0.9861377938150792,1.0526414231260595,1.0281133561564861
ISL,22,1.087017461683367,1.0379551918997483,1.0281133561564861
ISL,23,1.0869038704334497,1.0338712928544904,1.0281133561564861
ISL,24,0.9237715738247451,1.0550503979422952,1.0281133561564861
ISL,25,1.0452864761058334,1.038258171667281,1.0281133561564861
ISL,26,1.0324304319147626,1.0335594134927204,1.0281133561564861
ISL,27,1.0070540364221177,1.0375246455523128,1.0281133561564861
ISL,28,1.0290566462849582,1.032988693184835,1.0281133561564861
ISL,29T30,1.0239047578422849,1.0338848498075535,1.0281133561564861
ISL,31T33,1.050474718997181,1.0325681569146075,1.0281133561564861
ISL,35,1.0054081742323875,1.0259240721949805,1.0281133561564861
ISL,36T39,1.0003522792005313,1.0285354891795784,1.0281133561564861
ISL,41T43,1.0258873176979637,1.0337107871102995,1.0281133561564861
ISL,45T47,1.0127966969599935,1.0336920317809768,1.0281133561564861
ISL,49,1.0185361391966945,1.0322118947859542,1.0281133561564861
ISL,50,0.9583235029834294,1.0411253328941787,1.0281133561564861
ISL,51,0.9621875039900556,1.0453766730640779,1.0281133561564861
ISL,52,1.000851089024185,1.0280965744473258,1.0281133561564861
ISL,53,1.017183161688388,1.0252302966717992,1.0281133561564861
ISL,55T56,1.03912920726644,1.0293611953457615,1.0281133561564861
ISL,58T60,1.0132338433202166,1.0277516959294408,1.0281133561564861
ISL,61,1.0134435420236305,1.0249865107276022,1.0281133561564861
ISL,62T63,1.0174703288592508,1.0227876998815686,1.0281133561564861
ISL,64T66,1.011033070100763,1.021774868464816,1.0281133561564861
ISL,68,1.0265039292684455,1.0215921360390843,1.0281133561564861
ISL,69T75,1.017246917764013,1.0232590603798375,1.0281133561564861
ISL,77T82,1.0180698593739432,1.0334260099946064,1.0281133561564861
ISL,84,1.0269156031961457,1.023704773668839,1.0281133561564861
ISL,85,1.0278646978395496,1.021684625096331,1.0281133561564861
ISL,86T88,1.0277818331430428,1.0220139346266832,1.0281133561564861
ISL,90T93,1.0308479098371701,1.0240783309801706,1.0281133561564861
ISL,94T98,1.0257975658938276,1.0238488859435093,1.0281133561564861
ISR,01T02,1.176970947050361,1.0590109435976804,1.0381269328561307
ISR,03,1.0257828084362077,1.044748839534204,1.0381269328561307
ISR,05T06,0.442607397633447,1.0420088759984358,1.0381269328561307
ISR,07T08,0.977617186013707,1.0362394080794712,1.0381269328561307
ISR,10T12,1.0538388477077325,1.0506813146707055,1.0381269328561307
ISR,13T15,1.0136403227693642,1.0397169676641465,1.0381269328561307
ISR,16,1.0933191906857924,1.0418245731093703,1.0381269328561307
ISR,17T18,1.0510885996284738,1.0388697056774845,1.0381269328561307
ISR,19,1.000302963697035,1.0649948173022052,1.0381269328561307
ISR,20,1.0963693341363618,1.0419501233111135,1.0381269328561307
ISR,21,1.0382696836965313,1.036771142653449,1.0381269328561307
ISR,22,0.9861720250141606,1.0458507776148582,1.0381269328561307
ISR,23,1.0133018330820143,1.0516667931831378,1.0381269328561307
ISR,24,1.2610999698139211,1.068805356686763,1.0381269328561307
ISR,25,1.0645690248671773,1.0430806523605212,1.0381269328561307
ISR,26,1.0342236565089673,1.0334410984553102,1.0381269328561307
ISR,27,1.058382527813907,1.0398679684042698,1.0381269328561307
ISR,28,1.039738957356293,1.0393036765078743,1.0381269328561307
ISR,29T30,1.0334678305268212,1.040633784457759,1.0381269328561307
ISR,31T33,0.9840685216237596,1.0340988622203398,1.0381269328561307
ISR,35,0.8517784189590837,1.0583525161470362,1.0381269328561307
ISR,36T39,1.0364684382918452,1.0422185439627376,1.0381269328561307
ISR,41T43,1.0363824832042519,1.0411726555853227,1.0381269328561307
ISR,45T47,1.0206106373199644,1.0309878331295448,1.0381269328561307
ISR,49,1.0163796951963697,1.037264898667083,1.0381269328561307
ISR,50,0.9623712446918856,1.049938120174468,1.0381269328561307
ISR,51,1.068425887336007,1.042645896770024,1.0381269328561307
ISR,52,0.9940075484545688,1.0350788953889256,1.0381269328561307
ISR,53,1.027152046306452,1.03192657370767,1.0381269328561307
ISR,55T56,1.0273440343124993,1.0419867727989027,1.0381269328561307
ISR,58T60,1.0108051490967123,1.0314399235407603,1.0381269328561307
ISR,61,1.0258094516958123,1.0291632338015715,1.0381269328561307
ISR,62T63,0.9975440874030908,1.0281806208108806,1.0381269328561307
ISR,64T66,1.0157532316251026,1.0299652247323123,1.0381269328561307
ISR,68,1.034465114373025,1.0282548516757257,1.0381269328561307
ISR,69T75,1.0248932240007125,1.030550735067096,1.0381269328561307
ISR,77T82,1.027270870697723,1.028182098561863,1.0381269328561307
ISR,84,1.0364877123103173,1.0357303563102886,1.0381269328561307
ISR,85,1.0371483424613974,1.0300685037971937,1.0381269328561307
ISR,86T88,1.0373400147732668,1.0311532034497501,1.0381269328561307
ISR,90T93,1.0345823482719074,1.028902135318896,1.0381269328561307
ISR,94T98,1.0297935890401932,1.0369398993891925,1.0381269328561307
ITA,01T02,1.0603374274291288,1.0440534072082162,1.0379859851169695
ITA,03,0.9914139132565255,1.0423532052544655,1.0379859851169695
ITA,05T06,0.9161973568513135,1.0423996854271784,1.0379859851169695
ITA,07T08,1.0153214303946863,1.0315349760062336,1.0379859851169695
ITA,10T12,1.0470962478103623,1.0548608002024844,1.0379859851169695
ITA,13T15,1.0309017722681286,1.0385687212387815,1.0379859851169695
ITA,16,1.0568608991917368,1.0468738710550056,1.0379859851169695
ITA,17T18,1.0290196553409239,1.0432059709572477,1.0379859851169695
ITA,19,1.003923656845028,1.0655306160342588,1.0379859851169695
ITA,20,1.0496631509431325,1.053040981377223,1.0379859851169695
ITA,21,1.0183494249974876,1.0420123004497124,1.0379859851169695
ITA,22,1.0650006155633431,1.0485704962525433,1.0379859851169695
ITA,23,1.0286142799329012,1.0565573015590959,1.0379859851169695
ITA,24,1.1401854003747347,1.06741163932929,1.0379859851169695
ITA,25,1.0384290167556236,1.0467384943918256,1.0379859851169695
ITA,26,1.0248545384822159,1.0422649051415072,1.0379859851169695
ITA,27,1.034074700411295,1.0472704601610874,1.0379859851169695
ITA,28,1.0274898871286349,1.0432412437139,1.0379859851169695
ITA,29T30,1.0267279620526368,1.0428003586485433,1.0379859851169695
ITA,31T33,1.062679023238014,1.0422099680370482,1.0379859851169695
ITA,35,0.931307153885581,1.0785693549162176,1.0379859851169695
ITA,36T39,1.0402551612581104,1.041189224402511,1.0379859851169695
ITA,41T43,1.0342214880093576,1.0401329094900897,1.0379859851169695
ITA,45T47,1.0194665261720903,1.0357631147500026,1.0379859851169695
ITA,49,1.0171843110817058,1.0412942966004737,1.0379859851169695
ITA,50,0.8334499575036709,1.042661814046245,1.0379859851169695
ITA,51,1.019051403833309,1.0408153115302503,1.0379859851169695
ITA,52,1.0188715601021008,1.0393638521288757,1.0379859851169695
ITA,53,1.013382731911016,1.0477147189666507,1.0379859851169695
ITA,55T56,1.0309658839683045,1.0398929597315734,1.0379859851169695
ITA,58T60,1.0119845729574044,1.0347812392233318,1.0379859851169695
ITA,61,1.022278237036816,1.0333433051893954,1.0379859851169695
ITA,62T63,1.0204945292269885,1.032282772041894,1.0379859851169695
ITA,64T66,1.021643088085746,1.0313523431088578,1.0379859851169695
ITA,68,1.033308249589024,1.0303823529312726,1.0379859851169695
ITA,69T75,1.023631989557898,1.0341998471856737,1.0379859851169695
ITA,77T82,1.0244892509750796,1.036554757486891,1.0379859851169695
ITA,84,1.0364508825741185,1.034187063233508,1.0379859851169695
ITA,85,1.0352996667826437,1.0321071668062403,1.0379859851169695
ITA,86T88,1.0361674864639758,1.035930349174065,1.0379859851169695
ITA,90T93,1.0311057197765443,1.035712714186943,1.0379859851169695
ITA,94T98,1.0345483219859086,1.0367828703619426,1.0379859851169695
JPN,01T02,1.0713930059294952,1.0463995968066422,1.0390117624291235
JPN,03,1.0035488299153927,1.0379920384789303,1.0390117624291235
JPN,05T06,0.7942307972045151,1.0414243005715849,1.0390117624291235
JPN,07T08,0.9613149799038476,1.0450604903652045,1.0390117624291235
JPN,10T12,1.046666587292289,1.0466882221002303,1.0390117624291235
JPN,13T15,1.0294072141429902,1.0397723959937726,1.0390117624291235
JPN,16,1.0590896458384291,1.0482397264597874,1.0390117624291235
JPN,17T18,1.007925230681122,1.0458992781175191,1.0390117624291235
JPN,19,0.9589779166702648,1.0707125561179045,1.0390117624291235
JPN,20,1.001281107386789,1.0556111183502188,1.0390117624291235
JPN,21,0.9999336474345294,1.0415720212160455,1.0390117624291235
JPN,22,1.0640629359728462,1.0480487778209047,1.0390117624291235
JPN,23,0.9618173057710034,1.0436451343573399,1.0390117624291235
JPN,24,1.0653916448476883,1.061788429493762,1.0390117624291235
JPN,25,1.0427219860686228,1.0568309338110142,1.0390117624291235
JPN,26,1.025957583097675,1.0419794831865195,1.0390117624291235
JPN,27,1.0433591540672031,1.0475786812224641,1.0390117624291235
JPN,28,1.0337641285863277,1.0437159716982742,1.0390117624291235
JPN,29T30,1.0159075837193632,1.047071612643441,1.0390117624291235
JPN,31T33,1.038636913437779,1.0409783521463674,1.0390117624291235
JPN,35,0.8474961512603962,1.0795298307790187,1.0390117624291235
JPN,36T39,1.0260473507428867,1.0310304701255695,1.0390117624291235
JPN,41T43,1.0360217119955686,1.0455241268537412,1.0390117624291235
JPN,45T47,1.016183914993154,1.0347375612184642,1.0390117624291235
JPN,49,1.0254184700640545,1.0341560126815703,1.0390117624291235
JPN,50,0.8493736132615062,1.0748334180762957,1.0390117624291235
JPN,51,0.9507330396742918,1.0482799861003953,1.0390117624291235
JPN,52,1.011386270029198,1.032977694986592,1.0390117624291235
JPN,53,1.0134526163955688,1.0324634653925797,1.0390117624291235
JPN,55T56,1.0302556342844411,1.042399831902395,1.0390117624291235
JPN,58T60,1.01668811440045,1.0338243044141757,1.0390117624291235
JPN,61,1.0319343162960946,1.0322045362014693,1.0390117624291235
JPN,62T63,1.0168763610809712,1.0305359188501253,1.0390117624291235
JPN,64T66,1.0218905143637078,1.0299842353576452,1.0390117624291235
JPN,68,1.0337956171718643,1.0266693130228863,1.0390117624291235
JPN,69T75,1.0149489255963517,1.0318001059129958,1.0390117624291235
JPN,77T82,1.011224356728852,1.0309974888780442,1.0390117624291235
JPN,84,1.0366504982725162,1.031604632220336,1.0390117624291235
JPN,85,1.0354087093494786,1.0303079008452034,1.0390117624291235
JPN,86T88,1.037304191284288,1.0331933466436802,1.0390117624291235
JPN,90T93,1.0315705084688247,1.0382157320259704,1.0390117624291235
JPN,94T98,1.0327235201715632,1.035399224401293,1.0390117624291235
KAZ,01T02,0.8838220216544664,0.9956191313120885,1.037660041990835
KAZ,03,1.034594769254322,0.9574567404708391,1.037660041990835
KAZ,05T06,0.8188493717152241,0.9844702463935179,1.037660041990835
KAZ,07T08,0.7495617294116798,1.0066922106157763,1.037660041990835
KAZ,10T12,1.059071737404416,1.020495345489725,1.037660041990835
KAZ,13T15,1.0768105220688067,1.0081910540075742,1.037660041990835
KAZ,16,0.828106143078217,1.0335482559575428,1.037660041990835
KAZ,17T18,1.0653443356645889,0.9984638567882287,1.037660041990835
KAZ,19,0.8481018759527139,1.0080138973306454,1.037660041990835
KAZ,20,0.8172661907033592,1.0058149467614437,1.037660041990835
KAZ,21,0.8934983780334038,0.9723949622977274,1.037660041990835
KAZ,22,0.982135525926461,1.0174797299562777,1.037660041990835
KAZ,23,0.49267703207741265,1.0233663081434534,1.037660041990835
KAZ,24,0.910588843954751,0.9999776517645845,1.037660041990835
KAZ,25,1.0826269536707676,1.0140773649734172,1.037660041990835
KAZ,26,1.0226344027755825,0.9913431390973388,1.037660041990835
KAZ,27,1.102659353522905,1.0048007680300406,1.037660041990835
KAZ,28,1.0564142762292963,1.005329875706575,1.037660041990835
KAZ,29T30,1.121779196360214,0.9820865391390255,1.037660041990835
KAZ,31T33,1.0118095296290388,1.0024848061683482,1.037660041990835
KAZ,35,0.3190897866349217,1.024650991240066,1.037660041990835
KAZ,36T39,0.9901179558849867,1.0418324569914619,1.037660041990835
KAZ,41T43,1.0143813300931168,1.0308592053942078,1.037660041990835
KAZ,45T47,1.001837556618861,0.9701762716936044,1.037660041990835
KAZ,49,0.9538655437844155,0.9821232984534497,1.037660041990835
KAZ,50,1.1471252633117826,1.000293986236148,1.037660041990835
KAZ,51,1.0167870959504202,0.9778948484650883,1.037660041990835
KAZ,52,1.014935637101982,0.9761070898250171,1.037660041990835
KAZ,53,1.0404808977983386,0.9698108663207082,1.037660041990835
KAZ,55T56,1.0597528656892907,0.9862782488599701,1.037660041990835
KAZ,58T60,1.0198201395738598,1.0031557840533691,1.037660041990835
KAZ,61,1.0270293391995566,0.9823709074541904,1.037660041990835
KAZ,62T63,0.9901038804843413,0.9894201686507758,1.037660041990835
KAZ,64T66,1.002564207163203,0.9659077059085418,1.037660041990835
KAZ,68,1.0239380777660052,0.9732008065871172,1.037660041990835
KAZ,69T75,1.0044616082077522,0.9886180362445477,1.037660041990835
KAZ,77T82,0.9977959730601982,0.9816324942387198,1.037660041990835
KAZ,84,1.0198535425311106,1.0217278036973334,1.037660041990835
KAZ,85,1.030496921964193,1.0178296820662038,1.037660041990835
KAZ,86T88,1.0271750721973085,1.0122251654657592,1.037660041990835
KAZ,90T93,1.023747576967858,1.0243285059622325,1.037660041990835
KAZ,94T98,1.0286498718479957,1.0371487868463876,1.037660041990835
KHM,01T02,0.4177965617152574,1.0175177763238308,1.1249765826529348
KHM,03,1.0399188626338545,0.9605497091347329,1.1249765826529348
KHM,05T06,1.0895970440386689,0.9829273416527832,1.1249765826529348
KHM,07T08,0.9648361271471159,0.9913120054669695,1.1249765826529348
KHM,10T12,0.9129625693122945,1.1844404111334803,1.1249765826529348
KHM,13T15,1.1689191302369246,1.0115019199548332,1.1249765826529348
KHM,16,0.9878184575040828,1.0589393162837797,1.1249765826529348
KHM,17T18,0.9878606198131141,1.0624197949568397,1.1249765826529348
KHM,19,0.2328519653526075,1.0217939683968362,1.1249765826529348
KHM,20,1.073174219027965,1.0724982901012754,1.1249765826529348
KHM,21,1.1749284612284596,1.0063944954916892,1.1249765826529348
KHM,22,0.8793515439746125,1.0992623402402575,1.1249765826529348
KHM,23,0.22396800495543975,1.0157431333405462,1.1249765826529348
KHM,24,1.700940389278584,1.0079232559298787,1.1249765826529348
KHM,25,1.2926789209347604,1.0178499149073974,1.1249765826529348
KHM,26,1.1214889698042463,1.0041524358987626,1.1249765826529348
KHM,27,1.1854241604227758,1.0135424559192319,1.1249765826529348
KHM,28,1.2038091505612887,1.0018048542199245,1.1249765826529348
KHM,29T30,1.1428927221200895,1.0106320187415665,1.1249765826529348
KHM,31T33,0.8993449977143704,1.0152701710155076,1.1249765826529348
KHM,35,0.6486081770477031,1.0699073080084973,1.1249765826529348
KHM,36T39,1.0769973571956786,1.045652685464307,1.1249765826529348
KHM,41T43,1.1005373854042106,1.005052447053082,1.1249765826529348
KHM,45T47,1.0548670803141422,1.00894729000667,1.1249765826529348
KHM,49,0.9595810170951375,1.0009919849030244,1.1249765826529348
KHM,50,1.0580357922799901,1.0217777695124126,1.1249765826529348
KHM,51,0.6817263052947856,1.0331161470518395,1.1249765826529348
KHM,52,1.0827353723365734,0.9912542360907586,1.1249765826529348
KHM,53,1.0924066572134328,0.9935396936333379,1.1249765826529348
KHM,55T56,0.9943076081338548,1.1020699901583906,1.1249765826529348
KHM,58T60,1.0712599040442126,1.008509492197473,1.1249765826529348
KHM,61,1.0796516891460224,0.9955268253354308,1.1249765826529348
KHM,62T63,1.0679957551592274,1.0112244002625792,1.1249765826529348
KHM,64T66,1.1336403592268658,0.9710758027926529,1.1249765826529348
KHM,68,1.1001519230322154,0.9993693088027255,1.1249765826529348
KHM,69T75,1.0821611453318547,1.0075160325757526,1.1249765826529348
KHM,77T82,1.0741223154210928,1.0071083869841093,1.1249765826529348
KHM,84,1.1105973345631022,1.0228384672435455,1.1249765826529348
KHM,85,1.1179282858905273,0.9835514909087746,1.1249765826529348
KHM,86T88,1.1200537840445421,0.9937540561783091,1.1249765826529348
KHM,90T93,1.0725000631663746,0.99268326702603,1.1249765826529348
KHM,94T98,1.1008371750632848,0.9873635396416541,1.1249765826529348
KOR,01T02,1.0671627280021059,1.0363610603089748,1.0394519770587054
KOR,03,0.9874993133857467,1.0419098558843347,1.0394519770587054
KOR,05T06,0.40871776252188374,1.0329874537261203,1.0394519770587054
KOR,07T08,0.9470830501564846,1.042370528195111,1.0394519770587054
KOR,10T12,1.043267232804162,1.05545478630715,1.0394519770587054
KOR,13T15,1.0094106901044493,1.0477241076576145,1.0394519770587054
KOR,16,1.0546533558177018,1.0556319397402527,1.0394519770587054
KOR,17T18,1.0008176445587107,1.0506957266880668,1.0394519770587054
KOR,19,0.9611480796664839,1.060550658457147,1.0394519770587054
KOR,20,1.0104988497687775,1.0626624337028254,1.0394519770587054
KOR,21,1.0209444387704434,1.0440104991254306,1.0394519770587054
KOR,22,1.0297422445198603,1.0534027513731132,1.0394519770587054
KOR,23,0.9340549029352633,1.0744333533239108,1.0394519770587054
KOR,24,0.9502253011973548,1.0947109386490104,1.0394519770587054
KOR,25,1.0237348697393125,1.0612311672015329,1.0394519770587054
KOR,26,1.021586323804722,1.0399322591407127,1.0394519770587054
KOR,27,1.0240555059568321,1.0542277129853783,1.0394519770587054
KOR,28,1.0236683648830545,1.0503152068260673,1.0394519770587054
KOR,29T30,1.0051066939980158,1.0525070839270407,1.0394519770587054
KOR,31T33,1.0368399651155986,1.0469077094279016,1.0394519770587054
KOR,35,0.7514705085638393,1.105792735843118,1.0394519770587054
KOR,36T39,1.0079236563827911,1.0424950604911827,1.0394519770587054
KOR,41T43,1.035721231654706,1.0539761681306228,1.0394519770587054
KOR,45T47,0.9994404887137297,1.0331546768368989,1.0394519770587054
KOR,49,0.9730316576343242,1.0425876712277429,1.0394519770587054
KOR,50,0.9253774737920715,1.0605808897737636,1.0394519770587054
KOR,51,0.8522667205988071,1.0420140727084932,1.0394519770587054
KOR,52,0.9800312890306945,1.0366594650126753,1.0394519770587054
KOR,53,0.9759245480069209,1.0390404970876657,1.0394519770587054
KOR,55T56,1.0221061296990235,1.0446005066884145,1.0394519770587054
KOR,58T60,1.014068024053676,1.0281597505661997,1.0394519770587054
KOR,61,1.014513745623842,1.0326642881012955,1.0394519770587054
KOR,62T63,1.0145488187873317,1.0235035945919313,1.0394519770587054
KOR,64T66,1.0211026253184001,1.0218594552125688,1.0394519770587054
KOR,68,1.0325859285311905,1.0215148364733622,1.0394519770587054
KOR,69T75,1.006400197418881,1.0389728690079414,1.0394519770587054
KOR,77T82,1.005700066368892,1.0239618383955267,1.0394519770587054
KOR,84,1.035597961826157,1.023309531957865,1.0394519770587054
KOR,85,1.0346872376996028,1.029987709495141,1.0394519770587054
KOR,86T88,1.0349540483067705,1.0347244301331382,1.0394519770587054
KOR,90T93,1.02611479136519,1.0382942004078783,1.0394519770587054
KOR,94T98,1.0244430530871687,1.0384330873700713,1.0394519770587054
LAO,01T02,0.5927774670224315,0.9985659653866851,1.0546938113420685
LAO,03,0.8863280808949452,0.9392960097204706,1.0546938113420685
LAO,05T06,0.9410636648353541,0.9785896716179889,1.0546938113420685
LAO,07T08,0.948681230933644,0.980566935637158,1.0546938113420685
LAO,10T12,0.8926540965768558,1.194518855723015,1.0546938113420685
LAO,13T15,1.21742692321281,0.9736206248521749,1.0546938113420685
LAO,16,0.9438885498571756,1.1296432099124334,1.0546938113420685
LAO,17T18,0.8465044291924232,1.1203673565164882,1.0546938113420685
LAO,19,1.0726842488587927,1.0038867118204895,1.0546938113420685
LAO,20,1.2538704927986317,1.0014985608598599,1.0546938113420685
LAO,21,1.0352408721737822,0.9827759328455301,1.0546938113420685
LAO,22,0.7694649648422903,1.0260824056447946,1.0546938113420685
LAO,23,1.027326727406842,1.0058835268512885,1.0546938113420685
LAO,24,1.8211978688227488,1.0086129843640725,1.0546938113420685
LAO,25,1.273559378197097,1.0102743478930163,1.0546938113420685
LAO,26,1.0733023836026112,1.0057682686014568,1.0546938113420685
LAO,27,1.1665214519062463,1.0096962991154894,1.0546938113420685
LAO,28,1.1837429808440465,1.0123549587960916,1.0546938113420685
LAO,29T30,1.1084175286309499,1.0143478557801788,1.0546938113420685
LAO,31T33,0.6502841157616666,1.0389531095543665,1.0546938113420685
LAO,35,0.3399878397497696,1.0034482233923765,1.0546938113420685
LAO,36T39,0.9728499154950602,0.9894057445981748,1.0546938113420685
LAO,41T43,1.0298464326623902,1.022514016032478,1.0546938113420685
LAO,45T47,1.0193556170796296,0.9767320322426518,1.0546938113420685
LAO,49,1.0581904069426096,0.989800763709379,1.0546938113420685
LAO,50,0.5895893875569466,1.0240651817399988,1.0546938113420685
LAO,51,1.0168354258949297,0.9686244172970989,1.0546938113420685
LAO,52,0.911391081609348,1.011995406028429,1.0546938113420685
LAO,53,1.0501815263608008,0.9727990104995861,1.0546938113420685
LAO,55T56,1.0294071022736226,1.0524027280603119,1.0546938113420685
LAO,58T60,1.0088699256427112,1.0425501330975548,1.0546938113420685
LAO,61,1.0364279492366164,0.974217902427542,1.0546938113420685
LAO,62T63,1.0363134468911581,1.0025960568308114,1.0546938113420685
LAO,64T66,1.0389480531049322,0.9551450889398791,1.0546938113420685
LAO,68,1.0567758895841477,0.9558450642479951,1.0546938113420685
LAO,69T75,1.038844965093185,0.9902569548421106,1.0546938113420685
LAO,77T82,1.0232122244188704,0.9964074119180091,1.0546938113420685
LAO,84,1.048648599583311,0.9785466261803606,1.0546938113420685
LAO,85,1.0572293549246576,0.973695039024439,1.0546938113420685
LAO,86T88,1.0397513317337148,0.9860524798359422,1.0546938113420685
LAO,90T93,1.0572382070328077,0.9849942033767416,1.0546938113420685
LAO,94T98,1.0442916889381542,0.968988702318775,1.0546938113420685
LTU,01T02,0.7212572258334827,1.0484678950135473,1.036491844238858
LTU,03,1.0193377225805331,1.0332462851333142,1.036491844238858
LTU,05T06,0.6478931792549606,1.0351818533361092,1.036491844238858
LTU,07T08,1.0059484446987825,1.0352432766200186,1.036491844238858
LTU,10T12,1.0255021659374048,1.0598057222459647,1.036491844238858
LTU,13T15,1.0556227109013852,1.0265307216131558,1.036491844238858
LTU,16,1.0536219356193761,1.0550151213639005,1.036491844238858
LTU,17T18,1.0373762965074196,1.0347156242676545,1.036491844238858
LTU,19,1.0098121954165944,1.0490496904142235,1.036491844238858
LTU,20,0.6402067211073789,1.0667366814552413,1.036491844238858
LTU,21,1.0285010133350025,1.0253123874586323,1.036491844238858
LTU,22,1.0535519953148988,1.045784093283134,1.036491844238858
LTU,23,0.9244252031413747,1.0364255200935029,1.036491844238858
LTU,24,1.4115204326251125,1.0495708805455726,1.036491844238858
LTU,25,1.0669262516456277,1.0348916270970465,1.036491844238858
LTU,26,1.0429574657805847,1.025119453054899,1.036491844238858
LTU,27,1.0490734466761673,1.0371273376059083,1.036491844238858
LTU,28,1.0318324209082936,1.0347717457934997,1.036491844238858
LTU,29T30,1.0407776212318645,1.033694007013739,1.036491844238858
LTU,31T33,1.0781683710354348,1.0305344349213155,1.036491844238858
LTU,35,1.060455269181328,1.0339380984628832,1.036491844238858
LTU,36T39,1.0264641010638849,1.0260501775093178,1.036491844238858
LTU,41T43,1.0311610433668306,1.0290184317054512,1.036491844238858
LTU,45T47,1.015586284432646,1.0172635022324823,1.036491844238858
LTU,49,1.0079548675422716,1.0245722364057004,1.036491844238858
LTU,50,0.9082733267938407,1.0230550668825302,1.036491844238858
LTU,51,1.2120484540112721,1.0319363780159765,1.036491844238858
LTU,52,1.0027740540856913,1.0215661311853617,1.036491844238858
LTU,53,1.0274440681874006,1.0190828344743053,1.036491844238858
LTU,55T56,1.0369178135285562,1.022269346506831,1.036491844238858
LTU,58T60,1.004107287848562,1.0250653638475504,1.036491844238858
LTU,61,1.0213948256090999,1.0169183070437566,1.036491844238858
LTU,62T63,1.0166281238908117,1.015057853297984,1.036491844238858
LTU,64T66,1.019069377351101,1.0136036290095882,1.036491844238858
LTU,68,1.0210524698742938,1.0193090145294326,1.036491844238858
LTU,69T75,1.0078303623741374,1.016311073259725,1.036491844238858
LTU,77T82,1.017324416689961,1.0196166951323509,1.036491844238858
LTU,84,1.03250004461256,1.015641532185527,1.036491844238858
LTU,85,1.0342486637507222,1.0136028958477679,1.036491844238858
LTU,86T88,1.034384457928312,1.0166151398656762,1.036491844238858
LTU,90T93,1.0313254311479758,1.017959731976202,1.036491844238858
LTU,94T98,1.0282618807161978,1.0171500004231504,1.036491844238858
LVA,01T02,0.8093904418567003,1.0695213127966479,1.0336171162357688
LVA,03,0.976023069953538,1.0291779385743545,1.0336171162357688
LVA,05T06,0.03446531214468383,1.0392432344516846,1.0336171162357688
LVA,07T08,0.9804378397716808,1.030753872157851,1.0336171162357688
LVA,10T12,1.023372703796761,1.06339056937912,1.0336171162357688
LVA,13T15,1.0297186924219315,1.0327850897497586,1.0336171162357688
LVA,16,0.9783788604888309,1.0745682811877555,1.0336171162357688
LVA,17T18,1.0648357536117543,1.0286793746700036,1.0336171162357688
LVA,19,0.15791037053587145,1.0318751323347273,1.0336171162357688
LVA,20,1.088499404447359,1.0550604863028332,1.0336171162357688
LVA,21,1.039160736183525,1.0230116068114834,1.0336171162357688
LVA,22,1.073139112806816,1.0408963723030507,1.0336171162357688
LVA,23,0.8924626774523998,1.0354761103780477,1.0336171162357688
LVA,24,1.4345782158547842,1.0486969914003794,1.0336171162357688
LVA,25,1.0387637763650164,1.042688815402981,1.0336171162357688
LVA,26,1.0415312282135274,1.0245887935013325,1.0336171162357688
LVA,27,1.0586551140634723,1.029676160649224,1.0336171162357688
LVA,28,1.0318723129112632,1.032697431169832,1.0336171162357688
LVA,29T30,1.0065111613000381,1.0441404502367542,1.0336171162357688
LVA,31T33,1.0452872026846152,1.035365926289259,1.0336171162357688
LVA,35,0.9800563638567908,1.0473634673061272,1.0336171162357688
LVA,36T39,1.038145492171856,1.0257566090613377,1.0336171162357688
LVA,41T43,1.0236289445199374,1.0368438615825648,1.0336171162357688
LVA,45T47,1.0072502099590102,1.018804672239608,1.0336171162357688
LVA,49,0.9583121695954084,1.0272662898296931,1.0336171162357688
LVA,50,1.0890514315974045,1.0254081098428063,1.0336171162357688
LVA,51,1.0386433104962458,1.0374912049706795,1.0336171162357688
LVA,52,1.0032623304424975,1.021720615328216,1.0336171162357688
LVA,53,1.026305530639813,1.0158655651322412,1.0336171162357688
LVA,55T56,1.0328582057664053,1.024632921210047,1.0336171162357688
LVA,58T60,1.0034930873586163,1.0160502469080934,1.0336171162357688
LVA,61,1.028138819048856,1.0133327834106947,1.0336171162357688
LVA,62T63,1.0168695729873904,1.0106889831602208,1.0336171162357688
LVA,64T66,1.0141034860354536,1.010668322386442,1.0336171162357688
LVA,68,1.0248762009820531,1.0150208816864892,1.0336171162357688
LVA,69T75,1.014583526942329,1.013588674335064,1.0336171162357688
LVA,77T82,1.0106410497275689,1.023562159065809,1.0336171162357688
LVA,84,1.0303595633453817,1.013940326816711,1.0336171162357688
LVA,85,1.0311574282360823,1.0165939533023056,1.0336171162357688
LVA,86T88,1.0313144935778686,1.0186798818433715,1.0336171162357688
LVA,90T93,1.0301700277817731,1.0212280823711861,1.0336171162357688
LVA,94T98,1.0301109851726078,1.019966001501665,1.0336171162357688
MAR,01T02,1.009668331020413,1.0433135593697282,1.06054809223071
MAR,03,1.0286535646846873,1.0279990867292645,1.06054809223071
MAR,05T06,0.9102173410135717,1.0382228584150197,1.06054809223071
MAR,07T08,0.9362768640098674,1.0383159214424245,1.06054809223071
MAR,10T12,1.0428496234301894,1.0705308348314306,1.06054809223071
MAR,13T15,1.0198999408339104,1.0401181154021435,1.06054809223071
MAR,16,1.0740180022721741,1.0510811438607583,1.06054809223071
MAR,17T18,1.0054409865564196,1.046232113809482,1.06054809223071
MAR,19,0.9581942063158284,1.0849612099157793,1.06054809223071
MAR,20,1.0820587371224908,1.0481948754182102,1.06054809223071
MAR,21,1.0409477042070048,1.0382695635541337,1.06054809223071
MAR,22,1.0242305061739732,1.0767754701873347,1.06054809223071
MAR,23,0.6908944433702877,1.0840493531317297,1.06054809223071
MAR,24,1.1723101601083323,1.0598953749284394,1.06054809223071
MAR,25,1.026618279580504,1.0588764770847527,1.06054809223071
MAR,26,1.0173445347664531,1.04861183328878,1.06054809223071
MAR,27,1.0421252707956639,1.0452047496486738,1.06054809223071
MAR,28,1.0282711254566879,1.0490242192476364,1.06054809223071
MAR,29T30,1.0142539482938584,1.045898875142979,1.06054809223071
MAR,31T33,1.0814377881337975,1.0381275617038261,1.06054809223071
MAR,35,0.7005770767368555,1.0409404396673543,1.06054809223071
MAR,36T39,1.0219039809288653,1.0324600315198078,1.06054809223071
MAR,41T43,1.0497786245492697,1.0897731787791285,1.06054809223071
MAR,45T47,1.0065777324738998,1.0327668976414603,1.06054809223071
MAR,49,0.9415983140289583,1.0375314228250294,1.06054809223071
MAR,50,0.9312794865555426,1.0562124210136206,1.06054809223071
MAR,51,0.737320511416759,1.0532627049970793,1.06054809223071
MAR,52,0.989285749125123,1.0355689702056676,1.06054809223071
MAR,53,1.0255860630442049,1.0291339712196088,1.06054809223071
MAR,55T56,1.031744538085131,1.041222762252197,1.06054809223071
MAR,58T60,0.9528129263742735,1.0550238279918338,1.06054809223071
MAR,61,1.029832677147133,1.0339809592939015,1.06054809223071
MAR,62T63,1.034240286863036,1.0176500394103047,1.06054809223071
MAR,64T66,1.0140297103966194,1.0211161502572674,1.06054809223071
MAR,68,1.0461258626540917,1.0170211095479587,1.06054809223071
MAR,69T75,1.027490401473198,1.01824066058478,1.06054809223071
MAR,77T82,1.019264441910237,1.0192688339921032,1.06054809223071
MAR,84,1.049851464969537,1.03231593119259,1.06054809223071
MAR,85,1.0561579813077036,1.0252479149896812,1.06054809223071
MAR,86T88,1.05484476874071,1.0288143580234559,1.06054809223071
MAR,90T93,1.0269166745324367,1.0370812886133893,1.06054809223071
MAR,94T98,1.0450184592530842,1.0264382075839522,1.06054809223071
MEX,01T02,0.8468152416001058,1.0302748029484587,1.0341461050748113
MEX,03,1.0040209123540325,1.0289638905331016,1.0341461050748113
MEX,05T06,0.8214993452559753,1.0233045273414147,1.0341461050748113
MEX,07T08,0.9837341430372404,1.0279629037851443,1.0341461050748113
MEX,10T12,1.0324474672363098,1.063140784141228,1.0341461050748113
MEX,13T15,1.0372229417403662,1.037117888180151,1.0341461050748113
MEX,16,0.9783357128955323,1.0658472719472523,1.0341461050748113
MEX,17T18,1.0027238876594577,1.041201017536829,1.0341461050748113
MEX,19,0.9104986223670981,1.0754688897824902,1.0341461050748113
MEX,20,0.656724406604893,1.0644261327749474,1.0341461050748113
MEX,21,0.9915648139135904,1.0468620685056307,1.0341461050748113
MEX,22,0.9204810089170198,1.0650797268494672,1.0341461050748113
MEX,23,0.7174833023928501,1.08715144694871,1.0341461050748113
MEX,24,1.0754606228510313,1.0452798679167437,1.0341461050748113
MEX,25,1.0204529513404692,1.0522488491833448,1.0341461050748113
MEX,26,1.0307832440134486,1.0328526454922862,1.0341461050748113
MEX,27,1.0356326490258077,1.0459535043538641,1.0341461050748113
MEX,28,1.037144022997032,1.032494075414793,1.0341461050748113
MEX,29T30,1.0269679714109874,1.0370208204079177,1.0341461050748113
MEX,31T33,0.9473385545942312,1.038895601937701,1.0341461050748113
MEX,35,0.734790645481877,1.0239742983663005,1.0341461050748113
MEX,36T39,1.0054122207869387,1.0635244537457258,1.0341461050748113
MEX,41T43,1.0301798879008208,1.0292186011653954,1.0341461050748113
MEX,45T47,1.0184955874394528,1.0082168998439758,1.0341461050748113
MEX,49,0.9742797467309895,1.020493651023895,1.0341461050748113
MEX,50,0.8624168088654572,1.0104014471188778,1.0341461050748113
MEX,51,1.0030187538499082,1.0372210393654926,1.0341461050748113
MEX,52,1.010814950083954,1.0149047915737885,1.0341461050748113
MEX,53,0.9974137558930246,1.0210536537462185,1.0341461050748113
MEX,55T56,1.0402780838048922,1.0179983432677768,1.0341461050748113
MEX,58T60,1.0298059551308942,1.0170504601730765,1.0341461050748113
MEX,61,1.0286038251212761,1.0088642268757824,1.0341461050748113
MEX,62T63,1.029189554096844,1.012347510788003,1.0341461050748113
MEX,64T66,1.0321917754128551,1.0038788150788867,1.0341461050748113
MEX,68,1.0305097330892163,1.0013934976752183,1.0341461050748113
MEX,69T75,1.006681917524664,1.0090323984898968,1.0341461050748113
MEX,77T82,1.003068088291561,1.0076916851187754,1.0341461050748113
MEX,84,1.0302734622483523,1.0160934668766308,1.0341461050748113
MEX,85,1.034139751294803,1.0069631938717771,1.0341461050748113
MEX,86T88,1.0324476225059867,1.017376169465441,1.0341461050748113
MEX,90T93,1.0341562452497173,1.0132450413187566,1.0341461050748113
MEX,94T98,1.0300192892168545,1.007776200567642,1.0341461050748113
MLT,01T02,1.1362733492272576,1.0327451796262723,1.036375909391887
MLT,03,1.0103187457415663,1.0599982321742636,1.036375909391887
MLT,05T06,0.9401952811451968,1.0462490036064243,1.036375909391887
MLT,07T08,1.0309058330294862,1.0352850102983404,1.036375909391887
MLT,10T12,1.0739327865984023,1.04627146746153,1.036375909391887
MLT,13T15,0.984008802567827,1.0509042416202983,1.036375909391887
MLT,16,1.0533066070286585,1.0394944881813712,1.036375909391887
MLT,17T18,1.0838854838366276,1.0407936216720288,1.036375909391887
MLT,19,1.0338083791798278,1.0559279906912333,1.036375909391887
MLT,20,1.1101248974420468,1.0488886840578437,1.036375909391887
MLT,21,0.9957508685963976,1.0521448456428437,1.036375909391887
MLT,22,1.082568220347017,1.0402638591126312,1.036375909391887
MLT,23,1.105843512204217,1.0492627704798816,1.036375909391887
MLT,24,1.3573599537411545,1.041424406891444,1.036375909391887
MLT,25,1.0115607381161758,1.0522368207514572,1.036375909391887
MLT,26,1.0104177509689685,1.051581010751772,1.036375909391887
MLT,27,1.032856081874571,1.0474533078102384,1.036375909391887
MLT,28,1.0176697683938642,1.0485745332068725,1.036375909391887
MLT,29T30,1.0399203385160136,1.0344110944674294,1.036375909391887
MLT,31T33,1.0425717257471208,1.038393822401763,1.036375909391887
MLT,35,0.8935927964318486,1.106828108376456,1.036375909391887
MLT,36T39,1.0241976739313083,1.046655396091289,1.036375909391887
MLT,41T43,1.026362671460452,1.04014038669777,1.036375909391887
MLT,45T47,1.0126969404884552,1.0361340966252257,1.036375909391887
MLT,49,1.0108557734656807,1.0366592090094093,1.036375909391887
MLT,50,0.4214184796122312,1.037642636366974,1.036375909391887
MLT,51,1.0422746280302309,1.0442066159906915,1.036375909391887
MLT,52,0.9715199937965883,1.0360121973465104,1.036375909391887
MLT,53,0.9928811148099701,1.0667880132095715,1.036375909391887
MLT,55T56,1.022220135249213,1.0382390071134906,1.036375909391887
MLT,58T60,1.0103769602473645,1.0260141285239806,1.036375909391887
MLT,61,1.011908057787101,1.023488618836099,1.036375909391887
MLT,62T63,1.001584385279009,1.0291612715409544,1.036375909391887
MLT,64T66,0.9972694866162041,1.032312708698427,1.036375909391887
MLT,68,1.0205598815516965,1.0256652249645704,1.036375909391887
MLT,69T75,1.0006687623453416,1.02843666738461,1.036375909391887
MLT,77T82,0.9961528639943859,1.0337125035436732,1.036375909391887
MLT,84,1.0311851241326713,1.0244536165566684,1.036375909391887
MLT,85,1.0315682913728095,1.019949704458569,1.036375909391887
MLT,86T88,1.0332547061420199,1.0292038878608927,1.036375909391887
MLT,90T93,1.027585227675194,1.021321642175799,1.036375909391887
MLT,94T98,1.0242998811483437,1.0290384115973423,1.036375909391887
MMR,01T02,0.595884121563062,1.14165703902175,1.1067388896045138
MMR,03,1.0608757566515257,0.920825878208685,1.1067388896045138
MMR,05T06,0.7570665146043142,0.9940461135603929,1.1067388896045138
MMR,07T08,1.0697051809106666,1.0079687451769053,1.1067388896045138
MMR,10T12,0.8754014674291146,1.2071889709971115,1.1067388896045138
MMR,13T15,1.0898158650118068,1.0352441812346445,1.1067388896045138
MMR,16,0.9397406720223714,1.113029005853557,1.1067388896045138
MMR,17T18,1.0971179911399964,1.0266876510734586,1.1067388896045138
MMR,19,0.9223401631881909,1.0465892462607151,1.1067388896045138
MMR,20,0.987278076875493,1.0916113826892409,1.1067388896045138
MMR,21,1.0246523452756,1.0743976717560737,1.1067388896045138
MMR,22,1.0657418192360613,1.0792122469097878,1.1067388896045138
MMR,23,0.9836803474439769,1.0207003599317168,1.1067388896045138
MMR,24,1.6211505270040336,1.0287167557723236,1.1067388896045138
MMR,25,1.1728364149623527,1.0099761771694387,1.1067388896045138
MMR,26,1.1199116763963894,0.9977526305502963,1.1067388896045138
MMR,27,1.1644291384800194,1.0101198316897058,1.1067388896045138
MMR,28,1.162060553765667,1.000312941828444,1.1067388896045138
MMR,29T30,1.1748300791428354,0.9973914703876698,1.1067388896045138
MMR,31T33,1.1108803765099842,1.017380187659965,1.1067388896045138
MMR,35,0.514251947145057,1.0770007808569848,1.1067388896045138
MMR,36T39,1.087985598903667,1.0061063021586514,1.1067388896045138
MMR,41T43,1.0443803460779648,1.0279427313067568,1.1067388896045138
MMR,45T47,0.9812316590448915,1.030499696693936,1.1067388896045138
MMR,49,0.951796008204423,0.9845345245483307,1.1067388896045138
MMR,50,0.9683925069788045,1.0300608136896392,1.1067388896045138
MMR,51,1.0986546884020865,1.000563805593678,1.1067388896045138
MMR,52,0.9947848168889486,0.999852568303048,1.1067388896045138
MMR,53,1.0684516218833136,0.9625399660937938,1.1067388896045138
MMR,55T56,1.0722558251364107,1.052740003921403,1.1067388896045138
MMR,58T60,1.1314469174249573,0.9876221024865033,1.1067388896045138
MMR,61,1.1012944354004932,0.9472681435302528,1.1067388896045138
MMR,62T63,1.165994912564941,0.9621600047012548,1.1067388896045138
MMR,64T66,1.0568452563116713,0.9427282449719578,1.1067388896045138
MMR,68,1.0946551391559387,0.9548235596998788,1.1067388896045138
MMR,69T75,1.1097155201697064,0.976111307124165,1.1067388896045138
MMR,77T82,1.044707552153721,0.9922370318454014,1.1067388896045138
MMR,84,1.1006059554920158,0.9997355792168365,1.1067388896045138
MMR,85,1.1009375995658173,1.0057815260856575,1.1067388896045138
MMR,86T88,1.1017152678030675,1.0141279879617746,1.1067388896045138
MMR,90T93,1.0403653821938508,1.0556219403968852,1.1067388896045138
MMR,94T98,1.0871149503522533,1.037741681049751,1.1067388896045138
NLD,01T02,1.1416905773457564,1.050686916792686,1.0324285494620768
NLD,03,0.9195045114805802,1.0317130128587784,1.0324285494620768
NLD,05T06,0.9336689388882087,1.0441707692621036,1.0324285494620768
NLD,07T08,1.0106026203558494,1.055136510128076,1.0324285494620768
NLD,10T12,1.0440319452746565,1.0590924140037405,1.0324285494620768
NLD,13T15,0.9973218787448194,1.0453945232729234,1.0324285494620768
NLD,16,1.0908830911674516,1.0401261110807958,1.0324285494620768
NLD,17T18,1.0388125104764323,1.0369802984731422,1.0324285494620768
NLD,19,0.9865861062358546,1.0626661390897267,1.0324285494620768
NLD,20,0.955206425804223,1.0526440042745866,1.0324285494620768
NLD,21,0.9959801361243349,1.0315386358646104,1.0324285494620768
NLD,22,1.0791638223213509,1.0461699008770384,1.0324285494620768
NLD,23,1.095288855057061,1.0432678352260987,1.0324285494620768
NLD,24,0.9770372827370954,1.0607211955072677,1.0324285494620768
NLD,25,1.0449986264337887,1.0454904834334573,1.0324285494620768
NLD,26,1.0361431643455663,1.0309537697690012,1.0324285494620768
NLD,27,1.052337292980934,1.0356711968681704,1.0324285494620768
NLD,28,1.041489605847493,1.0347352585349836,1.0324285494620768
NLD,29T30,1.0361286727651096,1.0362372661439512,1.0324285494620768
NLD,31T33,1.0536651419358436,1.033847462867604,1.0324285494620768
NLD,35,0.8145574205070193,1.0519868902827705,1.0324285494620768
NLD,36T39,1.027659304101928,1.0318173839837848,1.0324285494620768
NLD,41T43,1.0257267957471876,1.0373079502955842,1.0324285494620768
NLD,45T47,1.022806725332879,1.0273344500289325,1.0324285494620768
NLD,49,1.0245352192884074,1.0339092522014628,1.0324285494620768
NLD,50,0.8839020187446687,1.0516956310063683,1.0324285494620768
NLD,51,0.9833081816905542,1.0381685020829157,1.0324285494620768
NLD,52,1.014936901803901,1.0294565390743609,1.0324285494620768
NLD,53,1.0279082342199377,1.027189197074581,1.0324285494620768
NLD,55T56,1.0285515150466151,1.034902361470636,1.0324285494620768
NLD,58T60,1.0119916927898727,1.027391250431117,1.0324285494620768
NLD,61,1.017666058242385,1.0275843985449664,1.0324285494620768
NLD,62T63,1.0116805538183764,1.0249652145049655,1.0324285494620768
NLD,64T66,1.0208031683044705,1.0236899486323636,1.0324285494620768
NLD,68,1.029394475216681,1.0263168545191614,1.0324285494620768
NLD,69T75,1.0126471250202915,1.0260508938308095,1.0324285494620768
NLD,77T82,1.0145607845409,1.0261127920258146,1.0324285494620768
NLD,84,1.0298537130341785,1.026213748554977,1.0324285494620768
NLD,85,1.0299026384956018,1.0250829025214683,1.0324285494620768
NLD,86T88,1.031285918421313,1.0264684887752187,1.0324285494620768
NLD,90T93,1.0247856822463997,1.0320362303004762,1.0324285494620768
NLD,94T98,1.027825890300045,1.0298844690833076,1.0324285494620768
NOR,01T02,0.986393008220995,1.0389516714768479,1.0273304855310668
NOR,03,1.0322124954766336,1.028509339951066,1.0273304855310668
NOR,05T06,0.9769981993291484,1.0206469310456021,1.0273304855310668
NOR,07T08,1.0280152028984304,1.0344452392925632,1.0273304855310668
NOR,10T12,1.0447924529287618,1.0521110876669084,1.0273304855310668
NOR,13T15,1.0597912917895858,1.030621043276838,1.0273304855310668
NOR,16,1.0781876865614797,1.0447968442490672,1.0273304855310668
NOR,17T18,1.0347466440746242,1.0401272467497458,1.0273304855310668
NOR,19,0.9721709956959415,1.0504690808735992,1.0273304855310668
NOR,20,0.9171964435145049,1.0403365161895612,1.0273304855310668
NOR,21,0.9630201304839977,1.0297797296200002,1.0273304855310668
NOR,22,1.0734485198150938,1.0421550477198434,1.0273304855310668
NOR,23,1.0278821655284736,1.0451663672012328,1.0273304855310668
NOR,24,0.9962013526035011,1.0616648464982001,1.0273304855310668
NOR,25,1.0348268207403164,1.0455893620580925,1.0273304855310668
NOR,26,1.0339363523246872,1.0275459950841301,1.0273304855310668
NOR,27,1.0396131811918423,1.040238151174898,1.0273304855310668
NOR,28,1.028417751034793,1.0349197629526192,1.0273304855310668
NOR,29T30,1.0186435818115191,1.0371641325960232,1.0273304855310668
NOR,31T33,1.0433734678633815,1.0318531856925028,1.0273304855310668
NOR,35,1.0668721676668058,1.0182545599707646,1.0273304855310668
NOR,36T39,1.0188132076838288,1.027398621263109,1.0273304855310668
NOR,41T43,1.0248800093207837,1.0301653267782216,1.0273304855310668
NOR,45T47,1.0180750697951635,1.0253541897045146,1.0273304855310668
NOR,49,1.0307349116755882,1.0334715899498048,1.0273304855310668
NOR,50,0.9053919786805664,1.0567237427753047,1.0273304855310668
NOR,51,0.9364672138427637,1.03806749051989,1.0273304855310668
NOR,52,1.0132604402865681,1.0305528705095175,1.0273304855310668
NOR,53,1.0221976566205788,1.0258695423785422,1.0273304855310668
NOR,55T56,1.0299144700959575,1.0275739241242332,1.0273304855310668
NOR,58T60,1.01574322887554,1.0259704354022041,1.0273304855310668
NOR,61,1.0185639141967218,1.019389828343782,1.0273304855310668
NOR,62T63,1.0190317187668134,1.020292754979475,1.0273304855310668
NOR,64T66,1.0160770121383715,1.0163132775219592,1.0273304855310668
NOR,68,1.025771457947197,1.0189687573722865,1.0273304855310668
NOR,69T75,1.0155882112062231,1.0209707675878028,1.0273304855310668
NOR,77T82,1.013187657966653,1.0267937379699714,1.0273304855310668
NOR,84,1.0253998448460715,1.023143092661518,1.0273304855310668
NOR,85,1.0269696857943242,1.0169178424446113,1.0273304855310668
NOR,86T88,1.026811184826351,1.0178976247528981,1.0273304855310668
NOR,90T93,1.0254939870552107,1.0239426094414301,1.0273304855310668
NOR,94T98,1.0250071199270767,1.022027908630183,1.0273304855310668
NZL,01T02,0.7747799024790247,1.0491719567598599,1.021438781967183
NZL,03,0.9739836952896556,1.0207865798348519,1.021438781967183
NZL,05T06,0.8858435197792904,1.032048766638731,1.021438781967183
NZL,07T08,1.0089750795486325,1.0002564863419363,1.021438781967183
NZL,10T12,0.9709556493370269,1.0935379128043567,1.021438781967183
NZL,13T15,1.0285525154331232,1.0391198008325684,1.021438781967183
NZL,16,1.0242357193164633,1.052220017545029,1.021438781967183
NZL,17T18,1.0139576969635136,1.0361116468251723,1.021438781967183
NZL,19,0.9978717063395212,1.0555161459828581,1.021438781967183
NZL,20,0.8549696609066156,1.0417139239712498,1.021438781967183
NZL,21,0.9081964905290836,1.0312464649594073,1.021438781967183
NZL,22,1.0166593075541306,1.0293684314615625,1.021438781967183
NZL,23,1.0615295466447305,1.0226902766951056,1.021438781967183
NZL,24,0.9690646619696137,1.0312301443755372,1.021438781967183
NZL,25,1.042215217935968,1.035559491233881,1.021438781967183
NZL,26,1.0360285327342422,1.0207316377670375,1.021438781967183
NZL,27,1.0792404461837248,1.0208166416690145,1.021438781967183
NZL,28,1.0320438984787341,1.0308685228107948,1.021438781967183
NZL,29T30,1.064119800227403,1.0180224239720406,1.021438781967183
NZL,31T33,1.0733476241390412,1.0184881375523602,1.021438781967183
NZL,35,0.9696734885169191,1.0268571427694708,1.021438781967183
NZL,36T39,0.9984220505403021,1.0057823474063698,1.021438781967183
NZL,41T43,1.0100397094201032,1.02082756837376,1.021438781967183
NZL,45T47,1.0100569624546645,1.0082838904937335,1.021438781967183
NZL,49,0.9834138386058809,1.016504605350799,1.021438781967183
NZL,50,0.9232491313681715,1.0183242531304264,1.021438781967183
NZL,51,0.9523252387673566,1.0181043008923842,1.021438781967183
NZL,52,1.0039108936166874,1.0046294131895641,1.021438781967183
NZL,53,1.012118355337961,1.012597749155176,1.021438781967183
NZL,55T56,1.0372679369409847,1.0188083418185538,1.021438781967183
NZL,58T60,1.0243621825921103,1.008310444445179,1.021438781967183
NZL,61,1.0260729643939543,1.0057308138064358,1.021438781967183
NZL,62T63,1.0245967487932817,1.0016746528048002,1.021438781967183
NZL,64T66,1.0070434790154235,1.0003713273150474,1.021438781967183
NZL,68,1.0162235741166372,1.0022428495997526,1.021438781967183
NZL,69T75,1.0049332402358644,1.005466059460117,1.021438781967183
NZL,77T82,0.998570211767436,1.0067594651339584,1.021438781967183
NZL,84,1.0187353982025487,1.0061879419261002,1.021438781967183
NZL,85,1.0201518251003072,1.0020646019310793,1.021438781967183
NZL,86T88,1.020915999665067,1.0070890666853964,1.021438781967183
NZL,90T93,1.0208503511842062,1.009486355648174,1.021438781967183
NZL,94T98,1.0130734930248078,1.004910161039697,1.021438781967183
PER,01T02,0.5191483359490593,1.0541483203301587,1.0694363712450758
PER,03,1.0307384491579663,1.0346773223497518,1.0694363712450758
PER,05T06,0.9473239984830937,1.0371652658450121,1.0694363712450758
PER,07T08,1.0839158729881662,1.0304048518258322,1.0694363712450758
PER,10T12,1.0289066622850163,1.1489701119969582,1.0694363712450758
PER,13T15,1.0275106451814926,1.05992399971282,1.0694363712450758
PER,16,0.9729924702702619,1.0952760299327886,1.0694363712450758
PER,17T18,1.063417171619461,1.0328588611420604,1.0694363712450758
PER,19,1.0511924935010601,1.0724581535299478,1.0694363712450758
PER,20,1.105470188893285,1.0438154393372348,1.0694363712450758
PER,21,1.069758595382584,1.0352215044142092,1.0694363712450758
PER,22,0.9404581869566887,1.049767687587902,1.0694363712450758
PER,23,1.0552387828851173,1.0537750136601138,1.0694363712450758
PER,24,1.4944799410044596,1.0516459549436539,1.0694363712450758
PER,25,1.0820749326844805,1.038198463673911,1.0694363712450758
PER,26,1.0639006468723635,1.031179412840033,1.0694363712450758
PER,27,1.090752524000341,1.0337664261119037,1.0694363712450758
PER,28,1.0664148259619197,1.0342743794734297,1.0694363712450758
PER,29T30,1.0777543211025187,1.0305775882330503,1.0694363712450758
PER,31T33,0.8948763563543982,1.0587455848009433,1.0694363712450758
PER,35,0.9519438141647517,1.0418476421880511,1.0694363712450758
PER,36T39,1.0861957972083414,1.0306556709696255,1.0694363712450758
PER,41T43,1.0649049716775807,1.0440284430877143,1.0694363712450758
PER,45T47,1.0391930659536497,1.0241952935975338,1.0694363712450758
PER,49,1.0287709460185355,1.0347323351727222,1.0694363712450758
PER,50,0.8703696344824374,1.0359529582328328,1.0694363712450758
PER,51,1.0609815588127596,1.0454584227520467,1.0694363712450758
PER,52,1.0274276607953923,1.0329635622500708,1.0694363712450758
PER,53,1.0376139981747177,1.03083369080192,1.0694363712450758
PER,55T56,1.0521608949266745,1.062360855127634,1.0694363712450758
PER,58T60,1.052567286522331,1.024178808753034,1.0694363712450758
PER,61,1.0625218838692512,1.0245443559705592,1.0694363712450758
PER,62T63,1.061948652958264,1.0212858864039966,1.0694363712450758
PER,64T66,1.074837044976074,1.0205908602718852,1.0694363712450758
PER,68,1.0599008392709943,1.019691180674504,1.0694363712450758
PER,69T75,1.053552845119815,1.0240177436014126,1.0694363712450758
PER,77T82,1.0767505116248157,1.0223116530584244,1.0694363712450758
PER,84,1.0604696696613636,1.0290876245176295,1.0694363712450758
PER,85,1.0674748552732436,1.0198540375856775,1.0694363712450758
PER,86T88,1.0657121996068486,1.023312992941831,1.0694363712450758
PER,90T93,1.0582813829844036,1.0374213190538497,1.0694363712450758
PER,94T98,1.066710900197741,1.0226691659908265,1.0694363712450758
PHL,01T02,0.9449819823106725,1.030788471075906,1.0531584893720318
PHL,03,1.0379382064215148,1.0214076269560437,1.0531584893720318
PHL,05T06,0.7238567933318718,1.0219066080146728,1.0531584893720318
PHL,07T08,0.9190371684506226,1.0228911029828887,1.0531584893720318
PHL,10T12,1.0488819485427872,1.0587531391455791,1.0531584893720318
PHL,13T15,1.0563143621161881,1.0363955428201164,1.0531584893720318
PHL,16,1.0119261720726704,1.0566328934662539,1.0531584893720318
PHL,17T18,0.8601949975516293,1.0635348825055098,1.0531584893720318
PHL,19,0.9906066257930471,1.0588818473844035,1.0531584893720318
PHL,20,1.086260484036179,1.0463640670667027,1.0531584893720318
PHL,21,1.0155476331311935,1.0497788746870593,1.0531584893720318
PHL,22,1.0751638719238408,1.0534501565448504,1.0531584893720318
PHL,23,0.7338462819158381,1.061258979471407,1.0531584893720318
PHL,24,1.1837315278278586,1.0759069689704617,1.0531584893720318
PHL,25,1.0431338888122526,1.072373243047825,1.0531584893720318
PHL,26,1.0229493470109499,1.0440370808144726,1.0531584893720318
PHL,27,1.0585273693988682,1.0418086203250465,1.0531584893720318
PHL,28,1.0288839267038532,1.0469192353597478,1.0531584893720318
PHL,29T30,1.0241758274560493,1.0473308089838684,1.0531584893720318
PHL,31T33,1.0430785563443752,1.0463555396419282,1.0531584893720318
PHL,35,0.7948073024836466,1.048021945701028,1.0531584893720318
PHL,36T39,1.0356897045479112,1.037907495103803,1.0531584893720318
PHL,41T43,1.040530224801404,1.0648257213951038,1.0531584893720318
PHL,45T47,1.016788579988519,1.032856966633761,1.0531584893720318
PHL,49,0.9825839828424423,1.0414240374072816,1.0531584893720318
PHL,50,0.7793406944336781,1.0330767065733677,1.0531584893720318
PHL,51,0.8898780370636077,1.0389470621227426,1.0531584893720318
PHL,52,1.0052268634849262,1.0327726429176372,1.0531584893720318
PHL,53,1.0356203412287295,1.028323697173505,1.0531584893720318
PHL,55T56,1.0345671592743289,1.048374308265951,1.0531584893720318
PHL,58T60,0.9631292925825662,1.046453906566537,1.0531584893720318
PHL,61,1.0354553146749768,1.0260168210432277,1.0531584893720318
PHL,62T63,0.9773623107148743,1.0307489175296123,1.0531584893720318
PHL,64T66,1.018783848983282,1.0183945390819558,1.0531584893720318
PHL,68,1.0432110206029044,1.0218938643036644,1.0531584893720318
PHL,69T75,0.9998672250597075,1.0269939588263872,1.0531584893720318
PHL,77T82,1.0059023611874145,1.0273425137444854,1.0531584893720318
PHL,84,1.048306896516036,1.0200103761748023,1.0531584893720318
PHL,85,1.0409895248494716,1.020175362628052,1.0531584893720318
PHL,86T88,1.0414961427507816,1.035949525757027,1.0531584893720318
PHL,90T93,1.032514864038962,1.0352676599331025,1.0531584893720318
PHL,94T98,1.0440247525168995,1.0311331073843417,1.0531584893720318
POL,01T02,0.8691505969188753,1.0580953737106653,1.0447150394061089
POL,03,1.0049153855393482,1.0307919212931493,1.0447150394061089
POL,05T06,0.6257028910041297,1.0300650713457762,1.0447150394061089
POL,07T08,0.9266505044547129,1.0526500370659773,1.0447150394061089
POL,10T12,1.014173762235197,1.0664364669132238,1.0447150394061089
POL,13T15,1.0474947267122034,1.032642253914991,1.0447150394061089
POL,16,1.0094302259952412,1.0570060512098214,1.0447150394061089
POL,17T18,1.0182457718054503,1.0407827570863042,1.0447150394061089
POL,19,0.9386229942167155,1.0607643469500072,1.0447150394061089
POL,20,0.8533415511101315,1.057244102851469,1.0447150394061089
POL,21,0.9953694410382454,1.017614824376308,1.0447150394061089
POL,22,1.0536083152101583,1.0484371706484918,1.0447150394061089
POL,23,0.9011183474992871,1.0619589079925138,1.0447150394061089
POL,24,0.920540925403409,1.0849553383187895,1.0447150394061089
POL,25,1.0304372289976862,1.0475037476686166,1.0447150394061089
POL,26,1.0295056920250152,1.0366383493897868,1.0447150394061089
POL,27,1.0349595518079273,1.0452162872797153,1.0447150394061089
POL,28,1.0237512635726371,1.041379451474267,1.0447150394061089
POL,29T30,1.0311853188320406,1.037767579398763,1.0447150394061089
POL,31T33,1.0591504620839407,1.0345675713032036,1.0447150394061089
POL,35,0.701475614804212,1.0543896714795498,1.0447150394061089
POL,36T39,1.007532159079595,1.0360144791822814,1.0447150394061089
POL,41T43,1.0182229837443513,1.0360915913569406,1.0447150394061089
POL,45T47,1.0171860737148044,1.0203222756679542,1.0447150394061089
POL,49,0.9606208491284246,1.0320832582224153,1.0447150394061089
POL,50,1.068796166733332,1.0285013243809253,1.0447150394061089
POL,51,1.0705892461513018,1.0307054447465187,1.0447150394061089
POL,52,1.0061721435900894,1.030764865273314,1.0447150394061089
POL,53,1.025976847144526,1.0242389807619015,1.0447150394061089
POL,55T56,1.0324760725306672,1.0344040276337,1.0447150394061089
POL,58T60,1.0359113248778673,1.0186239609274386,1.0447150394061089
POL,61,1.030939595128994,1.0194416868065221,1.0447150394061089
POL,62T63,1.0318961053971574,1.012075056910537,1.0447150394061089
POL,64T66,1.022091037635233,1.0143275350563268,1.0447150394061089
POL,68,1.025532192274629,1.0595185379814462,1.0447150394061089
POL,69T75,1.0244246777345123,1.0151722106071686,1.0447150394061089
POL,77T82,1.0149448065740274,1.024870847499337,1.0447150394061089
POL,84,1.040604388343815,1.0132608316063376,1.0447150394061089
POL,85,1.041409401215195,1.0163112601893651,1.0447150394061089
POL,86T88,1.0413817624529396,1.0222340416587798,1.0447150394061089
POL,90T93,1.036961869506146,1.0319138255035865,1.0447150394061089
POL,94T98,1.0332567150427212,1.0210845611657193,1.0447150394061089
PRT,01T02,1.0307158694458,1.0486895774999427,1.0364001138135146
PRT,03,0.9830651925946683,1.0332366616834452,1.0364001138135146
PRT,05T06,0.36541936209591563,1.0518372859389369,1.0364001138135146
PRT,07T08,0.993435968046269,1.0452306548039405,1.0364001138135146
PRT,10T12,1.0337564039066285,1.064329656260253,1.0364001138135146
PRT,13T15,1.0337694271791003,1.0347952953121713,1.0364001138135146
PRT,16,1.0217688918360197,1.0577929548071756,1.0364001138135146
PRT,17T18,0.9841674086659942,1.0545716260267386,1.0364001138135146
PRT,19,0.9679624956653553,1.076552068514653,1.0364001138135146
PRT,20,0.9807308753081474,1.0596510647545334,1.0364001138135146
PRT,21,1.0127923560598142,1.0376435938648179,1.0364001138135146
PRT,22,1.0595023185160282,1.0498003798973607,1.0364001138135146
PRT,23,0.9098088707335406,1.0566745276130372,1.0364001138135146
PRT,24,1.174105054823434,1.0634063190372771,1.0364001138135146
PRT,25,1.031524010406609,1.046759920069098,1.0364001138135146
PRT,26,1.0284017201125526,1.0363360858939576,1.0364001138135146
PRT,27,1.0308993403892273,1.0487512801821675,1.0364001138135146
PRT,28,1.0202237049084473,1.0458014159014601,1.0364001138135146
PRT,29T30,1.0304841368569087,1.039948906054986,1.0364001138135146
PRT,31T33,1.0538282426810952,1.038615027233613,1.0364001138135146
PRT,35,0.8989191890442153,1.1023116319746216,1.0364001138135146
PRT,36T39,1.0531697202068278,1.0396613453577042,1.0364001138135146
PRT,41T43,1.0285437368402215,1.0466121969441147,1.0364001138135146
PRT,45T47,1.018292222551246,1.0297378877774308,1.0364001138135146
PRT,49,0.9600603377238321,1.038097330762359,1.0364001138135146
PRT,50,0.826895924870224,1.0393306984328519,1.0364001138135146
PRT,51,0.9844705384735976,1.0395421792350525,1.0364001138135146
PRT,52,1.0132043652187226,1.0288019995946287,1.0364001138135146
PRT,53,1.0261944884265957,1.0264133977535712,1.0364001138135146
PRT,55T56,1.0276411126773974,1.037547252748167,1.0364001138135146
PRT,58T60,1.0167904340584117,1.029351351915004,1.0364001138135146
PRT,61,1.0250508908518505,1.0279374312118295,1.0364001138135146
PRT,62T63,1.0194211520361414,1.0250708498035441,1.0364001138135146
PRT,64T66,1.0242798007454164,1.0231645023080131,1.0364001138135146
PRT,68,1.0339225355546031,1.022780238935835,1.0364001138135146
PRT,69T75,1.0165041538933748,1.0267716010947494,1.0364001138135146
PRT,77T82,1.0170663698013704,1.0266303069804432,1.0364001138135146
PRT,84,1.0326893630087886,1.027577687759793,1.0364001138135146
PRT,85,1.0348639636984254,1.0236506852413387,1.0364001138135146
PRT,86T88,1.0339307490418441,1.0305654279675633,1.0364001138135146
PRT,90T93,1.029302323080224,1.0305744348563577,1.0364001138135146
PRT,94T98,1.0329380140590938,1.02891949200931,1.0364001138135146
ROU,01T02,0.973084579398007,1.050530520670652,1.0418054136041064
ROU,03,1.0425499766104123,1.0393858555401223,1.0418054136041064
ROU,05T06,0.8079597873779845,1.0393326015386033,1.0418054136041064
ROU,07T08,0.8831231226895868,1.040921767055768,1.0418054136041064
ROU,10T12,1.0416700350146457,1.0556625305363057,1.0418054136041064
ROU,13T15,1.0449332945079983,1.0318178237216016,1.0418054136041064
ROU,16,1.0259509049149793,1.055243386343154,1.0418054136041064
ROU,17T18,1.020403907581275,1.0402252778689982,1.0418054136041064
ROU,19,0.9833736793380764,1.0636313151164367,1.0418054136041064
ROU,20,0.6202248524578184,1.0632378147351207,1.0418054136041064
ROU,21,0.8846315135521592,1.0367491185145887,1.0418054136041064
ROU,22,1.0435720192806022,1.0499938958471722,1.0418054136041064
ROU,23,0.807833226540596,1.0509642691680978,1.0418054136041064
ROU,24,0.9123487004450561,1.061445356687468,1.0418054136041064
ROU,25,1.0007771711130022,1.0475233409378424,1.0418054136041064
ROU,26,1.0274277991123113,1.0376823742100676,1.0418054136041064
ROU,27,1.0355739485734405,1.0424903395647755,1.0418054136041064
ROU,28,1.0154340594253068,1.0484192488160025,1.0418054136041064
ROU,29T30,1.0203058559999636,1.0425560560653198,1.0418054136041064
ROU,31T33,1.0570862745091731,1.0364069602275185,1.0418054136041064
ROU,35,0.881886696650757,1.0654235791333289,1.0418054136041064
ROU,36T39,1.032319719535557,1.036952962549355,1.0418054136041064
ROU,41T43,1.0324433167455045,1.0553664098549536,1.0418054136041064
ROU,45T47,1.0133923026783105,1.029493057509002,1.0418054136041064
ROU,49,1.0181987726348478,1.0331093739321742,1.0418054136041064
ROU,50,1.096530431235299,1.0295603816901613,1.0418054136041064
ROU,51,1.0297954876853899,1.0355982486311273,1.0418054136041064
ROU,52,1.0145128326507367,1.029126399277907,1.0418054136041064
ROU,53,1.0192042633726204,1.0289440190055417,1.0418054136041064
ROU,55T56,1.031472828494982,1.0305951005492169,1.0418054136041064
ROU,58T60,1.0269116884973337,1.02436824015959,1.0418054136041064
ROU,61,1.0232254130230796,1.030211828260449,1.0418054136041064
ROU,62T63,1.0138058547198956,1.0219489929856893,1.0418054136041064
ROU,64T66,1.0149970975081202,1.0197076308017703,1.0418054136041064
ROU,68,1.0349767221353707,1.0181199216899606,1.0418054136041064
ROU,69T75,1.0133124747847444,1.0271379953763038,1.0418054136041064
ROU,77T82,1.017602865521111,1.027003134744915,1.0418054136041064
ROU,84,1.0384756610780106,1.0172206777576343,1.0418054136041064
ROU,85,1.0354466388897814,1.0181845365301772,1.0418054136041064
ROU,86T88,1.0383713283138702,1.0233342936298568,1.0418054136041064
ROU,90T93,1.0369130881889077,1.0264553755243038,1.0418054136041064
ROU,94T98,1.033118131938218,1.0265308363050516,1.0418054136041064
ROW,01T02,0.7233383936313159,1.0278526292492656,1.0440615464564151
ROW,03,1.0274962712101554,0.9810861061065435,1.0440615464564151
ROW,05T06,0.798890721183507,0.9938346606014113,1.0440615464564151
ROW,07T08,1.0135670283819482,0.9888685801680215,1.0440615464564151
ROW,10T12,1.0099189909662822,1.091081434648544,1.0440615464564151
ROW,13T15,1.1035353221194464,1.0072381408687343,1.0440615464564151
ROW,16,1.0056028310107816,1.0499671617150046,1.0440615464564151
ROW,17T18,1.042101765772428,1.030421452817413,1.0440615464564151
ROW,19,0.9517420589684994,1.043394862673505,1.0440615464564151
ROW,20,0.806422445626955,1.0423153250331016,1.0440615464564151
ROW,21,1.032274468193971,1.0057183779834915,1.0440615464564151
ROW,22,0.678658679308152,1.0548985354807803,1.0440615464564151
ROW,23,0.8115829332516724,1.0347400883182047,1.0440615464564151
ROW,24,1.122437533801226,1.0461175273160275,1.0440615464564151
ROW,25,1.0750084488272125,1.0275049077067901,1.0440615464564151
ROW,26,1.0617564738915743,1.0103812558144114,1.0440615464564151
ROW,27,1.068810260125856,1.0290164522458403,1.0440615464564151
ROW,28,1.0626599001364474,1.0174803858449628,1.0440615464564151
ROW,29T30,1.0870055318633387,1.0113669854133114,1.0440615464564151
ROW,31T33,0.7473947336023322,1.0132675254649353,1.0440615464564151
ROW,35,0.700454411580649,1.0501851154922985,1.0440615464564151
ROW,36T39,1.020066093431293,0.9991656244130523,1.0440615464564151
ROW,41T43,1.0353465717253483,1.0193785313433046,1.0440615464564151
ROW,45T47,1.0209394474116322,0.9858103218092923,1.0440615464564151
ROW,49,0.960480059196522,0.9948733304740811,1.0440615464564151
ROW,50,0.9877512785269907,1.0092395042135593,1.0440615464564151
ROW,51,0.8325810904772528,1.006092880624487,1.0440615464564151
ROW,52,1.0193459017851823,0.9924088663971942,1.0440615464564151
ROW,53,1.0369290089670857,0.9840563504777922,1.0440615464564151
ROW,55T56,1.0466677056256786,1.0177824612573045,1.0440615464564151
ROW,58T60,1.076135012078946,0.9829807471877806,1.0440615464564151
ROW,61,1.0391832336623341,0.9777315520825461,1.0440615464564151
ROW,62T63,1.079690420112671,0.9711889572943426,1.0440615464564151
ROW,64T66,1.050691991236487,0.9673939282163018,1.0440615464564151
ROW,68,1.0431547346939039,0.9661143436370571,1.0440615464564151
ROW,69T75,1.0536273984941993,0.9728261523314969,1.0440615464564151
ROW,77T82,1.0322540635785722,0.9778511573155613,1.0440615464564151
ROW,84,1.0375112629378187,0.9820421664058044,1.0440615464564151
ROW,85,1.041100870253751,0.9798402658373832,1.0440615464564151
ROW,86T88,1.0407798369415404,0.9860284966751309,1.0440615464564151
ROW,90T93,1.0457374978343414,0.9915675332828309,1.0440615464564151
ROW,94T98,1.0396955703614916,0.9863378701500586,1.0440615464564151
RUS,01T02,0.9266238096445055,1.0056348742727543,1.0152913795672143
RUS,03,0.9837038919573271,0.9810305730284882,1.0152913795672143
RUS,05T06,0.8159271011651285,0.9708501690260528,1.0152913795672143
RUS,07T08,0.8551472318679104,0.9895628758072057,1.0152913795672143
RUS,10T12,1.024723039153478,1.0370581372278662,1.0152913795672143
RUS,13T15,1.1314866525877398,0.9955959847340576,1.0152913795672143
RUS,16,0.8317378072615178,1.0381191996691201,1.0152913795672143
RUS,17T18,0.9973866419111318,1.0230689245390188,1.0152913795672143
RUS,19,0.8961851834727255,1.0061830669707477,1.0152913795672143
RUS,20,0.644916381233228,1.0467268765259874,1.0152913795672143
RUS,21,1.003254480116467,0.9924678108755928,1.0152913795672143
RUS,22,0.9388355564810542,1.064222232005439,1.0152913795672143
RUS,23,0.7461299031441905,1.0747380700636924,1.0152913795672143
RUS,24,0.6093777157225857,1.0726235640422603,1.0152913795672143
RUS,25,0.9510561593421153,1.0599183244605908,1.0152913795672143
RUS,26,1.0363132791620322,0.9971617508689614,1.0152913795672143
RUS,27,0.9716918397822124,1.0554809350946073,1.0152913795672143
RUS,28,0.9709338643993989,1.0422337944621096,1.0152913795672143
RUS,29T30,1.015847172383059,1.01950367992372,1.0152913795672143
RUS,31T33,0.9831208191835472,1.0143171146036465,1.0152913795672143
RUS,35,0.5910978708478722,1.125481895391613,1.0152913795672143
RUS,36T39,0.8685222527305085,1.0561817686240407,1.0152913795672143
RUS,41T43,0.9880532094130142,1.015854737107359,1.0152913795672143
RUS,45T47,0.991978267235326,0.9730072394425828,1.0152913795672143
RUS,49,0.8464294162208431,0.9927465709489308,1.0152913795672143
RUS,50,0.6467362066180159,0.9855797024592825,1.0152913795672143
RUS,51,0.9059668196430543,1.0028527538163277,1.0152913795672143
RUS,52,0.9296522961944846,0.9948786737915426,1.0152913795672143
RUS,53,1.014638765906346,0.9770889112005824,1.0152913795672143
RUS,55T56,1.0523991835956747,0.9883682379767325,1.0152913795672143
RUS,58T60,1.101925767006992,0.9684597912084449,1.0152913795672143
RUS,61,1.0223095180789252,0.9699004335114906,1.0152913795672143
RUS,62T63,1.0729500712420763,0.9558815551798822,1.0152913795672143
RUS,64T66,0.9914211318657373,0.9473752648491036,1.0152913795672143
RUS,68,0.9994479730929644,0.9675285168678688,1.0152913795672143
RUS,69T75,1.015916021953539,0.96529398828766,1.0152913795672143
RUS,77T82,0.9426801634104244,0.9608973215619482,1.0152913795672143
RUS,84,1.0111071355782637,0.9688451451729283,1.0152913795672143
RUS,85,1.0146264753002872,0.9615313651783246,1.0152913795672143
RUS,86T88,1.0133381906460268,0.9733064209021935,1.0152913795672143
RUS,90T93,1.0212451366427862,0.9721565565013615,1.0152913795672143
RUS,94T98,1.02084208161197,0.9565119855658892,1.0152913795672143
SAU,01T02,1.1261532040240976,1.0025978869907417,1.0330234584943312
SAU,03,1.017925238853637,1.0138028728680704,1.0330234584943312
SAU,05T06,0.9252939397320297,0.9688661625564347,1.0330234584943312
SAU,07T08,1.0147500615880733,0.9768817506168087,1.0330234584943312
SAU,10T12,1.093954881422839,1.011974839316803,1.0330234584943312
SAU,13T15,1.0380435861289459,1.0211297024432209,1.0330234584943312
SAU,16,0.8302060623418762,1.0306308781300628,1.0330234584943312
SAU,17T18,1.0030107961965555,1.0335500335662025,1.0330234584943312
SAU,19,0.9482478780773484,1.004381899471045,1.0330234584943312
SAU,20,0.7915644415470146,1.009717318138096,1.0330234584943312
SAU,21,0.885125527728498,1.0206135254565536,1.0330234584943312
SAU,22,0.24818555129057515,1.0469499752437228,1.0330234584943312
SAU,23,0.8340114624329722,1.0296648531277655,1.0330234584943312
SAU,24,1.2402836372144868,1.0221709951754823,1.0330234584943312
SAU,25,1.0394335195119517,1.0224906693650118,1.0330234584943312
SAU,26,1.0228052591610994,1.0234408073453471,1.0330234584943312
SAU,27,1.027680277859885,1.0359994823558691,1.0330234584943312
SAU,28,0.9963968353452278,1.027546919909611,1.0330234584943312
SAU,29T30,1.0732213571075815,1.020140117391906,1.0330234584943312
SAU,31T33,0.3557718452743496,1.0301098972893974,1.0330234584943312
SAU,35,0.5652718760428488,1.0098989633647908,1.0330234584943312
SAU,36T39,0.9952252175245049,1.0091340047431827,1.0330234584943312
SAU,41T43,0.9966919339684593,1.0326051204974207,1.0330234584943312
SAU,45T47,0.9852485400319276,1.0069168951359269,1.0330234584943312
SAU,49,0.7241611403021457,1.0088323688225629,1.0330234584943312
SAU,50,0.7916229597578167,1.019201468080082,1.0330234584943312
SAU,51,0.9468526003114013,1.0256519229900374,1.0330234584943312
SAU,52,0.9690640460777815,1.0212307674268506,1.0330234584943312
SAU,53,0.9148192513441707,1.0353754274320253,1.0330234584943312
SAU,55T56,1.0255220069141362,1.0166779105976094,1.0330234584943312
SAU,58T60,1.0570729515447819,1.0033634648520817,1.0330234584943312
SAU,61,0.9879496145356239,1.009456859129484,1.0330234584943312
SAU,62T63,0.9955487542492432,1.0078163324012954,1.0330234584943312
SAU,64T66,1.0359061809970997,0.9776995453251971,1.0330234584943312
SAU,68,1.0276766471938845,0.9763034011941484,1.0330234584943312
SAU,69T75,0.9779809233085466,1.0411947901939653,1.0330234584943312
SAU,77T82,0.9827306002221127,1.051022230504671,1.0330234584943312
SAU,84,1.0253298586302393,0.9769433191302958,1.0330234584943312
SAU,85,1.0302724165984312,0.9790733087026108,1.0330234584943312
SAU,86T88,1.0164634047951422,1.0051563217679758,1.0330234584943312
SAU,90T93,1.0353064743035942,0.9873521455492666,1.0330234584943312
SAU,94T98,1.0171913118769398,0.981241980594206,1.0330234584943312
SGP,01T02,0.8047900385758647,1.0261407464677161,1.0373043520898833
SGP,03,0.9609769535894795,1.028349475652185,1.0373043520898833
SGP,05T06,0.8333523290725983,1.0124911324884807,1.0373043520898833
SGP,07T08,0.9975740440521321,1.0265175958268473,1.0373043520898833
SGP,10T12,0.9792601935287799,1.1059737193979162,1.0373043520898833
SGP,13T15,0.9183831356433985,1.070455185804748,1.0373043520898833
SGP,16,0.9507247837614425,1.0884299504597519,1.0373043520898833
SGP,17T18,1.012315693066796,1.055411186350046,1.0373043520898833
SGP,19,1.0041043527261582,1.0649193620166546,1.0373043520898833
SGP,20,0.9622720269835916,1.0537206322785033,1.0373043520898833
SGP,21,1.0763922024527075,1.0100088710472546,1.0373043520898833
SGP,22,0.7226439350564743,1.0954806206972783,1.0373043520898833
SGP,23,0.9888921574657504,1.0859956178068457,1.0373043520898833
SGP,24,1.2457389875678728,1.0840272285975487,1.0373043520898833
SGP,25,1.019741518807656,1.0656607723117113,1.0373043520898833
SGP,26,1.0264621134853233,1.0383089547049746,1.0373043520898833
SGP,27,1.033319396114319,1.0542789481891355,1.0373043520898833
SGP,28,1.0464649685805418,1.0341796229190525,1.0373043520898833
SGP,29T30,1.0172348776881788,1.0385861077834555,1.0373043520898833
SGP,31T33,0.9075014190744531,1.038239087967604,1.0373043520898833
SGP,35,0.654810380023703,1.0949313246773025,1.0373043520898833
SGP,36T39,1.0015871758561745,1.034531384516459,1.0373043520898833
SGP,41T43,1.0208431216141725,1.0462322240770798,1.0373043520898833
SGP,45T47,0.9855576688883046,1.0249932100537498,1.0373043520898833
SGP,49,0.964724841702658,1.0272661739890965,1.0373043520898833
SGP,50,0.7827108425658429,1.0751010058615915,1.0373043520898833
SGP,51,0.876611792654087,1.0368388193726452,1.0373043520898833
SGP,52,0.9775419763338025,1.0240665088643244,1.0373043520898833
SGP,53,0.9955718039382808,1.0233406002146994,1.0373043520898833
SGP,55T56,1.0196972214308622,1.0409537605386927,1.0373043520898833
SGP,58T60,1.0264264425431,1.0187289781993616,1.0373043520898833
SGP,61,1.0331627708710613,1.0126380602018075,1.0373043520898833
SGP,62T63,1.021813347145837,1.012785113353673,1.0373043520898833
SGP,64T66,1.032657887748995,1.0000842380004202,1.0373043520898833
SGP,68,1.0236996248193235,1.0032390013074484,1.0373043520898833
SGP,69T75,1.0355955785042985,1.0091212013431776,1.0373043520898833
SGP,77T82,1.0195199023168402,1.0047992999464457,1.0373043520898833
SGP,84,1.034365201685674,1.019049566964787,1.0373043520898833
SGP,85,1.0376406652072971,1.0073761549204532,1.0373043520898833
SGP,86T88,1.0361835971839721,1.0135621600649714,1.0373043520898833
SGP,90T93,1.0294028243181823,1.0185446119958246,1.0373043520898833
SGP,94T98,1.0379540951029678,0.991537379726812,1.0373043520898833
SVK,01T02,1.0900151146394341,1.0449544057580784,1.0370056081923191
SVK,03,0.9952362923232054,1.0416005357529072,1.0370056081923191
SVK,05T06,0.5134491399521803,1.0322566639976014,1.0370056081923191
SVK,07T08,0.8422742777630645,1.0464039914114873,1.0370056081923191
SVK,10T12,1.057130300022356,1.0505758008006594,1.0370056081923191
SVK,13T15,1.0436767835925231,1.0347850449951224,1.0370056081923191
SVK,16,1.0811618453759106,1.0375690607460066,1.0370056081923191
SVK,17T18,1.0227498786150517,1.0444093533044512,1.0370056081923191
SVK,19,0.9423825017014138,1.0629143295408068,1.0370056081923191
SVK,20,0.6663497384843003,1.0538800567749524,1.0370056081923191
SVK,21,0.8539747495895048,1.0389945476251563,1.0370056081923191
SVK,22,1.0541221233243019,1.05052401963297,1.0370056081923191
SVK,23,0.7653819793391475,1.0632847884505023,1.0370056081923191
SVK,24,0.5808779134787613,1.0757709340232025,1.0370056081923191
SVK,25,1.0329667512749094,1.046550502941176,1.0370056081923191
SVK,26,1.0303771169016926,1.0362545867121602,1.0370056081923191
SVK,27,1.0435498265762557,1.0417299901479753,1.0370056081923191
SVK,28,1.0143344597390724,1.0492526075581619,1.0370056081923191
SVK,29T30,1.0360646986835786,1.0368379740029663,1.0370056081923191
SVK,31T33,1.0901646839039034,1.035775811507139,1.0370056081923191
SVK,35,1.0060846550800326,1.0705804292349528,1.0370056081923191
SVK,36T39,1.0171900940750611,1.0292999370266045,1.0370056081923191
SVK,41T43,1.0282470810827657,1.033714936542576,1.0370056081923191
SVK,45T47,1.0117155981825925,1.0282216900587942,1.0370056081923191
SVK,49,0.9908337062173418,1.0290347431465745,1.0370056081923191
SVK,50,1.1089910376454877,1.044735850530398,1.0370056081923191
SVK,51,1.1358264161801024,1.0528621749723575,1.0370056081923191
SVK,52,1.0006271977085286,1.034609636461027,1.0370056081923191
SVK,53,1.0260450405913903,1.0236940455389654,1.0370056081923191
SVK,55T56,1.0348361976484823,1.0311937697805753,1.0370056081923191
SVK,58T60,1.0265130521036758,1.02422451767645,1.0370056081923191
SVK,61,1.0304685648959362,1.0207031745278259,1.0370056081923191
SVK,62T63,1.017043794612565,1.0202679555938217,1.0370056081923191
SVK,64T66,1.0247454438786716,1.0186864684652446,1.0370056081923191
SVK,68,1.0308519522837163,1.0195214717785515,1.0370056081923191
SVK,69T75,1.0106762981347182,1.0295832033511165,1.0370056081923191
SVK,77T82,1.0198444505980342,1.025786935008401,1.0370056081923191
SVK,84,1.033398690975556,1.0201534290187688,1.0370056081923191
SVK,85,1.0344953901963458,1.0213864653491795,1.0370056081923191
SVK,86T88,1.0349161320881843,1.0247573779230448,1.0370056081923191
SVK,90T93,1.0321355927537892,1.0270949512589662,1.0370056081923191
SVK,94T98,1.0303954699803781,1.0261228595529819,1.0370056081923191
SVN,01T02,0.8843446484270899,1.0489322962119916,1.038071292944151
SVN,03,1.0521876234452763,1.0352541137968247,1.038071292944151
SVN,05T06,0.5944585340135312,1.0349161531113527,1.038071292944151
SVN,07T08,0.913342568468929,1.0487449185297517,1.038071292944151
SVN,10T12,1.0465920273503941,1.0534039796829329,1.038071292944151
SVN,13T15,1.0441498965046958,1.0325498199116068,1.038071292944151
SVN,16,0.9447689940556036,1.0558166336937822,1.038071292944151
SVN,17T18,0.9738195909839636,1.045618160164769,1.038071292944151
SVN,19,0.00044474923093040553,1.0468224751783417,1.038071292944151
SVN,20,1.0928029798602605,1.050777656326701,1.038071292944151
SVN,21,1.0516573708427523,1.028245213261446,1.038071292944151
SVN,22,1.0880127909593762,1.042395251269424,1.038071292944151
SVN,23,0.7724215865994949,1.0519081060800501,1.038071292944151
SVN,24,1.1998312980782098,1.0645232418871768,1.038071292944151
SVN,25,1.0588254597239997,1.0423972137828825,1.038071292944151
SVN,26,1.035112204104238,1.0314162692345967,1.038071292944151
SVN,27,1.035063993251644,1.0449351333630585,1.038071292944151
SVN,28,1.0232946168572976,1.0439276297196654,1.038071292944151
SVN,29T30,1.0284932726776679,1.0417367175253798,1.038071292944151
SVN,31T33,1.0688867150022616,1.0371661969646861,1.038071292944151
SVN,35,0.766025467556077,1.0521103311281428,1.038071292944151
SVN,36T39,1.044242611632596,1.0407182170926037,1.038071292944151
SVN,41T43,1.0268007589831007,1.0426259463721022,1.038071292944151
SVN,45T47,1.0207068892316038,1.0290997981713337,1.038071292944151
SVN,49,0.976147551024259,1.0353940741600762,1.038071292944151
SVN,50,0.6707183822803414,1.071003887614236,1.038071292944151
SVN,51,1.1231850319096723,1.0358685117466064,1.038071292944151
SVN,52,1.0139629443291363,1.0344113095741723,1.038071292944151
SVN,53,1.0176298006264959,1.0265645993456576,1.038071292944151
SVN,55T56,1.0308806180097072,1.03533595917193,1.038071292944151
SVN,58T60,1.0160304462311538,1.0250209579576424,1.038071292944151
SVN,61,1.0231875252624945,1.0223012488737238,1.038071292944151
SVN,62T63,1.0124681199020795,1.0220760071446036,1.038071292944151
SVN,64T66,1.0205864246587983,1.0215472442356248,1.038071292944151
SVN,68,1.0361370220313244,1.0216726435137953,1.038071292944151
SVN,69T75,1.0166678965494638,1.0275849535177766,1.038071292944151
SVN,77T82,1.019362953249026,1.0278900346103619,1.038071292944151
SVN,84,1.0348825173056613,1.0245585274893327,1.038071292944151
SVN,85,1.034501409123475,1.0244667151813676,1.038071292944151
SVN,86T88,1.0361123771688774,1.0258440702833835,1.038071292944151
SVN,90T93,1.0343942325167448,1.02857850877803,1.038071292944151
SVN,94T98,1.028169688357481,1.027171058881808,1.038071292944151
SWE,01T02,0.7692478167547183,1.0849503837405563,1.0314781920833846
SWE,03,0.9787026165164391,1.0327115500337953,1.0314781920833846
SWE,05T06,0.8872764548931343,1.0421199094799831,1.0314781920833846
SWE,07T08,1.0931383405442048,1.0321727411149522,1.0314781920833846
SWE,10T12,1.0279518033815171,1.0600246131221576,1.0314781920833846
SWE,13T15,1.0373719217596424,1.0360618223471136,1.0314781920833846
SWE,16,0.9604678945530863,1.092836977294785,1.0314781920833846
SWE,17T18,0.9775307741099739,1.0617100154899242,1.0314781920833846
SWE,19,1.0256640140904645,1.0594323788451079,1.0314781920833846
SWE,20,0.9500422058942197,1.0415214269711655,1.0314781920833846
SWE,21,1.05355723904844,1.03173483693029,1.0314781920833846
SWE,22,1.0920916284462556,1.041993797420579,1.0314781920833846
SWE,23,1.0201344278218523,1.0468457715684574,1.0314781920833846
SWE,24,1.2257999651116043,1.048485610653514,1.0314781920833846
SWE,25,1.0549361593125068,1.0439130829838583,1.0314781920833846
SWE,26,1.0356046487741393,1.0305245760478114,1.0314781920833846
SWE,27,1.0534687285697166,1.0384094289293024,1.0314781920833846
SWE,28,1.0412465295423206,1.0333481939103801,1.0314781920833846
SWE,29T30,1.0401769841311228,1.0342261901798406,1.0314781920833846
SWE,31T33,1.049237970341603,1.0363472065384476,1.0314781920833846
SWE,35,1.0407376830878534,1.0349355733229544,1.0314781920833846
SWE,36T39,1.0529613596620906,1.0321325055433481,1.0314781920833846
SWE,41T43,1.02736336373061,1.0366672634442586,1.0314781920833846
SWE,45T47,1.0208727441043406,1.0273002088627206,1.0314781920833846
SWE,49,1.0186921137828693,1.032331867157295,1.0314781920833846
SWE,50,0.7838635357459712,1.0428314008369188,1.0314781920833846
SWE,51,0.9871163120594697,1.0373245492312717,1.0314781920833846
SWE,52,1.0108488753258584,1.0365606773640916,1.0314781920833846
SWE,53,1.0214016566389257,1.0274343684313039,1.0314781920833846
SWE,55T56,1.027899110225852,1.03513029737519,1.0314781920833846
SWE,58T60,1.0187964450064302,1.0263478771214585,1.0314781920833846
SWE,61,1.0207736109003647,1.025818800998857,1.0314781920833846
SWE,62T63,1.0116778385467562,1.0248840434615996,1.0314781920833846
SWE,64T66,1.016808841987111,1.0242723449228088,1.0314781920833846
SWE,68,1.0283782183074892,1.02813424626754,1.0314781920833846
SWE,69T75,1.0235455792422066,1.026198122538185,1.0314781920833846
SWE,77T82,1.0204372533609096,1.0302308681454966,1.0314781920833846
SWE,84,1.029665822792621,1.026834596550359,1.0314781920833846
SWE,85,1.0304123416617454,1.026039974139401,1.0314781920833846
SWE,86T88,1.0308690548170785,1.0260450806748935,1.0314781920833846
SWE,90T93,1.0274249305007765,1.0310104346099758,1.0314781920833846
SWE,94T98,1.0284964801111969,1.0273644872514722,1.0314781920833846
THA,01T02,0.9138772175401875,1.0246203186713596,1.0486449087009966
THA,03,1.0062127202522557,1.023249012527126,1.0486449087009966
THA,05T06,0.7303308045514703,1.019968384648908,1.0486449087009966
THA,07T08,0.901913828752625,1.0275009592569595,1.0486449087009966
THA,10T12,1.0231367904543125,1.0769923478692836,1.0486449087009966
THA,13T15,1.0496317813751688,1.032962363647429,1.0486449087009966
THA,16,1.0006141197676028,1.0515595203565034,1.0486449087009966
THA,17T18,1.0027069523436152,1.037433808272201,1.0486449087009966
THA,19,0.9462657649243167,1.0881831349266482,1.0486449087009966
THA,20,0.9075480291226735,1.0556955366720586,1.0486449087009966
THA,21,1.0098369514190695,1.0453931459363925,1.0486449087009966
THA,22,1.0240735803068994,1.0711472000069437,1.0486449087009966
THA,23,0.7508066560899811,1.0826152446615278,1.0486449087009966
THA,24,0.9011229953403312,1.073870517789335,1.0486449087009966
THA,25,0.9967842826930154,1.0710283675501948,1.0486449087009966
THA,26,1.034210692377724,1.033302407642073,1.0486449087009966
THA,27,1.0171910496492325,1.0601238544535097,1.0486449087009966
THA,28,1.0036004529424933,1.0522175337122255,1.0486449087009966
THA,29T30,1.0074018596570897,1.050087010652913,1.0486449087009966
THA,31T33,1.0373007403424572,1.0489131530420706,1.0486449087009966
THA,35,0.8924273637987514,1.0656078395123303,1.0486449087009966
THA,36T39,1.0211064702680135,1.0224778878990226,1.0486449087009966
THA,41T43,1.0413201646854215,1.096863017908895,1.0486449087009966
THA,45T47,1.0248011851223533,1.0063069802461935,1.0486449087009966
THA,49,0.8831031224788284,1.0550650006789601,1.0486449087009966
THA,50,0.8909091314069124,1.038554934752231,1.0486449087009966
THA,51,0.8582897442254087,1.0574157794671002,1.0486449087009966
THA,52,0.983821370285196,1.0394985833875678,1.0486449087009966
THA,53,1.0208260294106555,1.0098809559277422,1.0486449087009966
THA,55T56,1.0209242445959639,1.050705391009073,1.0486449087009966
THA,58T60,1.0067898377690654,1.023884160984026,1.0486449087009966
THA,61,1.0427462504901126,1.0103884068014575,1.0486449087009966
THA,62T63,0.9773442984646985,1.0205219473680782,1.0486449087009966
THA,64T66,1.0088456442483296,1.004214893214169,1.0486449087009966
THA,68,1.040514452344494,1.0035583457638644,1.0486449087009966
THA,69T75,0.9971903938014652,1.0166438631472723,1.0486449087009966
THA,77T82,0.9873408688959603,1.0201933591009762,1.0486449087009966
THA,84,1.0441129244876808,1.0104578626019254,1.0486449087009966
THA,85,1.0455425518718113,1.0086884932360336,1.0486449087009966
THA,86T88,1.0416955717134555,1.0250681960514467,1.0486449087009966
THA,90T93,1.040519615908719,1.015210806073207,1.0486449087009966
THA,94T98,1.0190168350677329,1.0301444726304305,1.0486449087009966
TUN,01T02,0.9797454250478629,1.0200619687887553,1.0531369474693557
TUN,03,1.026537490022531,1.007998906551622,1.0531369474693557
TUN,05T06,0.7298022636970326,1.079761053723812,1.0531369474693557
TUN,07T08,0.8151196311559892,1.0881536372684328,1.0531369474693557
TUN,10T12,1.0180405081146837,1.0909842357557284,1.0531369474693557
TUN,13T15,1.0000276335234697,1.0409056954431974,1.0531369474693557
TUN,16,1.019535853549505,1.045363282050183,1.0531369474693557
TUN,17T18,0.9621725412587275,1.0453911615850007,1.0531369474693557
TUN,19,0.8494091093437707,1.1385495239357046,1.0531369474693557
TUN,20,0.942488783815972,1.067207763541916,1.0531369474693557
TUN,21,0.9987673656953557,1.0400150788852698,1.0531369474693557
TUN,22,0.6640527790855292,1.0575016147625753,1.0531369474693557
TUN,23,0.51509325275313,1.1372717873532145,1.0531369474693557
TUN,24,1.0399901347125884,1.1052466739092497,1.0531369474693557
TUN,25,0.9853374314352163,1.0629860695124125,1.0531369474693557
TUN,26,1.0165639582772688,1.0504233414942659,1.0531369474693557
TUN,27,1.013079704837103,1.0576650351724293,1.0531369474693557
TUN,28,1.0205317857454717,1.0498364737536603,1.0531369474693557
TUN,29T30,1.0174635372929104,1.0454392340689909,1.0531369474693557
TUN,31T33,0.814083880376173,1.041423419466033,1.0531369474693557
TUN,35,0.5741469400833079,1.1128641855639978,1.0531369474693557
TUN,36T39,1.0252740847145971,1.0879703316937952,1.0531369474693557
TUN,41T43,1.0359342848061543,1.1090516858765305,1.0531369474693557
TUN,45T47,1.0245122782172782,1.0141330288381036,1.0531369474693557
TUN,49,0.9127052953179082,1.022077497218985,1.0531369474693557
TUN,50,1.0903392394617455,1.0301913159469702,1.0531369474693557
TUN,51,0.7452364085573966,1.038173679130681,1.0531369474693557
TUN,52,0.9477539688141154,1.0137385828352241,1.0531369474693557
TUN,53,1.0211783778379937,1.013072464744065,1.0531369474693557
TUN,55T56,1.039597751181386,1.0285831875030111,1.0531369474693557
TUN,58T60,1.0218499574556963,1.026799536786453,1.0531369474693557
TUN,61,1.034426717658305,1.0096986986884042,1.0531369474693557
TUN,62T63,1.0080024011876,1.0160064818419572,1.0531369474693557
TUN,64T66,1.0077358686289437,1.0040822039131143,1.0531369474693557
TUN,68,1.0446002359956015,1.0107801421812999,1.0531369474693557
TUN,69T75,1.017108479896505,1.0199377065095856,1.0531369474693557
TUN,77T82,1.0175327031252484,1.019573223240247,1.0531369474693557
TUN,84,1.0494733590720613,1.003106477245901,1.0531369474693557
TUN,85,1.0444597232788786,1.0073318032670537,1.0531369474693557
TUN,86T88,1.0379078223067448,1.0169931843137878,1.0531369474693557
TUN,90T93,1.0148243364645346,1.0286304632344792,1.0531369474693557
TUN,94T98,1.0480473927973326,1.0078163494560575,1.0531369474693557
TUR,01T02,1.038444052485193,1.0514781789390006,1.051468732904859
TUR,03,1.011477616760356,1.0272891391751466,1.051468732904859
TUR,05T06,0.7367666756459244,1.0433512510426428,1.051468732904859
TUR,07T08,0.9181140365123964,1.0291988222659896,1.051468732904859
TUR,10T12,1.0342896502235361,1.065502696129056,1.051468732904859
TUR,13T15,1.0117393531595928,1.0359268723139863,1.051468732904859
TUR,16,0.9573896924020077,1.063811715333686,1.051468732904859
TUR,17T18,0.9987064694295228,1.0417376213267207,1.051468732904859
TUR,19,0.9594646307645932,1.0612269856574783,1.051468732904859
TUR,20,0.8311260795956645,1.0508081924840724,1.051468732904859
TUR,21,0.9796089511952583,1.0394590654100189,1.051468732904859
TUR,22,1.0271079260842668,1.0599852472244022,1.051468732904859
TUR,23,0.7342240138492395,1.093202906104519,1.051468732904859
TUR,24,0.9520879646550271,1.0722069853292628,1.051468732904859
TUR,25,1.0237477843247729,1.0551609643506776,1.051468732904859
TUR,26,1.050403827591645,1.0233121623560464,1.051468732904859
TUR,27,1.0159971238745031,1.0595540531416654,1.051468732904859
TUR,28,1.0245068150568326,1.049178783776581,1.051468732904859
TUR,29T30,1.0286401681941992,1.0405670707853087,1.051468732904859
TUR,31T33,1.0481637925275318,1.0436661726731111,1.051468732904859
TUR,35,0.7019576683718911,1.296043182596933,1.051468732904859
TUR,36T39,0.9885557312813491,1.0477522331871787,1.051468732904859
TUR,41T43,1.0399219674595859,1.0633127793096733,1.051468732904859
TUR,45T47,1.0085052147160785,1.023581947444698,1.051468732904859
TUR,49,0.9883968134659709,1.034024422381324,1.051468732904859
TUR,50,0.9717236097272571,1.0261884159495098,1.051468732904859
TUR,51,0.7665167108749634,1.026141927062137,1.051468732904859
TUR,52,0.9975706786129526,1.017457894069665,1.051468732904859
TUR,53,1.0049679109688217,1.0261647555496998,1.051468732904859
TUR,55T56,1.0345889464436415,1.034319417578562,1.051468732904859
TUR,58T60,1.0195447646244242,1.0250405860957628,1.051468732904859
TUR,61,1.0346103450846544,1.0261193719073691,1.051468732904859
TUR,62T63,1.0203854948645925,1.0084309191252825,1.051468732904859
TUR,64T66,1.004535353324234,1.0152341238678961,1.051468732904859
TUR,68,1.0329370193248337,1.0406501470006604,1.051468732904859
TUR,69T75,1.0127179957067813,1.0201434669344174,1.051468732904859
TUR,77T82,1.016428625313492,1.0174353922852406,1.051468732904859
TUR,84,1.0388345824221987,1.0261884092687337,1.051468732904859
TUR,85,1.0449620466354872,1.0145158882170613,1.051468732904859
TUR,86T88,1.0466901049250603,1.0284533946408476,1.051468732904859
TUR,90T93,1.0369061604060252,1.0237749689372355,1.051468732904859
TUR,94T98,1.039880707269967,1.0291464685093885,1.051468732904859
TWN,01T02,1.106758600943477,1.0281984469012364,1.0342739204728677
TWN,03,0.9493140645502383,1.0433691055660939,1.0342739204728677
TWN,05T06,0.7490806403639779,1.0382259194836325,1.0342739204728677
TWN,07T08,0.7735134589332462,1.046920268286136,1.0342739204728677
TWN,10T12,1.0604764367579396,1.0425589027314779,1.0342739204728677
TWN,13T15,0.9444430400925415,1.054915002928983,1.0342739204728677
TWN,16,1.0629641179683538,1.0539959274578758,1.0342739204728677
TWN,17T18,0.9730097004301147,1.0553505947412183,1.0342739204728677
TWN,19,0.9018589552270428,1.0674490630304387,1.0342739204728677
TWN,20,0.9106078131482576,1.090712528899574,1.0342739204728677
TWN,21,1.0150971966437092,1.034170012117616,1.0342739204728677
TWN,22,1.036719932091415,1.0645779435037752,1.0342739204728677
TWN,23,0.9582965706389048,1.0864202281940771,1.0342739204728677
TWN,24,0.7450791061647903,1.1124139554989874,1.0342739204728677
TWN,25,0.9580806420181078,1.0859167239222378,1.0342739204728677
TWN,26,1.0193563840758315,1.041719803425311,1.0342739204728677
TWN,27,1.0239271829696563,1.0576951826663274,1.0342739204728677
TWN,28,0.991718316233471,1.067053991565259,1.0342739204728677
TWN,29T30,1.0136717717285482,1.0465042412768615,1.0342739204728677
TWN,31T33,1.0229411532845394,1.046412776420414,1.0342739204728677
TWN,35,0.6496813707340481,1.0716494092796258,1.0342739204728677
TWN,36T39,0.9310870837264517,1.0452245654028554,1.0342739204728677
TWN,41T43,1.02412496707159,1.0693457417488854,1.0342739204728677
TWN,45T47,1.0118693139562076,1.0161246524693066,1.0342739204728677
TWN,49,0.9438277759931847,1.0352313134628683,1.0342739204728677
TWN,50,0.8589127920128368,1.0648629938785497,1.0342739204728677
TWN,51,0.8707461837597796,1.0500526061465634,1.0342739204728677
TWN,52,0.9742881160282105,1.0222384330363123,1.0342739204728677
TWN,53,1.0119217368840758,1.0315884704056937,1.0342739204728677
TWN,55T56,1.0277552239229772,1.0295535714054247,1.0342739204728677
TWN,58T60,1.0161547006762313,1.024912919033301,1.0342739204728677
TWN,61,1.0269791129110073,1.018446466226305,1.0342739204728677
TWN,62T63,1.0205702091595956,1.0137869329161189,1.0342739204728677
TWN,64T66,1.0236880089923674,1.008199854537223,1.0342739204728677
TWN,68,1.0294870160242668,1.010274997787951,1.0342739204728677
TWN,69T75,1.0146977108131676,1.0205475497703898,1.0342739204728677
TWN,77T82,1.0062443585224718,1.0153049195196477,1.0342739204728677
TWN,84,1.0310779817568259,1.013540384821021,1.0342739204728677
TWN,85,1.0331320353371836,1.0140515998762405,1.0342739204728677
TWN,86T88,1.0305187974966472,1.0228328034697576,1.0342739204728677
TWN,90T93,1.02888474506068,1.0203617666541103,1.0342739204728677
TWN,94T98,1.0312670304288958,1.0181254733937029,1.0342739204728677
USA,01T02,0.9467431067942839,1.059742177666182,1.031339725862205
USA,03,1.0398677812907777,1.0209614374516929,1.031339725862205
USA,05T06,0.9038391811496522,1.0349314295194862,1.031339725862205
USA,07T08,1.009068551626819,1.0374098345235474,1.031339725862205
USA,10T12,1.0230538387363741,1.065844261430195,1.031339725862205
USA,13T15,1.0234626726151663,1.03775340284514,1.031339725862205
USA,16,1.0427418590697355,1.049331598353383,1.031339725862205
USA,17T18,1.014085339338126,1.0407655024290539,1.031339725862205
USA,19,0.9947991021689881,1.0661315840524257,1.031339725862205
USA,20,0.9974344255844171,1.044761925476889,1.031339725862205
USA,21,1.0097368309827675,1.0262033834412054,1.031339725862205
USA,22,1.047257637660521,1.0434514995281339,1.031339725862205
USA,23,0.99628104678085,1.0438978070451668,1.031339725862205
USA,24,1.1036079550223696,1.0544770831866317,1.031339725862205
USA,25,1.0429521541326292,1.040527768930299,1.031339725862205
USA,26,1.0419426482846168,1.0209538892598649,1.031339725862205
USA,27,1.0567977645958126,1.0343655418311481,1.031339725862205
USA,28,1.030984130912831,1.0337039697743557,1.031339725862205
USA,29T30,1.034996575925183,1.0333589597328436,1.031339725862205
USA,31T33,1.0784566828952988,1.0299780589357892,1.031339725862205
USA,35,0.7610770624270307,1.0386260189112793,1.031339725862205
USA,36T39,1.013721100741734,1.025300183649715,1.031339725862205
USA,41T43,1.0226080787979763,1.0328981424650414,1.031339725862205
USA,45T47,1.0188997843933618,1.0260314586858292,1.031339725862205
USA,49,0.9877111183870183,1.0281178785099163,1.031339725862205
USA,50,0.9709964804641695,1.029980044044297,1.031339725862205
USA,51,0.949622101436934,1.026298437327641,1.031339725862205
USA,52,0.99672869147372,1.035346027968206,1.031339725862205
USA,53,0.986758352600041,1.0285820513785071,1.031339725862205
USA,55T56,1.0269854081043959,1.030096680670725,1.031339725862205
USA,58T60,1.025892873355165,1.0210870158775278,1.031339725862205
USA,61,1.0235889838874297,1.0229800176637969,1.031339725862205
USA,62T63,1.018356557212122,1.0206784196469691,1.031339725862205
USA,64T66,1.0184430866241319,1.020573924511558,1.031339725862205
USA,68,1.0260192384361135,1.0268386071027604,1.031339725862205
USA,69T75,1.018829263748293,1.022069458286782,1.031339725862205
USA,77T82,1.0144006345391876,1.0225950686607037,1.031339725862205
USA,84,1.0221799009724837,1.0261708381450028,1.031339725862205
USA,85,1.0241883133180891,1.0241294194153838,1.031339725862205
USA,86T88,1.0300668067216399,1.0229463038213962,1.031339725862205
USA,90T93,1.0269768323117054,1.0241405404827864,1.031339725862205
USA,94T98,1.028191240604265,1.0233524840901678,1.031339725862205
VNM,01T02,0.9501070570382041,1.0596213530222005,1.0731847732554407
VNM,03,1.0131385806865278,1.0533477874325192,1.0731847732554407
VNM,05T06,0.8464736117152311,1.0328686716071553,1.0731847732554407
VNM,07T08,0.4604130424122897,1.084414920823699,1.0731847732554407
VNM,10T12,1.0052816493338772,1.0970504334263476,1.0731847732554407
VNM,13T15,1.0143703983640684,1.0391805826075593,1.0731847732554407
VNM,16,0.884689436803021,1.121461689212136,1.0731847732554407
VNM,17T18,0.9367923219257045,1.0654830371788835,1.0731847732554407
VNM,19,0.8441961685100227,1.0730687769327145,1.0731847732554407
VNM,20,0.933079046178994,1.0801540916778265,1.0731847732554407
VNM,21,1.0328914483376581,1.0353888580235608,1.0731847732554407
VNM,22,1.0039388821220168,1.0763102929881778,1.0731847732554407
VNM,23,0.6569990477041749,1.1343187288217265,1.0731847732554407
VNM,24,0.8014493427166176,1.126424920617612,1.0731847732554407
VNM,25,0.8668008757915686,1.1082729189836318,1.0731847732554407
VNM,26,1.0264024302651575,1.0375645756932128,1.0731847732554407
VNM,27,0.990498391927627,1.0713836299501844,1.0731847732554407
VNM,28,1.0208470177149451,1.0450323116956897,1.0731847732554407
VNM,29T30,1.034274461135961,1.0488506494518282,1.0731847732554407
VNM,31T33,0.9375138308937221,1.0723167098299964,1.0731847732554407
VNM,35,0.4865289708994151,1.0530670197650203,1.0731847732554407
VNM,36T39,1.0073006648734584,1.0400290383120778,1.0731847732554407
VNM,41T43,1.054319899801312,1.112641276120071,1.0731847732554407
VNM,45T47,0.9895702645216699,1.0196892045886516,1.0731847732554407
VNM,49,0.882795896876245,1.0456649064035988,1.0731847732554407
VNM,50,0.6631706951618873,1.051886908778379,1.0731847732554407
VNM,51,0.8357695431037743,1.0518008871798685,1.0731847732554407
VNM,52,0.9610737294339522,1.0148979350126563,1.0731847732554407
VNM,53,0.9769222658466904,1.0270595170887673,1.0731847732554407
VNM,55T56,1.027346340552505,1.0532385473950177,1.0731847732554407
VNM,58T60,1.013567501149929,1.0283788459178693,1.0731847732554407
VNM,61,1.043399050481437,1.0307729560895162,1.0731847732554407
VNM,62T63,1.066256034972374,0.9956189137105551,1.0731847732554407
VNM,64T66,1.006013898206399,0.9970522924614035,1.0731847732554407
VNM,68,1.05013529200979,1.022100707236629,1.0731847732554407
VNM,69T75,1.0056883396764178,1.0120812030495125,1.0731847732554407
VNM,77T82,1.0089388316149943,1.0132947757758992,1.0731847732554407
VNM,84,1.0620414757133068,1.0173343270576212,1.0731847732554407
VNM,85,1.0641780786295076,1.0030832941222945,1.0731847732554407
VNM,86T88,1.0686580584702579,1.0188587168377405,1.0731847732554407
VNM,90T93,1.0643407472063098,1.0088115191341038,1.0731847732554407
VNM,94T98,1.0591963316693518,1.0303824475090124,1.0731847732554407
ZAF,01T02,0.8806070236649488,1.0305701593492254,1.011367794623436
ZAF,03,1.0085539074410645,0.9751843116231829,1.011367794623436
ZAF,05T06,0.7660218240450961,1.0105599798569953,1.011367794623436
ZAF,07T08,0.712801641802802,1.0460560906150398,1.011367794623436
ZAF,10T12,1.0402533119493216,1.0421380747320848,1.011367794623436
ZAF,13T15,1.064251857347259,1.015868816075035,1.011367794623436
ZAF,16,0.9892782829220631,1.030938044352535,1.011367794623436
ZAF,17T18,1.021025573311075,1.0052640113442595,1.011367794623436
ZAF,19,0.8001581275816002,1.0347056452022696,1.011367794623436
ZAF,20,0.8820466041370031,1.061052880925621,1.011367794623436
ZAF,21,0.9732928842120766,1.0255117054973557,1.011367794623436
ZAF,22,0.7979091788883115,1.0330697603933507,1.011367794623436
ZAF,23,0.741127368875555,1.060743886040734,1.011367794623436
ZAF,24,0.1797354819010865,1.1602895427153026,1.011367794623436
ZAF,25,0.8178084823063695,1.138238469769062,1.011367794623436
ZAF,26,1.0269014240792147,1.0174308711786098,1.011367794623436
ZAF,27,0.8996727923671205,1.0813288723641932,1.011367794623436
ZAF,28,0.9725481745736084,1.0502695031688734,1.011367794623436
ZAF,29T30,0.969157832731127,1.0605444530250823,1.011367794623436
ZAF,31T33,0.5734545254315464,1.042353235797802,1.011367794623436
ZAF,35,0.40322925247993724,1.063947686165455,1.011367794623436
ZAF,36T39,0.9716306323309696,0.9732161107288377,1.011367794623436
ZAF,41T43,0.9807500656184615,1.0298054603664393,1.011367794623436
ZAF,45T47,0.9619181553174567,0.9670219438358705,1.011367794623436
ZAF,49,0.9370625126516852,0.983185187646209,1.011367794623436
ZAF,50,0.30939809187612366,0.9798400282870946,1.011367794623436
ZAF,51,0.908848018696217,1.001355314965174,1.011367794623436
ZAF,52,0.8538695134664568,0.9958895701832052,1.011367794623436
ZAF,53,0.9632587432517334,0.9765684061328869,1.011367794623436
ZAF,55T56,1.0215494015668634,0.9761543429128182,1.011367794623436
ZAF,58T60,0.9906674736661623,0.9794360965671299,1.011367794623436
ZAF,61,0.9962036505017866,0.9829390915047096,1.011367794623436
ZAF,62T63,0.9559003621430209,0.9822432539085751,1.011367794623436
ZAF,64T66,0.9832225131160514,0.9496419207673762,1.011367794623436
ZAF,68,0.9927329983324225,0.9657302299025009,1.011367794623436
ZAF,69T75,0.9669547542433162,0.9742108216155911,1.011367794623436
ZAF,77T82,0.9568594869134412,0.9805167020830748,1.011367794623436
ZAF,84,1.0041067366249479,0.960774541339372,1.011367794623436
ZAF,85,1.0007925947265848,0.9500183088565922,1.011367794623436
ZAF,86T88,1.0000993386534602,0.9644766525568468,1.011367794623436
ZAF,90T93,0.9332380664620448,0.9742603952443986,1.011367794623436
ZAF,94T98,1.001070382822201,0.9406390763002974,1.011367794623436
