country,sector,output_hat,price_hat,spending_hat
ARG,01T02,0.8531406618602284,1.02151770677073,1.0078447669182833
ARG,03,0.9990494362922192,0.9942791305124171,1.0078447669182833
ARG,05T06,0.9264250768435016,1.002008632222019,1.0078447669182833
ARG,07T08,1.0033877191577036,0.9953397206406154,1.0078447669182833
ARG,10T12,0.9906243902636022,1.0450532780726904,1.0078447669182833
ARG,13T15,0.992803322883119,1.0084104740361393,1.0078447669182833
ARG,16,1.0061746495454502,1.0034549906061119,1.0078447669182833
ARG,17T18,1.0109213996480655,0.9996271769795274,1.0078447669182833
ARG,19,0.9730159506063024,1.0270807673534403,1.0078447669182833
ARG,20,0.9995938229905059,1.0057700750898633,1.0078447669182833
ARG,21,1.013481329744098,0.9983647675998258,1.0078447669182833
ARG,22,0.9842905842478539,1.0051679996174459,1.0078447669182833
ARG,23,0.9632528629870009,1.003031426361159,1.0078447669182833
ARG,24,0.9959217644830699,1.0081858083382178,1.0078447669182833
ARG,25,1.0224854416802158,1.0039170954642975,1.0078447669182833
ARG,26,1.015050729306498,1.00445298095586,1.0078447669182833
ARG,27,1.01912990820579,1.0054084470275022,1.0078447669182833
ARG,28,1.0147774316043159,1.0020101368802405,1.0078447669182833
ARG,29T30,1.0005371320586824,1.004565101031263,1.0078447669182833
ARG,31T33,1.0090437120905398,0.9987892902935886,1.0078447669182833
ARG,35,0.9453441021046706,1.015484102757997,1.0078447669182833
ARG,36T39,1.0021619849877317,0.9964882667512843,1.0078447669182833
ARG,41T43,1.0053043844030396,0.9999083628847361,1.0078447669182833
ARG,45T47,1.000437846047967,0.9925211616367977,1.0078447669182833
ARG,49,0.9865296374748472,0.9973969581573551,1.0078447669182833
ARG,50,0.9787453662706987,0.9981756741644262,1.0078447669182833
ARG,51,0.9718540416646517,1.0078084808459076,1.0078447669182833
ARG,52,0.9943826443068474,0.999920395374239,1.0078447669182833
ARG,53,1.0123151861556896,0.9953150159399854,1.0078447669182833
ARG,55T56,1.0082376414248653,1.0051334983105198,1.0078447669182833
ARG,58T60,1.0126042807501074,0.9951790803521566,1.0078447669182833
ARG,61,1.0096952561952541,0.9942387322927763,1.0078447669182833
ARG,62T63,1.0162635339932091,0.9943863962650763,1.0078447669182833
ARG,64T66,1.0049125712669704,0.992294889745088,1.0078447669182833
ARG,68,1.009089547160435,0.9902113578528621,1.0078447669182833
ARG,69T75,1.0082473970107322,0.9934928588692497,1.0078447669182833
ARG,77T82,1.0026609623622709,0.992122812558903,1.0078447669182833
ARG,84,1.006446515791519,0.9933945737336225,1.0078447669182833
ARG,85,1.0076176808557449,0.9919048914774035,1.0078447669182833
ARG,86T88,1.0073333450942656,0.9925642253053678,1.0078447669182833
ARG,90T93,1.009883774700741,0.995249867260841,1.0078447669182833
ARG,94T98,1.007119003627867,0.9938545170212705,1.0078447669182833
AUS,01T02,0.8879103422545238,1.0175659616097033,1.0056665584548157
AUS,03,0.9856645528708372,1.018477446241108,1.0056665584548157
AUS,05T06,0.9412892056115306,1.001995409081845,1.0056665584548157
AUS,07T08,1.021314743447886,1.0043836574605358,1.0056665584548157
AUS,10T12,0.9901416983716044,1.0344998641477343,1.0056665584548157
AUS,13T15,0.970104886387499,1.0218045904971569,1.0056665584548157
AUS,16,1.0075779599762908,1.017889287338065,1.0056665584548157
AUS,17T18,1.0062062868066532,1.008477486224766,1.0056665584548157
AUS,19,0.91847224330561,1.0117584981182766,1.0056665584548157
AUS,20,0.9615828477319156,1.0133268726114395,1.0056665584548157
AUS,21,1.0000222936777508,1.0086395351916413,1.0056665584548157
AUS,22,1.0254474908127105,1.012746168072187,1.0056665584548157
AUS,23,0.9971881618765119,1.0093607643547355,1.0056665584548157
AUS,24,1.0720748652832488,1.0149198604551772,1.0056665584548157
AUS,25,1.0150627516006512,1.012353542401666,1.0056665584548157
AUS,26,1.016337501949113,1.003535936815313,1.0056665584548157
AUS,27,1.0256843997497318,1.0073772947928679,1.0056665584548157
AUS,28,1.0138117808944422,1.0068183899040728,1.0056665584548157
AUS,29T30,1.0152406655477597,1.0085573632813123,1.0056665584548157
AUS,31T33,1.0106289958562853,1.0055717118188332,1.0056665584548157
AUS,35,0.8814064419976574,1.0380664859272897,1.0056665584548157
AUS,36T39,0.9951799796817867,1.0017861064752613,1.0056665584548157
AUS,41T43,1.0015990332428084,1.0061275101509148,1.0056665584548157
AUS,45T47,0.999866782170267,1.0028211194990149,1.0056665584548157
AUS,49,0.9841249679786299,1.0051538455601003,1.0056665584548157
AUS,50,0.9876703680910902,1.004370044410855,1.0056665584548157
AUS,51,0.9817497845230833,1.0061413029790358,1.0056665584548157
AUS,52,0.9972256817550128,1.0007289832242021,1.0056665584548157
AUS,53,0.9962993382712704,1.004530746435401,1.0056665584548157
AUS,55T56,1.007036865918239,1.0067188943674519,1.0056665584548157
AUS,58T60,1.0093853508075559,1.0010219340985578,1.0056665584548157
AUS,61,1.002993517354224,1.0013544831323251,1.0056665584548157
AUS,62T63,1.002903200945731,0.9984162834757485,1.0056665584548157
AUS,64T66,0.9971812423001785,0.996779324616337,1.0056665584548157
AUS,68,1.0045462951101818,0.9968385813500696,1.0056665584548157
AUS,69T75,0.9989286734485538,0.9990338645036898,1.0056665584548157
AUS,77T82,0.9989836296216587,1.0000184224672857,1.0056665584548157
AUS,84,1.0042192829858838,1.001681238079404,1.0056665584548157
AUS,85,1.0071866257510476,0.9983034463052735,1.0056665584548157
AUS,86T88,1.005496053163356,0.9987216502505245,1.0056665584548157
AUS,90T93,1.006224700270094,0.9991180155961096,1.0056665584548157
AUS,94T98,1.004713929065318,0.998714657307565,1.0056665584548157
AUT,01T02,1.003487916432615,1.020036704277805,1.0180532079535538
AUT,03,1.0152921808106552,1.0161495746568734,1.0180532079535538
AUT,05T06,0.9374739737089572,1.0173136791484454,1.0180532079535538
AUT,07T08,0.9943885806974158,1.0185671597359447,1.0180532079535538
AUT,10T12,1.0178939405275969,1.020069137118486,1.0180532079535538
AUT,13T15,1.0066759995880028,1.0147994996390979,1.0180532079535538
AUT,16,1.0095601347507817,1.0205505984114527,1.0180532079535538
AUT,17T18,0.9901619703903962,1.0183317277055437,1.0180532079535538
AUT,19,0.9998019854173127,1.026127497689499,1.0180532079535538
AUT,20,1.008811481077714,1.0204647745185842,1.0180532079535538
AUT,21,1.0067810740086374,1.0146976008857702,1.0180532079535538
AUT,22,1.0217738817745625,1.0172688141683643,1.0180532079535538
AUT,23,1.0110665055292765,1.018453686523762,1.0180532079535538
AUT,24,1.0163605847402761,1.02364024361033,1.0180532079535538
AUT,25,1.0131845537676436,1.0185984839877398,1.0180532079535538
AUT,26,1.0119013832558903,1.0144351484432084,1.0180532079535538
AUT,27,1.015770009916586,1.0162326375704762,1.0180532079535538
AUT,28,1.012114654752095,1.0155769090456483,1.0180532079535538
AUT,29T30,1.011035500645346,1.0157127979193743,1.0180532079535538
AUT,31T33,1.0134805324030136,1.0171617662672015,1.0180532079535538
AUT,35,1.0143527463510156,1.0254998504914752,1.0180532079535538
AUT,36T39,1.0119023340040105,1.0143681232629773,1.0180532079535538
AUT,41T43,1.015073685141748,1.0160317337394642,1.0180532079535538
AUT,45T47,1.0083349784970135,1.0132772674005193,1.0180532079535538
AUT,49,1.0002198746671012,1.0143438765941848,1.0180532079535538
AUT,50,1.0220596072165065,1.0155367287359123,1.0180532079535538
AUT,51,0.9982341066220537,1.0145680342864656,1.0180532079535538
AUT,52,1.0069917761114793,1.0131399273435073,1.0180532079535538
AUT,53,1.0092138538495983,1.012722155976765,1.0180532079535538
AUT,55T56,1.0150739647797777,1.0139568784240625,1.0180532079535538
AUT,58T60,1.0052156108199524,1.0137206715629161,1.0180532079535538
AUT,61,1.0084752512565582,1.0127390871788318,1.0180532079535538
AUT,62T63,1.0026121561923445,1.0119093832799326,1.0180532079535538
AUT,64T66,1.007870104803937,1.0122837424191533,1.0180532079535538
AUT,68,1.015467727212708,1.0128742352749498,1.0180532079535538
AUT,69T75,1.0065459507263774,1.0128290068572239,1.0180532079535538
AUT,77T82,1.0107806876483787,1.01293193712095,1.0180532079535538
AUT,84,1.0167093280554655,1.0130180335133836,1.0180532079535538
AUT,85,1.0165928776572863,1.0126818460100706,1.0180532079535538
AUT,86T88,1.0169397201696402,1.0133476244255368,1.0180532079535538
AUT,90T93,1.014747900269052,1.0131836610192302,1.0180532079535538
AUT,94T98,1.0157296837640986,1.0131323542979387,1.0180532079535538
BEL,01T02,0.9883973217283777,1.0207272098356934,1.0159728060970095
BEL,03,1.013176316206914,1.0143388461071374,1.0159728060970095
BEL,05T06,0.041882225366233074,1.0955715829644233,1.0159728060970095
BEL,07T08,0.9960749779641656,1.0156728138430082,1.0159728060970095
BEL,10T12,1.0076713242481499,1.0225852367027937,1.0159728060970095
BEL,13T15,1.0008106907701544,1.0149455553423101,1.0159728060970095
BEL,16,1.0178821924465389,1.0180741031409732,1.0159728060970095
BEL,17T18,1.0064935832525834,1.016344735844689,1.0159728060970095
BEL,19,0.9990471304912923,1.0224760545712237,1.0159728060970095
BEL,20,0.9952958295412848,1.0177970862324432,1.0159728060970095
BEL,21,1.0072390868267929,1.012447130228736,1.0159728060970095
BEL,22,1.0147531896212825,1.0192843301024008,1.0159728060970095
BEL,23,0.9963531388087453,1.01644824270295,1.0159728060970095
BEL,24,1.0638238912182756,1.0230724164191085,1.0159728060970095
BEL,25,1.015863150749518,1.0177206193461372,1.0159728060970095
BEL,26,1.0117352810758622,1.0137138302280837,1.0159728060970095
BEL,27,1.01369932816238,1.0170464620120798,1.0159728060970095
BEL,28,1.0117380371518485,1.015384909546716,1.0159728060970095
BEL,29T30,1.0137743498006704,1.014453124793691,1.0159728060970095
BEL,31T33,1.024792602086036,1.0134767808059646,1.0159728060970095
BEL,35,0.9920738583665282,1.0181333431990167,1.0159728060970095
BEL,36T39,1.0234178004521586,1.0137287075103982,1.0159728060970095
BEL,41T43,1.0138321310354974,1.0151701875410752,1.0159728060970095
BEL,45T47,1.0074678351603106,1.0118866327575577,1.0159728060970095
BEL,49,1.0070669122131042,1.013115285555469,1.0159728060970095
BEL,50,0.8849605974321263,1.0191597274298967,1.0159728060970095
BEL,51,0.9995622098668338,1.0173883635551397,1.0159728060970095
BEL,52,1.0001643088416654,1.0134710212470412,1.0159728060970095
BEL,53,1.0043950062184894,1.0135365897692923,1.0159728060970095
BEL,55T56,1.0118003111601883,1.0144306648913095,1.0159728060970095
BEL,58T60,1.0041496739499671,1.0115321048171229,1.0159728060970095
BEL,61,1.006495163392048,1.0106803771184167,1.0159728060970095
BEL,62T63,1.004153602435484,1.0112168216037247,1.0159728060970095
BEL,64T66,1.0062902351257406,1.0093082985250001,1.0159728060970095
BEL,68,1.013501709544663,1.0104250344339898,1.0159728060970095
BEL,69T75,1.0059783198286016,1.0109388671339066,1.0159728060970095
BEL,77T82,1.0065621900470418,1.0123514215140381,1.0159728060970095
BEL,84,1.014932983381972,1.0106271686616068,1.0159728060970095
BEL,85,1.0150852986910197,1.0101960057807564,1.0159728060970095
BEL,86T88,1.0152282336339535,1.0116590491275328,1.0159728060970095
BEL,90T93,1.0125699882343417,1.0120819476062946,1.0159728060970095
BEL,94T98,1.0132781430490916,1.0117178354046221,1.0159728060970095
BGR,01T02,0.8937097005426444,1.0171457773237371,1.0196208902570163
BGR,03,1.0053333045891213,1.0210535376229568,1.0196208902570163
BGR,05T06,0.9427920024027403,1.027144862692984,1.0196208902570163
BGR,07T08,0.990971967050006,1.015315934401986,1.0196208902570163
BGR,10T12,1.0054539695856508,1.02268213680711,1.0196208902570163
BGR,13T15,1.0234048217169924,1.0098147446841408,1.0196208902570163
BGR,16,0.9849236813440321,1.0256227118052959,1.0196208902570163
BGR,17T18,0.9991449384596436,1.0154996030868824,1.0196208902570163
BGR,19,0.9714552821903387,1.0179766355422901,1.0196208902570163
BGR,20,0.8335082018792812,1.0250230416577568,1.0196208902570163
BGR,21,0.8894615335172547,1.022057682787038,1.0196208902570163
BGR,22,1.0256926847587737,1.0160131570173658,1.0196208902570163
BGR,23,0.8980509122729633,1.0239869350660005,1.0196208902570163
BGR,24,1.0790250028479254,1.0270061035843692,1.0196208902570163
BGR,25,1.0199966389229673,1.0146543490281947,1.0196208902570163
BGR,26,1.0154506481546453,1.0112975514694627,1.0196208902570163
BGR,27,1.0164146627560062,1.0154249123853178,1.0196208902570163
BGR,28,1.0128438948525746,1.0143424434591755,1.0196208902570163
BGR,29T30,1.01809760251372,1.0121679601631954,1.0196208902570163
BGR,31T33,1.0311915303400996,1.0094940423671765,1.0196208902570163
BGR,35,0.8292599916471024,1.0127385859537823,1.0196208902570163
BGR,36T39,1.007392205595293,1.0204843185492745,1.0196208902570163
BGR,41T43,1.0125023960118866,1.0158379841562848,1.0196208902570163
BGR,45T47,1.0030014342238227,1.0064805729752697,1.0196208902570163
BGR,49,0.9737929256843608,1.0108827222096926,1.0196208902570163
BGR,50,0.9622470078518213,1.0129104626389156,1.0196208902570163
BGR,51,1.0327224651627707,1.012337077939869,1.0196208902570163
BGR,52,0.9970729446762294,1.010184791746179,1.0196208902570163
BGR,53,1.0095927576149788,1.0045899189540388,1.0196208902570163
BGR,55T56,1.0123863880950665,1.0095344550665908,1.0196208902570163
BGR,58T60,1.0234830893446691,1.0018947034466688,1.0196208902570163
BGR,61,1.0157764708336208,1.0060617851981104,1.0196208902570163
BGR,62T63,1.0141382409162691,1.0015202866249304,1.0196208902570163
BGR,64T66,1.0084371080869043,1.0005208394392602,1.0196208902570163
BGR,68,1.0163062069255624,1.0032499158921666,1.0196208902570163
BGR,69T75,1.0130525750177475,1.002496899019582,1.0196208902570163
BGR,77T82,1.0104952549439428,1.0047083739879439,1.0196208902570163
BGR,84,1.01850191002285,1.0034602275788638,1.0196208902570163
BGR,85,1.0188195361903154,0.9989273904535177,1.0196208902570163
BGR,86T88,1.0175604152406177,1.0048598275707594,1.0196208902570163
BGR,90T93,1.0160326104707353,1.0041717008079463,1.0196208902570163
BGR,94T98,1.013560582493706,1.0070238409728285,1.0196208902570163
BRA,01T02,0.6653354876990295,0.998017680096476,0.9900531349294455
BRA,03,0.9891944946802943,0.9763068577258291,0.9900531349294455
BRA,05T06,0.9347895300898941,0.9870295280938748,0.9900531349294455
BRA,07T08,1.0217210221200776,0.9830046334738676,0.9900531349294455
BRA,10T12,0.9621368443480661,1.053037470725383,0.9900531349294455
BRA,13T15,1.009895935836322,0.9921382308495484,0.9900531349294455
BRA,16,1.00783816916245,1.0041057626966603,0.9900531349294455
BRA,17T18,1.0050183273477917,0.9980419762752775,0.9900531349294455
BRA,19,0.9530052254783001,1.0110677070707543,0.9900531349294455
BRA,20,0.9255544311862651,1.0131217162527757,0.9900531349294455
BRA,21,1.0013095615055687,0.9822239105338915,0.9900531349294455
BRA,22,0.9999483275894538,0.9981302078277955,0.9900531349294455
BRA,23,0.9082703395426696,0.9928719192234182,0.9900531349294455
BRA,24,0.983904054129845,0.9985132508920687,0.9900531349294455
BRA,25,1.0024678993845975,0.9960716243803653,0.9900531349294455
BRA,26,1.0096684279675003,0.9876208183446799,0.9900531349294455
BRA,27,1.0120756500349348,0.9937011346968284,0.9900531349294455
BRA,28,1.0157649292733317,0.9892930183115594,0.9900531349294455
BRA,29T30,1.0233002919784717,0.9911147683037719,0.9900531349294455
BRA,31T33,1.004054674869166,0.9872766849384889,0.9900531349294455
BRA,35,0.9564388085516105,0.9862622398943293,0.9900531349294455
BRA,36T39,0.9881356332392718,0.9792785304402281,0.9900531349294455
BRA,41T43,0.9893634209686606,0.9896167436530792,0.9900531349294455
BRA,45T47,0.990614719068238,0.9786681385777567,0.9900531349294455
BRA,49,0.9692876547984116,0.9865225655073068,0.9900531349294455
BRA,50,0.9718688925294169,0.9872042346617838,0.9900531349294455
BRA,51,0.9767497486663606,0.9903089679931477,0.9900531349294455
BRA,52,1.0001633765781937,0.9787714583036744,0.9900531349294455
BRA,53,0.990791587590425,0.9779770250307386,0.9900531349294455
BRA,55T56,0.9942187296491505,0.9939815709914502,0.9900531349294455
BRA,58T60,1.0205727168740548,0.9850466979957297,0.9900531349294455
BRA,61,0.9943381670649668,0.9772414825275226,0.9900531349294455
BRA,62T63,1.0137478119159526,0.9759182571085632,0.9900531349294455
BRA,64T66,0.9874265534979703,0.9749603918029801,0.9900531349294455
BRA,68,0.9919983871022005,0.9733534888702756,0.9900531349294455
BRA,69T75,1.0034144454261686,0.9766017261457266,0.9900531349294455
BRA,77T82,0.996794207696671,0.9773733037291643,0.9900531349294455
BRA,84,0.990175778597127,0.9755958546428636,0.9900531349294455
BRA,85,0.9904139834846916,0.975047505785473,0.9900531349294455
BRA,86T88,0.9903371512473617,0.9778375830363756,0.9900531349294455
BRA,90T93,0.9997140787433038,0.9779865618441216,0.9900531349294455
BRA,94T98,0.9900545851130677,0.9822251235093332,0.9900531349294455
BRN,01T02,0.8719955235712568,0.9967247955450941,0.9881675665415504
BRN,03,1.0143674993970124,0.9879670735574771,0.9881675665415504
BRN,05T06,0.9538483359424266,0.981006328378696,0.9881675665415504
BRN,07T08,1.0602129629169523,0.9738097761865072,0.9881675665415504
BRN,10T12,1.0407872883069493,1.008051620558697,0.9881675665415504
BRN,13T15,1.0164113752851691,1.0058371578766045,0.9881675665415504
BRN,16,1.0549000230746208,0.9973453489873716,0.9881675665415504
BRN,17T18,0.9935714898981618,1.0000967501330185,0.9881675665415504
BRN,19,0.9687792355646474,0.9910570443876601,0.9881675665415504
BRN,20,1.0947707852005808,0.9962915997171994,0.9881675665415504
BRN,21,1.02985596105791,1.000163222436981,0.9881675665415504
BRN,22,0.6158451616707227,1.011831416797746,0.9881675665415504
BRN,23,0.9802941698283762,0.9993891389971492,0.9881675665415504
BRN,24,1.3778072774265369,0.9846652626428182,0.9881675665415504
BRN,25,0.9719029030484444,1.0160237929939195,0.9881675665415504
BRN,26,0.9844034274408996,0.999545611575063,0.9881675665415504
BRN,27,1.0313969020946099,0.9979537727451522,0.9881675665415504
BRN,28,1.0109439859546665,0.998959866440311,0.9881675665415504
BRN,29T30,1.0120042624028909,0.9952502701574674,0.9881675665415504
BRN,31T33,0.5433566552028801,1.0098705427307575,0.9881675665415504
BRN,35,0.7097071898536074,0.9920999921996064,0.9881675665415504
BRN,36T39,0.9837514590300758,0.9843974248483972,0.9881675665415504
BRN,41T43,0.9841483590684142,1.0033931157526488,0.9881675665415504
BRN,45T47,0.9875298439371379,0.9906375154136162,0.9881675665415504
BRN,49,0.9833717813653478,0.9899590906096013,0.9881675665415504
BRN,50,0.9120000181504206,0.9892045201343459,0.9881675665415504
BRN,51,0.9711279289477948,0.9831558781759155,0.9881675665415504
BRN,52,1.0255621084805575,0.9891626370439226,0.9881675665415504
BRN,53,1.0083964770536606,0.9970046272943826,0.9881675665415504
BRN,55T56,0.9997109781163875,1.0047942161190284,0.9881675665415504
BRN,58T60,1.0289197346826935,0.9838666498285719,0.9881675665415504
BRN,61,0.9802447899282896,0.9921543830731032,0.9881675665415504
BRN,62T63,1.0108290005128047,0.9907540985872857,0.9881675665415504
BRN,64T66,0.9896169307405325,0.9790146428014482,0.9881675665415504
BRN,68,1.0028185983273274,0.9757534896751681,0.9881675665415504
BRN,69T75,0.9908550851682011,0.9887860594706264,0.9881675665415504
BRN,77T82,0.9860474359772974,0.9973128393150456,0.9881675665415504
BRN,84,0.9852727480124263,0.9902840645638431,0.9881675665415504
BRN,85,0.9873675035152398,0.9869104421336177,0.9881675665415504
BRN,86T88,0.9855410015567991,0.9928313576789854,0.9881675665415504
BRN,90T93,0.9778321856965749,1.0194634360921357,0.9881675665415504
BRN,94T98,1.011748263645236,0.9835954625393984,0.9881675665415504
CAN,01T02,0.8561918721835043,1.023322480951386,1.0068310308851807
CAN,03,0.9948326183292794,1.0081043840726174,1.0068310308851807
CAN,05T06,0.9296672990392445,1.0060138464059547,1.0068310308851807
CAN,07T08,1.011710811666969,1.0057529000028798,1.0068310308851807
CAN,10T12,0.9917822993508606,1.03035258557154,1.0068310308851807
CAN,13T15,1.0319238205560894,1.0064586379553615,1.0068310308851807
CAN,16,0.9634192976208864,1.0357886038579276,1.0068310308851807
CAN,17T18,0.9939977900889106,1.0145557038329125,1.0068310308851807
CAN,19,0.9310934078415326,1.0253207794379455,1.0068310308851807
CAN,20,0.9662382599529425,1.0141642078724007,1.0068310308851807
CAN,21,1.0096436385182106,1.0066703740156153,1.0068310308851807
CAN,22,1.0043467887982558,1.0121313264803848,1.0068310308851807
CAN,23,0.9897047925277295,1.0139394777665651,1.0068310308851807
CAN,24,1.0421569690732573,1.0184701013696775,1.0068310308851807
CAN,25,1.0311125839360475,1.0107390532940703,1.0068310308851807
CAN,26,1.0182481019613883,1.004843639366787,1.0068310308851807
CAN,27,1.0228521982574894,1.0109480186708157,1.0068310308851807
CAN,28,1.0157975986995835,1.0079541369209934,1.0068310308851807
CAN,29T30,1.0190055567895466,1.0092213538935524,1.0068310308851807
CAN,31T33,1.013272589483387,1.007310149931909,1.0068310308851807
CAN,35,0.9678549961516513,1.0012975431728,1.0068310308851807
CAN,36T39,0.9989975063443387,1.0023236929250348,1.0068310308851807
CAN,41T43,1.0027632709428367,1.0086104601888068,1.0068310308851807
CAN,45T47,1.0061441866859662,1.0007252600944638,1.0068310308851807
CAN,49,0.9719078949080358,1.0060332326592787,1.0068310308851807
CAN,50,0.935185371223771,1.0158811577310074,1.0068310308851807
CAN,51,0.9219617964807143,1.0078155365597814,1.0068310308851807
CAN,52,0.9906391383743046,1.0048932060237923,1.0068310308851807
CAN,53,1.0047430401404396,1.0049626012011195,1.0068310308851807
CAN,55T56,1.006566790735736,1.0079126258060132,1.0068310308851807
CAN,58T60,1.0117209524782298,1.0026576107517702,1.0068310308851807
CAN,61,1.0042099180253437,1.0008277405887205,1.0068310308851807
CAN,62T63,1.006403821539156,1.0002899276416435,1.0068310308851807
CAN,64T66,1.0020380143898153,1.0002552941922858,1.0068310308851807
CAN,68,1.0058296882391489,0.9990070795404673,1.0068310308851807
CAN,69T75,1.0004988709424456,1.000958094027669,1.0068310308851807
CAN,77T82,1.0004106037599139,1.0016061555081215,1.0068310308851807
CAN,84,1.0053483766727995,1.0015129451798095,1.0068310308851807
CAN,85,1.006531898442974,0.9999633568889309,1.0068310308851807
CAN,86T88,1.0054724999209101,1.0006640394244477,1.0068310308851807
CAN,90T93,1.0068242463962924,1.0029990409490928,1.0068310308851807
CAN,94T98,1.0041595593525356,1.002426766038661,1.0068310308851807
CHE,01T02,1.0293124579549024,1.019842594372367,1.0190755825600841
CHE,03,1.009941279334569,1.0119522473428217,1.0190755825600841
CHE,05T06,0.9890055399121749,1.0171335320065715,1.0190755825600841
CHE,07T08,1.026126486012807,1.0167058019101662,1.0190755825600841
CHE,10T12,1.0165200717024194,1.020654587010874,1.0190755825600841
CHE,13T15,1.0081157194281207,1.014639058812315,1.0190755825600841
CHE,16,1.0263339418085118,1.0163585044353034,1.0190755825600841
CHE,17T18,1.0106767776786811,1.0159335625463626,1.0190755825600841
CHE,19,1.012463842079199,1.020738446730768,1.0190755825600841
CHE,20,1.027870329133042,1.01736858210447,1.0190755825600841
CHE,21,1.010852552865697,1.0148935472179605,1.0190755825600841
CHE,22,1.0203254552670102,1.0171727593849285,1.0190755825600841
CHE,23,1.0140326041600751,1.019399811281059,1.0190755825600841
CHE,24,1.1240547828488796,1.0211575427795851,1.0190755825600841
CHE,25,1.0219650303454397,1.016316089156637,1.0190755825600841
CHE,26,1.0096808602215779,1.0153369146910207,1.0190755825600841
CHE,27,1.0143716046570799,1.0171404273710933,1.0190755825600841
CHE,28,1.0115863728149745,1.0157124546041518,1.0190755825600841
CHE,29T30,1.0097820840301364,1.0152442994146298,1.0190755825600841
CHE,31T33,1.0291115461151883,1.015679335207534,1.0190755825600841
CHE,35,1.0362539842983716,1.0169491569687379,1.0190755825600841
CHE,36T39,1.0190560877448795,1.0153951650576036,1.0190755825600841
CHE,41T43,1.018157322876191,1.0162688595133214,1.0190755825600841
CHE,45T47,1.0069313690198758,1.015108741650488,1.0190755825600841
CHE,49,1.013146244491035,1.0159587029986725,1.0190755825600841
CHE,50,1.0153350182301122,1.0193923425237448,1.0190755825600841
CHE,51,0.9944246599862,1.0178706882078639,1.0190755825600841
CHE,52,1.0015889903092565,1.016982254851124,1.0190755825600841
CHE,53,1.0090100102289477,1.0141718552359404,1.0190755825600841
CHE,55T56,1.0110600312150064,1.0158677907147229,1.0190755825600841
CHE,58T60,0.9987114841870962,1.0137488188727783,1.0190755825600841
CHE,61,1.0113511098257404,1.0135117768940929,1.0190755825600841
CHE,62T63,1.0012627681376163,1.0121801630724496,1.0190755825600841
CHE,64T66,1.0049596620364714,1.0130152225013163,1.0190755825600841
CHE,68,1.0169765785046434,1.0132801976314076,1.0190755825600841
CHE,69T75,1.0094633945468252,1.0136245856372739,1.0190755825600841
CHE,77T82,1.0113338356997033,1.013809070598208,1.0190755825600841
CHE,84,1.0167767597775383,1.0139621706346609,1.0190755825600841
CHE,85,1.0150182077151408,1.0147991941315426,1.0190755825600841
CHE,86T88,1.018493872007172,1.0139415895174688,1.0190755825600841
CHE,90T93,1.0125819248119925,1.014007171275138,1.0190755825600841
CHE,94T98,1.0162562884172919,1.0136374842702705,1.0190755825600841
CHL,01T02,1.0166263449819526,1.0237991274978624,1.0253986971715887
CHL,03,1.0086464100059385,1.021785278711703,1.0253986971715887
CHL,05T06,0.7982259865133853,1.0196261508066273,1.0253986971715887
CHL,07T08,0.9689445080216539,1.0226938819747373,1.0253986971715887
CHL,10T12,1.0168768204173997,1.0262272859594155,1.0253986971715887
CHL,13T15,1.0000221578789596,1.0207394406768888,1.0253986971715887
CHL,16,1.0006147481467909,1.0276098189362504,1.0253986971715887
CHL,17T18,0.977865648787446,1.0281103522576522,1.0253986971715887
CHL,19,0.9861623333209014,1.0354196929966597,1.0253986971715887
CHL,20,0.9964744864225519,1.027033401886647,1.0253986971715887
CHL,21,1.009692492104238,1.0202332545669592,1.0253986971715887
CHL,22,0.9601733082514576,1.0254932796825398,1.0253986971715887
CHL,23,0.988026160782498,1.0329799085910196,1.0253986971715887
CHL,24,1.1349828878062567,1.0259404585155987,1.0253986971715887
CHL,25,1.0145831167908963,1.0252398251004764,1.0253986971715887
CHL,26,1.0179146504428631,1.019999781900208,1.0253986971715887
CHL,27,1.0063226018237363,1.0246130405780771,1.0253986971715887
CHL,28,1.0052816496468,1.0240183044443503,1.0253986971715887
CHL,29T30,1.0025631905454262,1.0209019679324214,1.0253986971715887
CHL,31T33,0.9946164739121665,1.0213965042923259,1.0253986971715887
CHL,35,0.9498765416823362,1.0467963160346958,1.0253986971715887
CHL,36T39,1.0199264363612606,1.0207533065425252,1.0253986971715887
CHL,41T43,1.0225661126502303,1.0225760050645376,1.0253986971715887
CHL,45T47,1.0075358626736166,1.0187974991292765,1.0253986971715887
CHL,49,0.9932532775576978,1.021822936570101,1.0253986971715887
CHL,50,0.9085894902798328,1.02081613499395,1.0253986971715887
CHL,51,0.9123066977822983,1.020452362307107,1.0253986971715887
CHL,52,0.9993725028054948,1.0181840747633213,1.0253986971715887
CHL,53,1.008420952092818,1.020675255456985,1.0253986971715887
CHL,55T56,1.0166574480657118,1.0208447789951944,1.0253986971715887
CHL,58T60,1.0062956143819972,1.019303409266149,1.0253986971715887
CHL,61,1.019215103657636,1.0195279048746313,1.0253986971715887
CHL,62T63,1.0074962399226108,1.0167938444793492,1.0253986971715887
CHL,64T66,1.0139714953779144,1.0167177431464094,1.0253986971715887
CHL,68,1.019243939909109,1.0168318497493816,1.0253986971715887
CHL,69T75,1.0142399874718124,1.0168212330052186,1.0253986971715887
CHL,77T82,1.0060433608537964,1.0168929551503596,1.0253986971715887
CHL,84,1.0235489719451125,1.0179583722837446,1.0253986971715887
CHL,85,1.0244713167861301,1.0172380027779209,1.0253986971715887
CHL,86T88,1.024134728150465,1.0181205861254718,1.0253986971715887
CHL,90T93,1.0198249238298813,1.016916400368363,1.0253986971715887
CHL,94T98,1.018137115588159,1.0174901897347026,1.0253986971715887
CHN,01T02,0.9936351938132674,1.0160327097255053,1.019948380920819
CHN,03,1.0109353980851568,1.0095269774981919,1.019948380920819
CHN,05T06,0.8933913865129457,1.0247843813272146,1.019948380920819
CHN,07T08,0.9060049158840412,1.033065407791387,1.019948380920819
CHN,10T12,1.0078928639569273,1.021526994838078,1.019948380920819
CHN,13T15,0.997969842458105,1.0179525320500364,1.019948380920819
CHN,16,0.9954200831010459,1.0236850013944288,1.019948380920819
CHN,17T18,0.9982515219435812,1.0203489516445798,1.019948380920819
CHN,19,0.9426580731102165,1.020829884565565,1.019948380920819
CHN,20,0.9648653442930873,1.0291124209623632,1.019948380920819
CHN,21,1.0022656032416464,1.0159832215502305,1.019948380920819
CHN,22,0.9824631324548277,1.0268880628948671,1.019948380920819
CHN,23,0.9528517701221696,1.0349494386750573,1.019948380920819
CHN,24,0.9302253297905039,1.04226791486107,1.019948380920819
CHN,25,0.9897607993259786,1.035529763940684,1.019948380920819
CHN,26,1.0039138545506765,1.016787035670727,1.019948380920819
CHN,27,0.9906486314011465,1.030187555535816,1.019948380920819
CHN,28,0.9969224900351819,1.0263275468850477,1.019948380920819
CHN,29T30,1.0082265265838704,1.0190678126693762,1.019948380920819
CHN,31T33,0.9899268701706838,1.0186103206488528,1.019948380920819
CHN,35,0.8299558000370785,1.051848532477295,1.019948380920819
CHN,36T39,0.9815747536003708,1.0201077933279683,1.019948380920819
CHN,41T43,1.0185992098975323,1.0330029948574744,1.019948380920819
CHN,45T47,1.003231531008333,1.0007047759190972,1.019948380920819
CHN,49,0.9877045554675038,1.01167367027039,1.019948380920819
CHN,50,0.9154657259813823,1.0196574908586107,1.019948380920819
CHN,51,0.9777447916437203,1.0132607459872502,1.019948380920819
CHN,52,0.9790336580876146,1.0135136379927003,1.019948380920819
CHN,53,0.9941036681121113,1.0076699374537712,1.019948380920819
CHN,55T56,1.0078932717192932,1.0109523115661518,1.019948380920819
CHN,58T60,1.0149697037610543,1.0054594788313604,1.019948380920819
CHN,61,1.010147644287815,1.007417560082715,1.019948380920819
CHN,62T63,1.015595290316895,0.9984776505139777,1.019948380920819
CHN,64T66,0.9966165665798183,0.9947159631830842,1.019948380920819
CHN,68,1.016011968324306,0.995288789967119,1.019948380920819
CHN,69T75,1.0022564495951223,1.0065727133437787,1.019948380920819
CHN,77T82,1.0000251925889887,1.0058683903767058,1.019948380920819
CHN,84,1.019035293312154,0.9990979657467313,1.019948380920819
CHN,85,1.01957987694466,0.9982970031556516,1.019948380920819
CHN,86T88,1.0189895855848587,1.0020201700641593,1.019948380920819
CHN,90T93,1.016858569961673,0.9998104991459509,1.019948380920819
CHN,94T98,1.0149298647989353,1.001289716562303,1.019948380920819
COL,01T02,0.8222115140618107,1.0041514758973529,1.004984742072268
COL,03,1.0024526689047588,1.0137759893472347,1.004984742072268
COL,05T06,0.9586486902595788,0.9990399311602227,1.004984742072268
COL,07T08,0.987603969708739,0.9950648678219772,1.004984742072268
COL,10T12,0.9754544276701914,1.0441883678639674,1.004984742072268
COL,13T15,1.0131134093806802,0.9995881687064299,1.004984742072268
COL,16,0.9852285237537414,1.0223623435646456,1.004984742072268
COL,17T18,0.9953430531381662,1.001922913543282,1.004984742072268
COL,19,0.9674140211903716,1.0106755136801182,1.004984742072268
COL,20,1.0170119517722755,1.0042995223067122,1.004984742072268
COL,21,1.0251608814040707,0.9973204344576123,1.004984742072268
COL,22,1.0228984042022515,1.0061421483738877,1.004984742072268
COL,23,0.9775814057740398,1.0022360814569693,1.004984742072268
COL,24,1.0509555991966095,1.0102899822853233,1.004984742072268
COL,25,1.0202453320087084,1.005157846782445,1.004984742072268
COL,26,1.0174571131134347,1.0027677694076682,1.004984742072268
COL,27,1.021950946706054,1.0050744918003531,1.004984742072268
COL,28,1.0165945858632919,1.0042769013179005,1.004984742072268
COL,29T30,1.0258311751185838,1.0008445219940894,1.004984742072268
COL,31T33,1.0119336946367874,0.9989964250098974,1.004984742072268
COL,35,0.9664841099979689,1.0033620024155576,1.004984742072268
COL,36T39,1.0010023898559122,0.9941108126509598,1.004984742072268
COL,41T43,1.0034653864860732,1.0026795671906987,1.004984742072268
COL,45T47,1.000512043254955,0.9922480804004586,1.004984742072268
COL,49,0.9845610035741241,0.997348243428516,1.004984742072268
COL,50,0.9862231347665849,0.9971784946667706,1.004984742072268
COL,51,0.9946065592602777,1.0003270199750565,1.004984742072268
COL,52,1.0011631955239624,0.9909888949393985,1.004984742072268
COL,53,1.004697883657711,0.9945538145166049,1.004984742072268
COL,55T56,1.0054464669150667,1.007264181676859,1.004984742072268
COL,58T60,1.0198542858204587,0.9926266320345138,1.004984742072268
COL,61,1.0058343738827928,0.9900479661739384,1.004984742072268
COL,62T63,1.0120667113694468,0.989381183418081,1.004984742072268
COL,64T66,1.0067357133700938,0.9899442320062124,1.004984742072268
COL,68,1.0052192355550398,0.9874415521803209,1.004984742072268
COL,69T75,1.0057809161498321,0.9895797740227795,1.004984742072268
COL,77T82,1.0027978587118818,0.9889448850428495,1.004984742072268
COL,84,1.0042006194611446,0.9918979444523963,1.004984742072268
COL,85,1.0053732169887593,0.9897367632820612,1.004984742072268
COL,86T88,1.004531223572379,0.9920726978415402,1.004984742072268
COL,90T93,1.0070247393892058,0.9907598656989259,1.004984742072268
COL,94T98,1.005260643877412,0.9908357569976293,1.004984742072268
CRI,01T02,1.0078442144897426,1.0160731589315615,1.0156213150246653
CRI,03,0.9917684024147876,1.0159213286336135,1.0156213150246653
CRI,05T06,1.0151440957028253,1.0143144704091591,1.0156213150246653
CRI,07T08,0.9979954347784695,1.0138827355488713,1.0156213150246653
CRI,10T12,0.9990980414391902,1.0220473112972035,1.0156213150246653
CRI,13T15,0.9918832548049684,1.012427315624005,1.0156213150246653
CRI,16,0.9939706044070628,1.0184795401349698,1.0156213150246653
CRI,17T18,0.9948690021515012,1.0135992116063817,1.0156213150246653
CRI,19,1.0050039756901217,1.0164938241265236,1.0156213150246653
CRI,20,1.0352285487007464,1.0164420117043067,1.0156213150246653
CRI,21,0.9900743722701884,1.013473848209555,1.0156213150246653
CRI,22,1.0173598017463914,1.0188282221633904,1.0156213150246653
CRI,23,0.9768611667941307,1.0175292026522893,1.0156213150246653
CRI,24,1.0512209669349617,1.0237515735998284,1.0156213150246653
CRI,25,1.0085413840596282,1.0173405259235444,1.0156213150246653
CRI,26,1.0115970533090144,1.012545923064276,1.0156213150246653
CRI,27,1.0147859118121285,1.0163990553832676,1.0156213150246653
CRI,28,1.0090308477296739,1.0163354177284087,1.0156213150246653
CRI,29T30,1.0140873608005092,1.014969776581513,1.0156213150246653
CRI,31T33,1.0204166752376662,1.0137787136325156,1.0156213150246653
CRI,35,1.0110992788250894,1.0107720142504015,1.0156213150246653
CRI,36T39,1.01254619319677,1.0112610707650136,1.0156213150246653
CRI,41T43,1.0132099135350343,1.0183477522551927,1.0156213150246653
CRI,45T47,1.0050674129939203,1.0113666848055973,1.0156213150246653
CRI,49,0.9992510589212107,1.012352362554127,1.0156213150246653
CRI,50,0.9480350224993181,1.0163621342457094,1.0156213150246653
CRI,51,1.0442321203492622,1.014581023054176,1.0156213150246653
CRI,52,1.0001317334755992,1.0134151561464568,1.0156213150246653
CRI,53,1.014520746124473,1.0113014898325468,1.0156213150246653
CRI,55T56,1.009699904500853,1.0142099348206692,1.0156213150246653
CRI,58T60,1.004869735562125,1.0130182552890608,1.0156213150246653
CRI,61,1.010267800979468,1.010994812141356,1.0156213150246653
CRI,62T63,1.0059252469341025,1.0101869448708423,1.0156213150246653
CRI,64T66,1.0103379861898565,1.010211779817955,1.0156213150246653
CRI,68,1.0142285211262052,1.0108664369372091,1.0156213150246653
CRI,69T75,1.0067215401598957,1.0107599245779713,1.0156213150246653
CRI,77T82,1.0078101514259559,1.0106465908343267,1.0156213150246653
CRI,84,1.0148104523173054,1.0105399351389828,1.0156213150246653
CRI,85,1.014888828622605,1.010806783848121,1.0156213150246653
CRI,86T88,1.014939631845113,1.011111449998528,1.0156213150246653
CRI,90T93,1.0078251698879381,1.0114111176021114,1.0156213150246653
CRI,94T98,1.013227374856645,1.011395515890184,1.0156213150246653
CYP,01T02,1.019541437192773,1.0132341848605548,1.0119832500154036
CYP,03,1.007057282488644,1.009000810900016,1.0119832500154036
CYP,05T06,0.9426423780716869,1.019436983701872,1.0119832500154036
CYP,07T08,0.957419190064593,1.025336627194727,1.0119832500154036
CYP,10T12,1.010495252634973,1.018631305484109,1.0119832500154036
CYP,13T15,1.0235783515022085,1.0100285047816298,1.0119832500154036
CYP,16,1.0197119159991244,1.0119667255777334,1.0119832500154036
CYP,17T18,1.0086550787114565,1.0117478615221034,1.0119832500154036
CYP,19,0.6394076884810533,1.0079383083474176,1.0119832500154036
CYP,20,1.044819416313535,1.0136260158170687,1.0119832500154036
CYP,21,1.0166306927604627,1.0118803774372402,1.0119832500154036
CYP,22,1.010894759587513,1.0187637393971876,1.0119832500154036
CYP,23,0.8320470192382073,1.041440183863299,1.0119832500154036
CYP,24,1.0660744764611407,1.0207512535062413,1.0119832500154036
CYP,25,1.0072944037987854,1.0189414912202674,1.0119832500154036
CYP,26,0.9996463593135547,1.021884119304687,1.0119832500154036
CYP,27,1.0205940608487842,1.0123695416197607,1.0119832500154036
CYP,28,1.0157705037074292,1.0124027121558574,1.0119832500154036
CYP,29T30,1.0163290726488015,1.0123166281560332,1.0119832500154036
CYP,31T33,1.0081406499508578,1.0116905900887792,1.0119832500154036
CYP,35,0.8857406076949987,1.012792749343862,1.0119832500154036
CYP,36T39,1.0062815254825992,1.0183850174346047,1.0119832500154036
CYP,41T43,1.0062461474572166,1.0171813657515838,1.0119832500154036
CYP,45T47,1.003274584494457,1.0092642448058695,1.0119832500154036
CYP,49,0.9958370822377758,1.0097795956588163,1.0119832500154036
CYP,50,1.0588661957451524,1.0071867319484071,1.0119832500154036
CYP,51,0.9610476294464251,1.011259516888449,1.0119832500154036
CYP,52,0.9998538349884334,1.0089953685574127,1.0119832500154036
CYP,53,1.0020839134799768,1.0088670998978502,1.0119832500154036
CYP,55T56,1.003017785456527,1.0123813715075198,1.0119832500154036
CYP,58T60,1.0023361947912277,1.00767632946589,1.0119832500154036
CYP,61,1.0031546978215873,1.0085070738731967,1.0119832500154036
CYP,62T63,0.9905373465324611,1.0057415188186958,1.0119832500154036
CYP,64T66,0.9962989298288653,1.0052259715956742,1.0119832500154036
CYP,68,1.0085895473933968,1.0055307827710913,1.0119832500154036
CYP,69T75,1.0036958835291374,1.0058923784569285,1.0119832500154036
CYP,77T82,1.0020255733429757,1.0065497696197288,1.0119832500154036
CYP,84,1.0107912418741607,1.0072485640430309,1.0119832500154036
CYP,85,1.0107797443724664,1.0056210408762218,1.0119832500154036
CYP,86T88,1.010683214301908,1.0085875294204358,1.0119832500154036
CYP,90T93,1.0090523374974951,1.0088214800809814,1.0119832500154036
CYP,94T98,1.009193131330317,1.0071466405461151,1.0119832500154036
CZE,01T02,1.00269040596252,1.017014022191395,1.0207178715458969
CZE,03,0.9939979102632068,1.0246930614802467,1.0207178715458969
CZE,05T06,0.8923149901079879,1.015674375946488,1.0207178715458969
CZE,07T08,0.976417391389988,1.0186121076175472,1.0207178715458969
CZE,10T12,1.0089896077243585,1.0227426257354342,1.0207178715458969
CZE,13T15,0.991845268769164,1.017124661277347,1.0207178715458969
CZE,16,1.000404712399234,1.0219774571653035,1.0207178715458969
CZE,17T18,0.9984179980351665,1.0185256228007737,1.0207178715458969
CZE,19,0.9502222073304951,1.0314862741486481,1.0207178715458969
CZE,20,0.9836161853304378,1.0187985375560478,1.0207178715458969
CZE,21,0.9963382253699983,1.0132646221427197,1.0207178715458969
CZE,22,1.0174062367212955,1.017425550691473,1.0207178715458969
CZE,23,0.9643441814574634,1.0252876988548962,1.0207178715458969
CZE,24,0.9758238479882108,1.0265915630754336,1.0207178715458969
CZE,25,1.0100241569435477,1.017918741180892,1.0207178715458969
CZE,26,1.00792441112819,1.0172637448855926,1.0207178715458969
CZE,27,1.0098529534627052,1.0181186017244628,1.0207178715458969
CZE,28,1.005042162540466,1.0185989391187638,1.0207178715458969
CZE,29T30,1.0109446058466292,1.0154301267589423,1.0207178715458969
CZE,31T33,1.0138704090017618,1.0143274671969797,1.0207178715458969
CZE,35,0.8936950992827998,1.0317971256579825,1.0207178715458969
CZE,36T39,1.000100479055172,1.014740446013077,1.0207178715458969
CZE,41T43,1.0143241206182259,1.014368718406024,1.0207178715458969
CZE,45T47,1.0041146323432582,1.0107213397929127,1.0207178715458969
CZE,49,0.9891813755455154,1.0129326329564785,1.0207178715458969
CZE,50,0.9619202518136863,1.0166359546538373,1.0207178715458969
CZE,51,1.016139975378248,1.018088087964489,1.0207178715458969
CZE,52,0.9978384057672014,1.0139116309796032,1.0207178715458969
CZE,53,1.0077357834620302,1.009931632807598,1.0207178715458969
CZE,55T56,1.0135316075542296,1.0131483553338136,1.0207178715458969
CZE,58T60,1.0121082052612727,1.009567631651721,1.0207178715458969
CZE,61,1.0116461447264058,1.0090591080044644,1.0207178715458969
CZE,62T63,1.0118192615447659,1.0070294939169993,1.0207178715458969
CZE,64T66,1.0085334785747224,1.0077896579853702,1.0207178715458969
CZE,68,1.0153411389139109,1.0123698088593611,1.0207178715458969
CZE,69T75,1.00689848061101,1.0101679627184736,1.0207178715458969
CZE,77T82,1.0064057979959733,1.0124694608865936,1.0207178715458969
CZE,84,1.0182342436969418,1.0096104830878723,1.0207178715458969
CZE,85,1.0189437691689855,1.0088953747516212,1.0207178715458969
CZE,86T88,1.019669262853781,1.0106069793295906,1.0207178715458969
CZE,90T93,1.0168323969972073,1.0114114669423226,1.0207178715458969
CZE,94T98,1.015916167662614,1.0100492445376654,1.0207178715458969
DEU,01T02,0.9839069288467068,1.0183371065230373,1.01912746731639
DEU,03,1.0057742476134721,1.0143079505483914,1.01912746731639
DEU,05T06,0.9494847024774625,1.0185092150781465,1.01912746731639
DEU,07T08,0.9962204598297282,1.0139084617452212,1.01912746731639
DEU,10T12,1.0126603306240511,1.0231461705678557,1.01912746731639
DEU,13T15,1.0027143706881423,1.0159211883400316,1.01912746731639
DEU,16,1.0095138229274745,1.0224324923221673,1.01912746731639
DEU,17T18,1.0033843315924156,1.0173068003621017,1.01912746731639
DEU,19,0.9879768428922036,1.021706768479048,1.01912746731639
DEU,20,1.0097726093320156,1.0181445877939768,1.01912746731639
DEU,21,1.0062116935564291,1.0143723807930525,1.01912746731639
DEU,22,1.020288601955238,1.0175188045391084,1.01912746731639
DEU,23,1.0077792965325325,1.0191856268144186,1.01912746731639
DEU,24,0.9958024697169376,1.0263279209444363,1.01912746731639
DEU,25,1.0180812662644063,1.0176540644477072,1.01912746731639
DEU,26,1.0116144961512923,1.0144258498912346,1.01912746731639
DEU,27,1.017416357207113,1.015699976859997,1.01912746731639
DEU,28,1.0124403648536526,1.0155579528014331,1.01912746731639
DEU,29T30,1.0127136511579091,1.0153272823169552,1.01912746731639
DEU,31T33,1.0177313285752883,1.015490205995047,1.01912746731639
DEU,35,0.9615235773592785,1.023361744485334,1.01912746731639
DEU,36T39,1.012033134945377,1.0141273285079846,1.01912746731639
DEU,41T43,1.0154410094390642,1.0159899388864744,1.01912746731639
DEU,45T47,1.0071422900693174,1.0136195960498546,1.01912746731639
DEU,49,1.0090412477188175,1.0148929303889913,1.01912746731639
DEU,50,1.0244693097369513,1.0206391145505926,1.01912746731639
DEU,51,0.9653561890884367,1.017014081213255,1.01912746731639
DEU,52,1.004701646752732,1.0145270885698185,1.01912746731639
DEU,53,1.0077650817841348,1.0143534325712806,1.01912746731639
DEU,55T56,1.012458581222288,1.0155598243521036,1.01912746731639
DEU,58T60,1.0081580256098273,1.0128409949111337,1.01912746731639
DEU,61,1.0118939470256,1.0132170353302254,1.01912746731639
DEU,62T63,1.0056501157720679,1.0113974290099048,1.01912746731639
DEU,64T66,1.010526839469879,1.0121077788706252,1.01912746731639
DEU,68,1.0155087632635158,1.012128458478084,1.01912746731639
DEU,69T75,1.008705788581122,1.01236527145082,1.01912746731639
DEU,77T82,1.010084801754255,1.013352338357667,1.01912746731639
DEU,84,1.0158847191104672,1.012879586568463,1.01912746731639
DEU,85,1.0178984353049048,1.0118849018637746,1.01912746731639
DEU,86T88,1.018606070996561,1.012995331492856,1.01912746731639
DEU,90T93,1.0158872025629802,1.0127628669480513,1.01912746731639
DEU,94T98,1.017040855096271,1.012696669468475,1.01912746731639
DNK,01T02,0.973785496323335,1.0202291221943531,1.0162217156497484
DNK,03,0.982510176057696,1.0138251271270564,1.0162217156497484
DNK,05T06,0.9776746913799265,1.0132763755123568,1.0162217156497484
DNK,07T08,0.9915255151222392,1.0179326640305992,1.0162217156497484
DNK,10T12,1.0082943293506048,1.021566642853967,1.0162217156497484
DNK,13T15,1.0093910378360276,1.014337833891397,1.0162217156497484
DNK,16,1.0283864897899946,1.0183829694988282,1.0162217156497484
DNK,17T18,1.0197016756288033,1.0142666591754468,1.0162217156497484
DNK,19,0.992421941311207,1.0212362246800881,1.0162217156497484
DNK,20,1.035834386890156,1.0149578716503562,1.0162217156497484
DNK,21,1.0187104266671083,1.0118443951608866,1.0162217156497484
DNK,22,1.0260316423747222,1.0155099199761335,1.0162217156497484
DNK,23,0.9965440098280665,1.0177761421425293,1.0162217156497484
DNK,24,1.095437089641276,1.02101554796226,1.0162217156497484
DNK,25,1.0183805458734834,1.0164907303189923,1.0162217156497484
DNK,26,1.0120432903297487,1.0132511095363221,1.0162217156497484
DNK,27,1.0200318476543808,1.0142167426950146,1.0162217156497484
DNK,28,1.012307090374564,1.0148612679195979,1.0162217156497484
DNK,29T30,1.0111544733384383,1.0151863838441837,1.0162217156497484
DNK,31T33,1.0209368825839473,1.0140484084901538,1.0162217156497484
DNK,35,0.9728201985336424,1.015678476209349,1.0162217156497484
DNK,36T39,1.0129116702567806,1.0124699124346446,1.0162217156497484
DNK,41T43,1.0133688833513905,1.0149638059035202,1.0162217156497484
DNK,45T47,1.0076644571133224,1.0119317908184682,1.0162217156497484
DNK,49,0.9984791319327817,1.01722935792949,1.0162217156497484
DNK,50,0.9914604426051769,1.014827601305916,1.0162217156497484
DNK,51,0.9982059605206428,1.0140623789537846,1.0162217156497484
DNK,52,0.9979821812553452,1.0127951770080514,1.0162217156497484
DNK,53,1.0071190708838298,1.0127954942753041,1.0162217156497484
DNK,55T56,1.0118894337833495,1.0144912360344298,1.0162217156497484
DNK,58T60,1.0085820459822865,1.011410470663015,1.0162217156497484
DNK,61,1.0092440638683884,1.0119520444136256,1.0162217156497484
DNK,62T63,1.0062506481587343,1.0112484506427977,1.0162217156497484
DNK,64T66,1.0092889763379547,1.0107574811061026,1.0162217156497484
DNK,68,1.0140664583761032,1.0112845242059425,1.0162217156497484
DNK,69T75,1.0083042807110236,1.0114743772139483,1.0162217156497484
DNK,77T82,1.00820840867572,1.0136990964272907,1.0162217156497484
DNK,84,1.0152794685851405,1.0115817100409998,1.0162217156497484
DNK,85,1.0156685038047528,1.011333192420367,1.0162217156497484
DNK,86T88,1.0160118141362489,1.011712293449373,1.0162217156497484
DNK,90T93,1.0147011268741943,1.011944524298073,1.0162217156497484
DNK,94T98,1.0136222051557564,1.0115550784902783,1.0162217156497484
ESP,01T02,1.0253176018559491,1.0160637650654232,1.0177593808251229
ESP,03,0.9984210115628201,1.0147713457168006,1.0177593808251229
ESP,05T06,0.7753860890001456,1.0128546358060184,1.0177593808251229
ESP,07T08,0.9846402268737282,1.018034672262816,1.0177593808251229
ESP,10T12,1.01146597006977,1.0239445203801711,1.0177593808251229
ESP,13T15,1.0078511768991363,1.014522955752072,1.0177593808251229
ESP,16,1.0097729715802017,1.0178844886703253,1.0177593808251229
ESP,17T18,1.0048517953694318,1.0173666393509337,1.0177593808251229
ESP,19,0.9843275682106986,1.0260330190855,1.0177593808251229
ESP,20,1.0021133360211552,1.0203833102795865,1.0177593808251229
ESP,21,0.9988115351732572,1.01588974210082,1.0177593808251229
ESP,22,1.017414021760792,1.0181172895479158,1.0177593808251229
ESP,23,0.9782273030274802,1.0218333938282416,1.0177593808251229
ESP,24,1.0396471475913251,1.0221190883928237,1.0177593808251229
ESP,25,1.0095614526137446,1.0200937373529482,1.0177593808251229
ESP,26,1.0106829287686352,1.0146151537519892,1.0177593808251229
ESP,27,1.00971111280984,1.018561698603992,1.0177593808251229
ESP,28,1.0073534489103344,1.017215041947507,1.0177593808251229
ESP,29T30,1.0086318261607254,1.0169087182030776,1.0177593808251229
ESP,31T33,1.0164212606845424,1.0147271071879747,1.0177593808251229
ESP,35,0.9785686642756064,1.020536492461233,1.0177593808251229
ESP,36T39,1.0148825788320623,1.0148891021886395,1.0177593808251229
ESP,41T43,1.0147132920215969,1.0158254906615374,1.0177593808251229
ESP,45T47,1.0087137972715474,1.0129904804715617,1.0177593808251229
ESP,49,0.9953561368129807,1.0156830904690854,1.0177593808251229
ESP,50,0.7932305628342812,1.0147714584621286,1.0177593808251229
ESP,51,0.9624763204852407,1.0168750088514562,1.0177593808251229
ESP,52,1.0024081456990732,1.01502945784825,1.0177593808251229
ESP,53,1.0064157320418932,1.0136519114961693,1.0177593808251229
ESP,55T56,1.0136223403010387,1.01461183486039,1.0177593808251229
ESP,58T60,1.0064480312071855,1.0126877665585492,1.0177593808251229
ESP,61,1.0090582723254204,1.0139901108786304,1.0177593808251229
ESP,62T63,1.0033601915723553,1.0125749304657912,1.0177593808251229
ESP,64T66,1.0103599363437858,1.0114332063508618,1.0177593808251229
ESP,68,1.0151738235028118,1.0110496461577327,1.0177593808251229
ESP,69T75,1.0082393240609273,1.01255559845728,1.0177593808251229
ESP,77T82,1.0063927248367164,1.0131059402406588,1.0177593808251229
ESP,84,1.0150783050869447,1.012332586991869,1.0177593808251229
ESP,85,1.0159730479604396,1.011487810933835,1.0177593808251229
ESP,86T88,1.016789987945365,1.0124968307744333,1.0177593808251229
ESP,90T93,1.0144145902444928,1.0124631649326483,1.0177593808251229
ESP,94T98,1.0151426643438692,1.0117039208460485,1.0177593808251229
EST,01T02,0.8880163356473822,1.0222948431906853,1.0122640441892627
EST,03,1.0094759733715384,1.0047358169786658,1.0122640441892627
EST,05T06,0.7131831888731358,1.0104609248571625,1.0122640441892627
EST,07T08,0.8442526004098552,1.0123955902061603,1.0122640441892627
EST,10T12,0.9984147289751576,1.0255810922548554,1.0122640441892627
EST,13T15,1.0264416610415428,1.0091952900470995,1.0122640441892627
EST,16,0.9417502711667107,1.031350650922061,1.0122640441892627
EST,17T18,0.9829077774820785,1.0238891928259364,1.0122640441892627
EST,19,0.5434940996119366,1.0355159659143063,1.0122640441892627
EST,20,1.0143561841721327,1.019924012368738,1.0122640441892627
EST,21,1.030451208124997,1.0058261936820203,1.0122640441892627
EST,22,1.0217129601554915,1.0141067744089165,1.0122640441892627
EST,23,0.9850692248801284,1.0188970677536175,1.0122640441892627
EST,24,1.070139359050122,1.0291571502662367,1.0122640441892627
EST,25,1.0126141202436607,1.0152268850191022,1.0122640441892627
EST,26,1.010582593724109,1.0103770198836155,1.0122640441892627
EST,27,1.0255752091062516,1.0105977589458737,1.0122640441892627
EST,28,1.0125990197626387,1.0115728394202295,1.0122640441892627
EST,29T30,1.0218846281881084,1.0089735635082437,1.0122640441892627
EST,31T33,1.0108117633358873,1.0117816675798892,1.0122640441892627
EST,35,0.8138176368651111,1.0303004332242245,1.0122640441892627
EST,36T39,1.0101253579564584,1.0141214540215542,1.0122640441892627
EST,41T43,1.0075016887743866,1.0108845656478669,1.0122640441892627
EST,45T47,1.0044106802533381,1.0021247604228354,1.0122640441892627
EST,49,0.9941885185405921,1.0031927731554589,1.0122640441892627
EST,50,0.9855214487047969,1.0061227129392998,1.0122640441892627
EST,51,1.0609841353059708,1.0126447793114333,1.0122640441892627
EST,52,0.9958607395349763,1.0087182785546105,1.0122640441892627
EST,53,1.017546643875501,1.0028237403273224,1.0122640441892627
EST,55T56,1.0140324316074492,1.0091798551073115,1.0122640441892627
EST,58T60,1.0204906470014696,1.0021448021036004,1.0122640441892627
EST,61,1.0181053725221407,0.9998417603657399,1.0122640441892627
EST,62T63,1.0202769746172968,0.9975709436785335,1.0122640441892627
EST,64T66,1.0113663619628757,0.996732131809654,1.0122640441892627
EST,68,1.0088994647012615,1.0001222871884121,1.0122640441892627
EST,69T75,1.0105829875812888,1.0001840553487058,1.0122640441892627
EST,77T82,1.005907295854207,1.0006214751134799,1.0122640441892627
EST,84,1.0113471585447829,0.9994011054283579,1.0122640441892627
EST,85,1.0118103707805686,1.0008506921236957,1.0122640441892627
EST,86T88,1.0120729968891267,1.000548080520067,1.0122640441892627
EST,90T93,1.0112562394874285,1.0046414891648399,1.0122640441892627
EST,94T98,1.0086074775160034,1.0064968059005055,1.0122640441892627
FIN,01T02,0.9721280739314597,1.01642978709858,1.015054048942402
FIN,03,0.9875021859911999,1.0120678923477877,1.015054048942402
FIN,05T06,0.6623535898250633,1.0185213775578355,1.015054048942402
FIN,07T08,0.9992504159954012,1.0180522227844961,1.015054048942402
FIN,10T12,1.0108495531536579,1.0220708645475327,1.015054048942402
FIN,13T15,1.0133028466659968,1.0126298871457962,1.015054048942402
FIN,16,0.9935447662667666,1.0289193323155894,1.015054048942402
FIN,17T18,0.9805929597792186,1.0224344049919818,1.015054048942402
FIN,19,0.9949478058537056,1.0156893997697969,1.015054048942402
FIN,20,0.9972927793681203,1.0191699574598878,1.015054048942402
FIN,21,1.0156202601981934,1.0091577928039752,1.015054048942402
FIN,22,1.0169832626136852,1.0170294611975774,1.015054048942402
FIN,23,1.0123378121860314,1.017411611472623,1.015054048942402
FIN,24,1.0403080089250467,1.022883668783629,1.015054048942402
FIN,25,1.0175708721116823,1.016985263201505,1.015054048942402
FIN,26,1.0122735099666458,1.010206654361746,1.015054048942402
FIN,27,1.017524441616369,1.0140429421355521,1.015054048942402
FIN,28,1.012263465527983,1.0125896466524016,1.015054048942402
FIN,29T30,1.0128382527907147,1.014191276453201,1.015054048942402
FIN,31T33,1.011928617401603,1.0119025863018944,1.015054048942402
FIN,35,0.9670870808410572,1.024049306857528,1.015054048942402
FIN,36T39,1.015342056690774,1.0119701718159861,1.015054048942402
FIN,41T43,1.0119607516264202,1.0143235379813305,1.015054048942402
FIN,45T47,1.005428878771058,1.0103939423869974,1.015054048942402
FIN,49,1.0028489662924394,1.011422307291588,1.015054048942402
FIN,50,0.9818133038065489,1.012592750241435,1.015054048942402
FIN,51,0.9784662752047772,1.0129673101724566,1.015054048942402
FIN,52,1.0017913362948543,1.0128589176711609,1.015054048942402
FIN,53,1.006217578222224,1.0110029782126662,1.015054048942402
FIN,55T56,1.0095050825593088,1.0131916575168542,1.015054048942402
FIN,58T60,1.0049382485843696,1.0103113409171822,1.015054048942402
FIN,61,1.0096027164077557,1.0093828402592169,1.015054048942402
FIN,62T63,1.001980109940369,1.0089811122147818,1.015054048942402
FIN,64T66,1.0078664397846384,1.0092618099159174,1.015054048942402
FIN,68,1.0127062747471123,1.0094644253594358,1.015054048942402
FIN,69T75,1.0056663337924878,1.009562797769167,1.015054048942402
FIN,77T82,1.0068024958034376,1.0103367676745918,1.015054048942402
FIN,84,1.0125660708765185,1.0105236716136434,1.015054048942402
FIN,85,1.0142880645825454,1.0092714428017422,1.015054048942402
FIN,86T88,1.0146445898223817,1.009679680543324,1.015054048942402
FIN,90T93,1.0125944414744918,1.0122495106789842,1.015054048942402
FIN,94T98,1.0125004441532743,1.0124251347786903,1.015054048942402
FRA,01T02,0.9942887623172433,1.0188935713286318,1.014459431998609
FRA,03,0.9942317505326663,1.0149571261603645,1.014459431998609
FRA,05T06,0.5868060704321858,1.0113264413928407,1.014459431998609
FRA,07T08,0.9931915895278345,1.0162143121733371,1.014459431998609
FRA,10T12,1.0118857982967187,1.0205431446459223,1.014459431998609
FRA,13T15,1.0098102452617774,1.0136028755165174,1.014459431998609
FRA,16,1.0109793796553581,1.0197638484631253,1.014459431998609
FRA,17T18,1.0107040040138622,1.0142554133233797,1.014459431998609
FRA,19,1.0049869933618147,1.020125152525788,1.014459431998609
FRA,20,1.0135714205135813,1.0159460328816206,1.014459431998609
FRA,21,1.0072112722423865,1.01325254774911,1.014459431998609
FRA,22,1.0233544472751395,1.0156475983494042,1.014459431998609
FRA,23,1.0048023325687125,1.0173667579921297,1.014459431998609
FRA,24,0.9743593610899096,1.0198563904893356,1.014459431998609
FRA,25,1.016098873716155,1.0167937109153786,1.014459431998609
FRA,26,1.010584024918216,1.013533616450173,1.014459431998609
FRA,27,1.015831421588365,1.0157119817581064,1.014459431998609
FRA,28,1.010709726028846,1.0152457303591687,1.014459431998609
FRA,29T30,1.0123189041615341,1.0146349730847526,1.014459431998609
FRA,31T33,1.0180226219468487,1.0143915119493616,1.014459431998609
FRA,35,1.0055205438744574,1.0176811009333182,1.014459431998609
FRA,36T39,1.0091632337610703,1.013384072057193,1.014459431998609
FRA,41T43,1.0134761292281131,1.0149271409469343,1.014459431998609
FRA,45T47,1.0078701916905617,1.0119826136325814,1.014459431998609
FRA,49,1.0092934877070996,1.012642882779728,1.014459431998609
FRA,50,1.0074030118246977,1.016481450072719,1.014459431998609
FRA,51,0.9845773453058883,1.0150952482601234,1.014459431998609
FRA,52,1.0077574153259696,1.0119341950589469,1.014459431998609
FRA,53,1.0094332062083995,1.0112987588189084,1.014459431998609
FRA,55T56,1.0116126510133878,1.0138574094748722,1.014459431998609
FRA,58T60,1.007308878715396,1.0126419365620705,1.014459431998609
FRA,61,1.0084490081332258,1.0118898401803766,1.014459431998609
FRA,62T63,1.0091752891206744,1.011149429497772,1.014459431998609
FRA,64T66,1.0085949632754303,1.0112445616337171,1.014459431998609
FRA,68,1.0128438786126754,1.0108271698810705,1.014459431998609
FRA,69T75,1.0090001518805198,1.0115782728459994,1.014459431998609
FRA,77T82,1.0081929809959758,1.011511150665911,1.014459431998609
FRA,84,1.0135090555277797,1.0114422664912497,1.014459431998609
FRA,85,1.0131900687293087,1.0112859047456235,1.014459431998609
FRA,86T88,1.013995071888624,1.0113770657316061,1.014459431998609
FRA,90T93,1.0125729345551073,1.0123045909193389,1.014459431998609
FRA,94T98,1.0125897322324187,1.0117195190506971,1.014459431998609
GBR,01T02,0.982195078464679,1.0193916833715235,1.012489882189137
GBR,03,0.9976800581640862,1.0142147688295395,1.012489882189137
GBR,05T06,0.9672414204679955,1.0124038739251051,1.012489882189137
GBR,07T08,1.007948295125546,1.0160247328297112,1.012489882189137
GBR,10T12,1.0128033619551837,1.0197835115780836,1.012489882189137
GBR,13T15,1.0134352091009442,1.0109915021143008,1.012489882189137
GBR,16,1.0197055389198681,1.018127145457363,1.012489882189137
GBR,17T18,1.0122867888041234,1.0136779874891986,1.012489882189137
GBR,19,0.9803021354601789,1.020967372462639,1.012489882189137
GBR,20,1.008732911084828,1.0156628202102322,1.012489882189137
GBR,21,1.0140029292695545,1.0114756816197352,1.012489882189137
GBR,22,1.0148884496774475,1.015365574032273,1.012489882189137
GBR,23,1.0094260722924313,1.0149689976228948,1.012489882189137
GBR,24,1.001187321751973,1.0194636266234958,1.012489882189137
GBR,25,1.018528200467054,1.014130206946951,1.012489882189137
GBR,26,1.0107077047102484,1.0112279559955737,1.012489882189137
GBR,27,1.0181577474021992,1.0137655279530988,1.012489882189137
GBR,28,1.0103287087211708,1.013377898200645,1.012489882189137
GBR,29T30,1.0122104661063958,1.0140941430652153,1.012489882189137
GBR,31T33,1.0133095907161935,1.0123510186298863,1.012489882189137
GBR,35,0.9878989067553179,1.0247502614610926,1.012489882189137
GBR,36T39,1.0099244834667234,1.010581124231438,1.012489882189137
GBR,41T43,1.0109509417263152,1.0120699679909795,1.012489882189137
GBR,45T47,1.0080610035802775,1.0104849175534771,1.012489882189137
GBR,49,1.0048897257280527,1.0113564537352346,1.012489882189137
GBR,50,1.018995780470057,1.0123357092750362,1.012489882189137
GBR,51,0.9531292683801631,1.0172260795103254,1.012489882189137
GBR,52,1.0064857301214019,1.0120361005398033,1.012489882189137
GBR,53,1.0071279411151033,1.0100953256096261,1.012489882189137
GBR,55T56,1.0110912893718833,1.0116019086425019,1.012489882189137
GBR,58T60,1.0092039880665906,1.009952844200353,1.012489882189137
GBR,61,1.0079220266214406,1.00938709801268,1.012489882189137
GBR,62T63,1.0070403869712365,1.0093654908624972,1.012489882189137
GBR,64T66,1.0046047203722064,1.0097754349216619,1.012489882189137
GBR,68,1.0115388587656708,1.0089862500296716,1.012489882189137
GBR,69T75,1.0062434979250174,1.0097896257971528,1.012489882189137
GBR,77T82,1.0064914564063285,1.01070745408309,1.012489882189137
GBR,84,1.0116054893985014,1.0100455649450473,1.012489882189137
GBR,85,1.0111356706217576,1.0095196404998703,1.012489882189137
GBR,86T88,1.0120458956331804,1.0100757344539968,1.012489882189137
GBR,90T93,1.0105809013453197,1.010212954368792,1.012489882189137
GBR,94T98,1.0116800159562245,1.0094019088814437,1.012489882189137
GRC,01T02,1.0219969616876245,1.014953514081888,1.017951577507942
GRC,03,1.0156306354159654,1.0078475471951034,1.017951577507942
GRC,05T06,0.6202580634232829,1.0126789711309205,1.017951577507942
GRC,07T08,0.9811262514642118,1.0160347506707186,1.017951577507942
GRC,10T12,1.0154417586228965,1.0199632630563662,1.017951577507942
GRC,13T15,1.0007482443644962,1.0150301265060715,1.017951577507942
GRC,16,1.0158452528060786,1.0160797760652946,1.017951577507942
GRC,17T18,1.0137789642319857,1.0130770724997107,1.017951577507942
GRC,19,0.9624494510459229,1.02351101340404,1.017951577507942
GRC,20,1.0126339313102617,1.0147586546766265,1.017951577507942
GRC,21,1.018952040241269,1.0120764645100686,1.017951577507942
GRC,22,1.0116502229362117,1.0169719875552956,1.017951577507942
GRC,23,0.8711239866721541,1.0302968875861442,1.017951577507942
GRC,24,0.9799773307159225,1.0362825612605835,1.017951577507942
GRC,25,1.0046585239231831,1.0197784011736286,1.017951577507942
GRC,26,1.0131047741453327,1.0129125827423144,1.017951577507942
GRC,27,0.9936081070837811,1.0259815747214727,1.017951577507942
GRC,28,1.0078308568698982,1.0163804677297605,1.017951577507942
GRC,29T30,1.0129458217981815,1.0133185967381062,1.017951577507942
GRC,31T33,1.014778292738266,1.0140041897941496,1.017951577507942
GRC,35,0.9298756876256562,1.029316932948746,1.017951577507942
GRC,36T39,1.0140373118770571,1.026190211391968,1.017951577507942
GRC,41T43,1.0146431429506666,1.0229985829746306,1.017951577507942
GRC,45T47,1.007023651972632,1.008697909729848,1.017951577507942
GRC,49,1.006528472318652,1.0117148033886985,1.017951577507942
GRC,50,0.9104834175109935,1.031834288618777,1.017951577507942
GRC,51,1.0109112869714145,1.0140809921360068,1.017951577507942
GRC,52,0.9932695635043489,1.0132074168024587,1.017951577507942
GRC,53,1.005948700797354,1.0100875121987591,1.017951577507942
GRC,55T56,1.0132908077251839,1.012523367055283,1.017951577507942
GRC,58T60,1.0098970274535435,1.010362927998759,1.017951577507942
GRC,61,1.0140225245337562,1.0085355304629338,1.017951577507942
GRC,62T63,1.0109715243631836,1.0077452135146177,1.017951577507942
GRC,64T66,1.0103883411755394,1.005810738534334,1.017951577507942
GRC,68,1.0129974772240626,1.005893932207266,1.017951577507942
GRC,69T75,1.005782608386865,1.007547495314495,1.017951577507942
GRC,77T82,1.0113718822700615,1.009437140733204,1.017951577507942
GRC,84,1.0166167215209554,1.006930004830172,1.017951577507942
GRC,85,1.0170588740710944,1.0063649384422648,1.017951577507942
GRC,86T88,1.0172205617208245,1.0088686367306692,1.017951577507942
GRC,90T93,1.0149479553019947,1.0094193889598582,1.017951577507942
GRC,94T98,1.0148396275648728,1.010613588391975,1.017951577507942
HRV,01T02,0.9738754975724829,1.017717408410559,1.016516817682872
HRV,03,1.0019111030812609,1.0178975500920535,1.016516817682872
HRV,05T06,0.8302509747183829,1.0284275890034056,1.016516817682872
HRV,07T08,0.9944267742800537,1.0176301539837571,1.016516817682872
HRV,10T12,1.0070315606753575,1.0200862205556616,1.016516817682872
HRV,13T15,1.0082039070605253,1.0143879211810263,1.016516817682872
HRV,16,1.0098195109463959,1.0176929731199784,1.016516817682872
HRV,17T18,1.0011493241635574,1.0154491986192187,1.016516817682872
HRV,19,0.9847209193162119,1.0226780285536898,1.016516817682872
HRV,20,0.8123287092588982,1.021684642515524,1.016516817682872
HRV,21,1.00080220312143,1.013453336849828,1.016516817682872
HRV,22,1.0122860310333601,1.0173415998483633,1.016516817682872
HRV,23,0.9216781463529848,1.0169024261505866,1.016516817682872
HRV,24,1.0446597017641044,1.0188473102921467,1.016516817682872
HRV,25,1.016862547288016,1.0137888415613374,1.016516817682872
HRV,26,1.0149922606950292,1.0097766724329247,1.016516817682872
HRV,27,1.0171826826979815,1.014296239480805,1.016516817682872
HRV,28,1.0153010174769885,1.0130723226859075,1.016516817682872
HRV,29T30,1.010758723675776,1.0139826254743394,1.016516817682872
HRV,31T33,1.0134025695053213,1.0166093019941955,1.016516817682872
HRV,35,1.0048414092365388,1.013414416525261,1.016516817682872
HRV,36T39,1.009847044604536,1.0127332252475376,1.016516817682872
HRV,41T43,1.0089274597999274,1.0179373935695084,1.016516817682872
HRV,45T47,1.0065022490433018,1.0121141932594488,1.016516817682872
HRV,49,1.0021021750459178,1.0115500241174407,1.016516817682872
HRV,50,0.8903848693289764,1.0198634138806928,1.016516817682872
HRV,51,1.0512209126668597,1.0120696624300136,1.016516817682872
HRV,52,1.0058243887459517,1.014261180320583,1.016516817682872
HRV,53,1.0085350224151746,1.0104469185841376,1.016516817682872
HRV,55T56,1.0143261834000998,1.0119171043527155,1.016516817682872
HRV,58T60,1.0067082729342658,1.0098933355175057,1.016516817682872
HRV,61,1.0127582575415932,1.0094421688613058,1.016516817682872
HRV,62T63,1.0069849027481874,1.009099782335592,1.016516817682872
HRV,64T66,1.0078050074347467,1.0080588799288748,1.016516817682872
HRV,68,1.0140419300334524,1.0116074808028723,1.016516817682872
HRV,69T75,1.0064008514550982,1.0105829870293581,1.016516817682872
HRV,77T82,1.0093377386821552,1.01136522208163,1.016516817682872
HRV,84,1.0146199581675075,1.0103455958267564,1.016516817682872
HRV,85,1.014745430051448,1.0084866315525642,1.016516817682872
HRV,86T88,1.0151744538916114,1.010857890122357,1.016516817682872
HRV,90T93,1.012995508756579,1.0111295217928973,1.016516817682872
HRV,94T98,1.012142424423232,1.0109297102022594,1.016516817682872
HUN,01T02,0.9533101634951535,1.0200792725014731,1.016891298937665
HUN,03,1.0017911529853794,1.016227783249038,1.016891298937665
HUN,05T06,0.7598458389726628,1.02320047269361,1.016891298937665
HUN,07T08,0.9839540250107832,1.027372758647305,1.016891298937665
HUN,10T12,0.9975400850926115,1.0267869653587653,1.016891298937665
HUN,13T15,1.0126523456585772,1.0126627033560263,1.016891298937665
HUN,16,1.0004577495174714,1.0196966754525338,1.016891298937665
HUN,17T18,1.000054327244913,1.0146712468369428,1.016891298937665
HUN,19,0.9945525582328829,1.0195113339668849,1.016891298937665
HUN,20,0.9555838988620111,1.019496146730688,1.016891298937665
HUN,21,1.0008948054299038,1.0118557543658422,1.016891298937665
HUN,22,1.015762498950493,1.0176874546007995,1.016891298937665
HUN,23,0.9891043016404042,1.0207848767267564,1.016891298937665
HUN,24,1.0303454969162065,1.0224795913214053,1.016891298937665
HUN,25,1.013150301595692,1.0175503919718558,1.016891298937665
HUN,26,1.012277129494138,1.0127399284536212,1.016891298937665
HUN,27,1.0128252615955349,1.0168660321325314,1.016891298937665
HUN,28,1.0111822627514813,1.0147500259361184,1.016891298937665
HUN,29T30,1.0143496935661858,1.0141275209638645,1.016891298937665
HUN,31T33,1.0201626089799742,1.012108146670056,1.016891298937665
HUN,35,0.9029451064754553,1.015357347571295,1.016891298937665
HUN,36T39,1.0097661892034009,1.0120442592094352,1.016891298937665
HUN,41T43,1.0132745097693963,1.0155705749947033,1.016891298937665
HUN,45T47,1.0027989880528312,1.0110012591992494,1.016891298937665
HUN,49,0.9932038436541925,1.0112873599693897,1.016891298937665
HUN,50,0.919803976292602,1.014065344037074,1.016891298937665
HUN,51,0.9624906394555385,1.013891435534642,1.016891298937665
HUN,52,1.0026724826874938,1.0097649553468337,1.016891298937665
HUN,53,1.0104817127399466,1.00852480094142,1.016891298937665
HUN,55T56,1.0116811782155402,1.0141767260107788,1.016891298937665
HUN,58T60,1.0114491244906938,1.0086749161096544,1.016891298937665
HUN,61,1.013442869187021,1.0074295868999357,1.016891298937665
HUN,62T63,1.0091347097857546,1.0066348857441747,1.016891298937665
HUN,64T66,1.0089432090882329,1.00656245865014,1.016891298937665
HUN,68,1.0127163865930076,1.007609714663822,1.016891298937665
HUN,69T75,1.008429902177799,1.0081163243151192,1.016891298937665
HUN,77T82,1.0056364540576745,1.0093269003096104,1.016891298937665
HUN,84,1.015199653143548,1.007547253253484,1.016891298937665
HUN,85,1.015753532316152,1.007148217218739,1.016891298937665
HUN,86T88,1.0157283443259768,1.0088967365951087,1.016891298937665
HUN,90T93,1.0140208248772578,1.009874610122956,1.016891298937665
HUN,94T98,1.012578705467734,1.008471871973511,1.016891298937665
IDN,01T02,0.7817878945186559,0.990826241341649,1.0093813104974396
IDN,03,1.0056881245778797,0.9738759935871029,1.0093813104974396
IDN,05T06,0.8980294878183595,0.9929289438608678,1.0093813104974396
IDN,07T08,1.0134435436629405,0.9819035343113289,1.0093813104974396
IDN,10T12,0.9761823365779025,1.0551696055971271,1.0093813104974396
IDN,13T15,1.0658818489245825,0.9907434369312667,1.0093813104974396
IDN,16,0.9614692329640673,1.0407059384002466,1.0093813104974396
IDN,17T18,1.0032106105459266,1.0022663644494492,1.0093813104974396
IDN,19,0.9658123764728793,1.0117036520006009,1.0093813104974396
IDN,20,0.9421731469551765,1.0106103457301794,1.0093813104974396
IDN,21,0.987787000711944,1.0132756931721034,1.0093813104974396
IDN,22,0.9288229928737923,1.0453170197708037,1.0093813104974396
IDN,23,0.8618069902612423,1.012224951150789,1.0093813104974396
IDN,24,1.0883099045208713,0.9929756742794451,1.0093813104974396
IDN,25,1.0093524892745454,1.0051437523286983,1.0093813104974396
IDN,26,1.019647698907737,1.0017539382000056,1.0093813104974396
IDN,27,1.034512293670823,1.0012122385182278,1.0093813104974396
IDN,28,1.0153907465576364,1.0077332231137248,1.0093813104974396
IDN,29T30,1.0347789364210471,0.9889032510684351,1.0093813104974396
IDN,31T33,0.9717244614899581,1.0026199637675153,1.0093813104974396
IDN,35,0.8167370862564322,1.0767698227467268,1.0093813104974396
IDN,36T39,1.003861106645417,0.9945539384953005,1.0093813104974396
IDN,41T43,1.0035498522551922,1.0023811227529054,1.0093813104974396
IDN,45T47,1.0034939932954894,0.9817116789649627,1.0093813104974396
IDN,49,0.9832419288324578,0.983604499937247,1.0093813104974396
IDN,50,0.9092459330926753,0.9972268227870649,1.0093813104974396
IDN,51,1.006191166308745,0.9884662357019827,1.0093813104974396
IDN,52,1.0030305200174767,0.9886683114361589,1.0093813104974396
IDN,53,1.011538074612481,0.9893988950364955,1.0093813104974396
IDN,55T56,1.0075182656731194,1.0130559847501692,1.0093813104974396
IDN,58T60,1.0117854330863372,0.9909731010027634,1.0093813104974396
IDN,61,1.0039360065046066,0.9783964676879602,1.0093813104974396
IDN,62T63,1.0116590171187836,0.9919805218170249,1.0093813104974396
IDN,64T66,0.9902752322818554,0.9728876652425918,1.0093813104974396
IDN,68,1.0090601921953404,0.975513595131762,1.0093813104974396
IDN,69T75,1.0769815657761657,0.9783088352045534,1.0093813104974396
IDN,77T82,0.9980493598762868,0.9776608286108815,1.0093813104974396
IDN,84,1.0065187889034666,0.9867536061090856,1.0093813104974396
IDN,85,1.0091748902592135,0.9795299635243044,1.0093813104974396
IDN,86T88,1.0077894010611905,0.9948327693848634,1.0093813104974396
IDN,90T93,1.017141000271999,0.9857281203588487,1.0093813104974396
IDN,94T98,1.0071126151209278,0.9795060049511182,1.0093813104974396
IND,01T02,0.9656075635775886,0.9986610946040679,1.0176042252829118
IND,03,1.0165720873886037,0.9912398066720784,1.0176042252829118
IND,05T06,0.8867687170451205,1.00163769237054,1.0176042252829118
IND,07T08,0.8625049346684659,1.0093761478428007,1.0176042252829118
IND,10T12,1.0119790431166278,1.0246398794129827,1.0176042252829118
IND,13T15,1.0047777870561618,1.0137816356264904,1.0176042252829118
IND,16,0.9959060041292599,1.0099727538376484,1.0176042252829118
IND,17T18,0.9882043250423236,1.013790950253593,1.0176042252829118
IND,19,0.9591935208520425,1.015571318426304,1.0176042252829118
IND,20,0.9757239534198349,1.0145112627261355,1.0176042252829118
IND,21,1.0084158921204025,1.002582849321884,1.0176042252829118
IND,22,0.9370099958186474,1.0180119292183867,1.0176042252829118
IND,23,0.9144834849763752,1.0183644486790868,1.0176042252829118
IND,24,0.8130406435800381,1.0320588606299321,1.0176042252829118
IND,25,0.9715924290833903,1.0306879370589541,1.0176042252829118
IND,26,0.9951844736682292,1.0286961753017592,1.0176042252829118
IND,27,0.9857458470596959,1.0424532604635555,1.0176042252829118
IND,28,0.9925616731723245,1.0303030603581136,1.0176042252829118
IND,29T30,0.9993373212854599,1.0378851150450124,1.0176042252829118
IND,31T33,0.8886920864882533,1.0222025747102788,1.0176042252829118
IND,35,0.8093521371482146,1.008934734280529,1.0176042252829118
IND,36T39,0.9821078205392181,1.0069377025649158,1.0176042252829118
IND,41T43,1.012588829761212,1.0231656033366385,1.0176042252829118
IND,45T47,0.9980167492457029,0.9957336100202837,1.0176042252829118
IND,49,0.9810502575529856,1.0053239639127414,1.0176042252829118
IND,50,0.9289684122698808,1.0117911373622477,1.0176042252829118
IND,51,0.9483717101196666,1.0221591557955552,1.0176042252829118
IND,52,0.9751376853896369,1.01236913594584,1.0176042252829118
IND,53,0.9847790264274874,0.9990178548446018,1.0176042252829118
IND,55T56,1.0025783010195906,1.020052948308162,1.0176042252829118
IND,58T60,1.0064933498633228,1.007917452975038,1.0176042252829118
IND,61,0.9930337528507654,1.0240850849941612,1.0176042252829118
IND,62T63,1.0298063811323452,0.9939174497045831,1.0176042252829118
IND,64T66,1.001806893266374,1.0031773046288546,1.0176042252829118
IND,68,1.0152345377201708,0.9919381579784139,1.0176042252829118
IND,69T75,1.0057168618318395,1.002506529818495,1.0176042252829118
IND,77T82,0.9901044999831528,0.9995416457425609,1.0176042252829118
IND,84,1.0171472021220647,0.9978077833694382,1.0176042252829118
IND,85,1.0164933477522882,0.9922587154727531,1.0176042252829118
IND,86T88,1.0172608645556314,0.9959433338784259,1.0176042252829118
IND,90T93,1.0163928294323856,1.0002686259858307,1.0176042252829118
IND,94T98,1.0147557501239173,1.0057067569457405,1.0176042252829118
IRL,01T02,0.8605254203242731,1.0213389007683797,1.0224508028844546
IRL,03,0.9924221229771334,1.0206706921495343,1.0224508028844546
IRL,05T06,0.6768883587162758,1.0228065573574778,1.0224508028844546
IRL,07T08,0.9879026435644938,1.022057182815615,1.0224508028844546
IRL,10T12,1.0044325278856403,1.02184675573546,1.0224508028844546
IRL,13T15,0.9989266938514269,1.011994229185579,1.0224508028844546
IRL,16,0.9930897652350832,1.024842012766848,1.0224508028844546
IRL,17T18,1.0187736397557385,1.011815949050021,1.0224508028844546
IRL,19,1.0253369913768766,1.0137670737201494,1.0224508028844546
IRL,20,1.040048528065771,1.0131197736134772,1.0224508028844546
IRL,21,1.0217777682454239,1.0110812502716926,1.0224508028844546
IRL,22,1.034747979633283,1.0135729849185273,1.0224508028844546
IRL,23,0.9721703295982942,1.0177232156807852,1.0224508028844546
IRL,24,1.001672806932858,1.0173700035386735,1.0224508028844546
IRL,25,1.0272536794560334,1.0134447538656217,1.0224508028844546
IRL,26,1.006222087807228,1.0124706581184613,1.0224508028844546
IRL,27,1.020096476356316,1.0144421337632725,1.0224508028844546
IRL,28,1.0088419750087658,1.0125946459793127,1.0224508028844546
IRL,29T30,1.013230310890599,1.0145762635387146,1.0224508028844546
IRL,31T33,1.0311383612558838,1.0115243852622677,1.0224508028844546
IRL,35,0.9738343238613956,1.013286599646956,1.0224508028844546
IRL,36T39,1.0158387940334983,1.0123153291466278,1.0224508028844546
IRL,41T43,1.0157664195626313,1.0153622946095402,1.0224508028844546
IRL,45T47,1.001573265983481,1.0116077997069644,1.0224508028844546
IRL,49,1.0131947680371882,1.0118144665608297,1.0224508028844546
IRL,50,0.9927951819791928,1.0195220743940316,1.0224508028844546
IRL,51,0.7775366697028115,1.0141233274068304,1.0224508028844546
IRL,52,1.0013581524073638,1.0124120309532973,1.0224508028844546
IRL,53,1.0078150055487924,1.0110222887747677,1.0224508028844546
IRL,55T56,1.018011684538999,1.0119551560210864,1.0224508028844546
IRL,58T60,1.0088389621333067,1.0106227824388694,1.0224508028844546
IRL,61,1.0080719293701446,1.0110861108032585,1.0224508028844546
IRL,62T63,1.0028947377877995,1.011253325814438,1.0224508028844546
IRL,64T66,0.9999358934170303,1.0104738563438245,1.0224508028844546
IRL,68,1.0113388047265262,1.0102549312492435,1.0224508028844546
IRL,69T75,1.0037375492459986,1.0108563312691674,1.0224508028844546
IRL,77T82,1.0007671080870746,1.0111190151017713,1.0224508028844546
IRL,84,1.0204506127639286,1.011382849967195,1.0224508028844546
IRL,85,1.0204465437573313,1.0104826026512035,1.0224508028844546
IRL,86T88,1.021399674557602,1.0107534508640355,1.0224508028844546
IRL,90T93,1.013593427822544,1.0116793640195791,1.0224508028844546
IRL,94T98,1.0152004195160784,1.011193733093822,1.0224508028844546
ISL,01T02,0.9765168257183452,1.0156723022652223,1.0131263617688313
ISL,03,0.9842539610401775,1.0110740067697646,1.0131263617688313
ISL,05T06,1.0033566105913967,1.0123631744416337,1.0131263617688313
ISL,07T08,1.0021940207111197,1.0115677830258176,1.0131263617688313
ISL,10T12,1.0179789622577091,1.0178339176620752,1.0131263617688313
ISL,13T15,1.0111650428809595,1.0122428603041647,1.0131263617688313
ISL,16,1.0450805835568637,1.0157079935248656,1.0131263617688313
ISL,17T18,1.0240320517023473,1.0113349228232256,1.0131263617688313
ISL,19,1.0230590756554012,1.009509643317122,1.0131263617688313
ISL,20,1.0325212649784254,1.0136566977793813,1.0131263617688313
ISL,21,1.002078500308808,1.0182573069307328,1.0131263617688313
ISL,22,1.029146971857066,1.0136970324908126,1.0131263617688313
ISL,23,1.0353814562674046,1.0128694482247191,1.0131263617688313
ISL,24,0.9708072279349658,1.0205584118420175,1.0131263617688313
ISL,25,1.0186455802945404,1.014414050207599,1.0131263617688313
ISL,26,1.0125749530929857,1.0126822828565791,1.0131263617688313
ISL,27,1.002890894871847,1.0141301541382608,1.0131263617688313
ISL,28,1.0111753387479925,1.0125062852476476,1.0131263617688313
ISL,29T30,1.007852793962896,1.0127728073951623,1.0131263617688313
ISL,31T33,1.0174534007538487,1.0122628822056237,1.0131263617688313
ISL,35,1.0020422370088,1.009863599601377,1.0131263617688313
ISL,36T39,1.0002438343875617,1.0107116886340266,1.0131263617688313
ISL,41T43,1.0122696880420978,1.0127291599760466,1.0131263617688313
ISL,45T47,1.005223164748064,1.012711159699428,1.0131263617688313
ISL,49,1.0059012890276364,1.0121336503948617,1.0131263617688313
ISL,50,0.9848666774925936,1.0152653692983742,1.0131263617688313
ISL,51,0.977689223657159,1.0168825082060209,1.0131263617688313
ISL,52,0.9985884600336473,1.0106446075228335,1.0131263617688313
ISL,53,1.0062472469328103,1.0095876499004903,1.0131263617688313
ISL,55T56,1.0149046552028747,1.0111198442303004,1.0131263617688313
ISL,58T60,1.0056337058593856,1.0104924753730606,1.0131263617688313
ISL,61,1.0052088993448167,1.0095100069549454,1.0131263617688313
ISL,62T63,1.0067970143754768,1.0086601132636863,1.0131263617688313
ISL,64T66,1.003423836971306,1.0083487884283702,1.0131263617688313
ISL,68,1.0123334455869102,1.0082723257141062,1.0131263617688313
ISL,69T75,1.0066563077303572,1.008859257577553,1.0131263617688313
ISL,77T82,1.0077674219209087,1.0125839524839573,1.0131263617688313
ISL,84,1.0125455598889435,1.0090359652166738,1.0131263617688313
ISL,85,1.012934843412266,1.008289386718268,1.0131263617688313
ISL,86T88,1.012956616020113,1.0084294694946065,1.0131263617688313
ISL,90T93,1.012491409023726,1.0091726332127695,1.0131263617688313
ISL,94T98,1.0115060574542138,1.0090322706828838,1.0131263617688313
ISR,01T02,1.0401986154069176,1.0218309323954753,1.0170279038804466
ISR,03,1.0118095181687612,1.016464054397627,1.0170279038804466
ISR,05T06,0.7099439337669736,1.0154813974808725,1.0170279038804466
ISR,07T08,0.9901722865341273,1.0136834994532358,1.0170279038804466
ISR,10T12,1.016116073432547,1.0189660669687206,1.0170279038804466
ISR,13T15,1.0019229103501694,1.0143826078893197,1.0170279038804466
ISR,16,1.0252547009574675,1.0153424441006236,1.0170279038804466
ISR,17T18,1.0167200884336636,1.0144138664449125,1.0170279038804466
ISR,19,0.9902793426024838,1.0215451265719973,1.0170279038804466
ISR,20,1.0244067586899674,1.0155507063465072,1.0170279038804466
ISR,21,1.0152275602933982,1.0138171063157835,1.0170279038804466
ISR,22,0.9901186910919553,1.0164055489930095,1.0170279038804466
ISR,23,1.0013447982687549,1.0186224426147572,1.0170279038804466
ISR,24,1.0812061437935987,1.0253539290905032,1.0170279038804466
ISR,25,1.0239858316828738,1.016062980091336,1.0170279038804466
ISR,26,1.0137766590176285,1.0126013800877613,1.0170279038804466
ISR,27,1.021651107268866,1.0147778101658764,1.0170279038804466
ISR,28,1.0151504614932194,1.0147455383164568,1.0170279038804466
ISR,29T30,1.0134604302023142,1.0152169375543292,1.0170279038804466
ISR,31T33,0.9905440422318484,1.0130365355722195,1.0170279038804466
ISR,35,0.9389499884509609,1.0201460320849123,1.0170279038804466
ISR,36T39,1.0155114455011618,1.0152156990639205,1.0170279038804466
ISR,41T43,1.0161790878115677,1.0154565968433755,1.0170279038804466
ISR,45T47,1.007589933025938,1.0117172251198263,1.0170279038804466
ISR,49,1.006034262389001,1.0133888794309447,1.0170279038804466
ISR,50,0.9867093912184747,1.018233220004226,1.0170279038804466
ISR,51,1.022017498625118,1.015409695612462,1.0170279038804466
ISR,52,0.9949957712193386,1.0132398038868085,1.0170279038804466
ISR,53,1.011676919746692,1.0120208925615932,1.0170279038804466
ISR,55T56,1.0111189461783143,1.0157638444128108,1.0170279038804466
ISR,58T60,1.0056494567723984,1.011847719071738,1.0170279038804466
ISR,61,1.0115546042740609,1.0110764511870112,1.0170279038804466
ISR,62T63,0.9979768146712454,1.010699519545378,1.0170279038804466
ISR,64T66,1.0064771862308004,1.0113558894659302,1.0170279038804466
ISR,68,1.0152744871215118,1.0107543886107235,1.0170279038804466
ISR,69T75,1.0099986489069555,1.0115625301163615,1.0170279038804466
ISR,77T82,1.010895599226033,1.0106986539138108,1.0170279038804466
ISR,84,1.0164198528912256,1.0134142488574525,1.0170279038804466
ISR,85,1.0165804039023858,1.0113999448743518,1.0170279038804466
ISR,86T88,1.0165915176677325,1.0118098583496322,1.0170279038804466
ISR,90T93,1.0152293551031784,1.0109630454120964,1.0170279038804466
ISR,94T98,1.0133622244239735,1.0138902626291286,1.0170279038804466
ITA,01T02,1.0233038082327417,1.0175811352583524,1.0190243141121758
ITA,03,1.0003979189179861,1.016829991292119,1.0190243141121758
ITA,05T06,0.9654412464141201,1.0167250456153578,1.0190243141121758
ITA,07T08,1.0057255437969774,1.0131104158978659,1.0190243141121758
ITA,10T12,1.0166435050900677,1.0213874134265897,1.0190243141121758
ITA,13T15,1.0071557443447239,1.0153477982724612,1.0190243141121758
ITA,16,1.016933799281906,1.0184273904681185,1.0190243141121758
ITA,17T18,1.0097462337854508,1.0170673892409936,1.0190243141121758
ITA,19,0.9982068905031706,1.0228695027261159,1.0190243141121758
ITA,20,1.013701286149627,1.0202538100228074,1.0190243141121758
ITA,21,1.0068375942850278,1.016678632132262,1.0190243141121758
ITA,22,1.0182586192319554,1.018992069757091,1.0190243141121758
ITA,23,1.006003526837205,1.0219289285919977,1.0190243141121758
ITA,24,1.0427827715827709,1.0254038381505717,1.0190243141121758
ITA,25,1.0120747575037596,1.0184269346862806,1.0190243141121758
ITA,26,1.0096619623781988,1.0167912801400405,1.0190243141121758
ITA,27,1.0103498663562773,1.0185115436134455,1.0190243141121758
ITA,28,1.0083695833677433,1.0171615192843702,1.0190243141121758
ITA,29T30,1.0095751659852406,1.0169612677960485,1.0190243141121758
ITA,31T33,1.0174943313610436,1.0167787840414282,1.0190243141121758
ITA,35,0.9747233027598539,1.0295027073770222,1.0190243141121758
ITA,36T39,1.0163741957060533,1.0165098176287408,1.0190243141121758
ITA,41T43,1.0167887543828087,1.0161458199947415,1.0190243141121758
ITA,45T47,1.0076979229451242,1.0146220467060845,1.0190243141121758
ITA,49,1.0058377314598592,1.0164346528008867,1.0190243141121758
ITA,50,0.9380898332468636,1.0166222605935882,1.0190243141121758
ITA,51,1.0045653767930345,1.01603072868166,1.0190243141121758
ITA,52,1.0072336620972904,1.0158030337509034,1.0190243141121758
ITA,53,1.006091148702493,1.0188696025927146,1.0190243141121758
ITA,55T56,1.0141571491139765,1.016065816752732,1.0190243141121758
ITA,58T60,1.0060584337563852,1.0142511115675545,1.0190243141121758
ITA,61,1.0097084249030768,1.013753885156212,1.0190243141121758
ITA,62T63,1.0094949024633801,1.0133658953011655,1.0190243141121758
ITA,64T66,1.0098653929864831,1.013065814750613,1.0190243141121758
ITA,68,1.01626832020695,1.0127799281111716,1.0190243141121758
ITA,69T75,1.010294487441016,1.0140796773168117,1.0190243141121758
ITA,77T82,1.010383453908469,1.014896777292548,1.0190243141121758
ITA,84,1.0178421497719166,1.0140984419467107,1.0190243141121758
ITA,85,1.017633130043139,1.013372942150752,1.0190243141121758
ITA,86T88,1.0181496779587815,1.0146425892815474,1.0190243141121758
ITA,90T93,1.0147678543271677,1.0145837470524042,1.0190243141121758
ITA,94T98,1.0169815654361818,1.0150423750762094,1.0190243141121758
JPN,01T02,1.0336852702350174,1.018909652292872,1.0185970583415063
JPN,03,1.0031656269520286,1.015631613836451,1.0185970583415063
JPN,05T06,0.9133295434693726,1.0167782950178215,1.0185970583415063
JPN,07T08,0.9814697903679148,1.0176043043276846,1.0185970583415063
JPN,10T12,1.0192417324369505,1.0190165651638945,1.0185970583415063
JPN,13T15,1.0051237042968206,1.0161841099673468,1.0185970583415063
JPN,16,1.0200254321781494,1.0193495188867323,1.0185970583415063
JPN,17T18,1.003769951938037,1.0185150061914903,1.0185970583415063
JPN,19,0.9818365600616986,1.026831905227077,1.0185970583415063
JPN,20,0.9981049706249229,1.0216667422385342,1.0185970583415063
JPN,21,1.002334422362358,1.0168706996428503,1.0185970583415063
JPN,22,1.0213558477049869,1.0192543873356472,1.0185970583415063
JPN,23,0.9870418631004559,1.0166891178895452,1.0185970583415063
JPN,24,1.0231389568047835,1.0226376786415539,1.0185970583415063
JPN,25,1.0169291622254235,1.022021854619698,1.0185970583415063
JPN,26,1.0101164605260187,1.016875326970726,1.0185970583415063
JPN,27,1.0150090164609618,1.0189137134788937,1.0185970583415063
JPN,28,1.012104642490105,1.017555046783636,1.0185970583415063
JPN,29T30,1.0034072029501298,1.0186599930770122,1.0185970583415063
JPN,31T33,1.0140346204305215,1.0165945389719842,1.0185970583415063
JPN,35,0.9399405927633822,1.0309629533726767,1.0185970583415063
JPN,36T39,1.012884385135546,1.013358986396589,1.0185970583415063
JPN,41T43,1.0174272672551723,1.0181954167941631,1.0185970583415063
JPN,45T47,1.0068289516595623,1.014576748222068,1.0185970583415063
JPN,49,1.010329145156246,1.014396217582393,1.0185970583415063
JPN,50,0.9415055025991426,1.028674914990486,1.0185970583415063
JPN,51,0.9823381097439374,1.0189463295826422,1.0185970583415063
JPN,52,1.0048421695044267,1.0139708061996893,1.0185970583415063
JPN,53,1.007208373741473,1.0137925347932142,1.0185970583415063
JPN,55T56,1.0138232169110502,1.0174242633807942,1.0185970583415063
JPN,58T60,1.0079883454875238,1.0141824565523467,1.0185970583415063
JPN,61,1.015335057169664,1.013623581246729,1.0185970583415063
JPN,62T63,1.0083834364558377,1.013032719310487,1.0185970583415063
JPN,64T66,1.0108910798598048,1.012869558765778,1.0185970583415063
JPN,68,1.0162727017712325,1.0117484511854111,1.0185970583415063
JPN,69T75,1.007504305125995,1.0134612016589,1.0185970583415063
JPN,77T82,1.005185005560767,1.013257705150365,1.0185970583415063
JPN,84,1.0177214805416206,1.0134708148785478,1.0185970583415063
JPN,85,1.0170260159721451,1.0130704793807852,1.0185970583415063
JPN,86T88,1.0179417847904755,1.0140335731142895,1.0185970583415063
JPN,90T93,1.0153373986153558,1.015880311972227,1.0185970583415063
JPN,94T98,1.0157622058475377,1.0148030286717913,1.0185970583415063
KAZ,01T02,0.9398263105941013,0.990249632339382,0.9998412118275681
KAZ,03,1.0000157932825502,0.9749059936204534,0.9998412118275681
KAZ,05T06,0.9274053811616463,0.9870770849768828,0.9998412118275681
KAZ,07T08,0.9080851321092388,0.9956052831169686,0.9998412118275681
KAZ,10T12,1.0031976501257827,1.000157227170474,0.9998412118275681
KAZ,13T15,1.0360036747562487,0.9959849338584291,0.9998412118275681
KAZ,16,0.9655226355721844,1.0053799761213411,0.9998412118275681
KAZ,17T18,1.0163524337333056,0.9929500924636762,0.9998412118275681
KAZ,19,0.9377035434416343,0.9967771850589532,0.9998412118275681
KAZ,20,0.9348194964700877,0.9947473536517866,0.9998412118275681
KAZ,21,0.9618710735910136,0.9811325498283346,0.9998412118275681
KAZ,22,0.9853202383819532,1.0000072353128704,0.9998412118275681
KAZ,23,0.7447738963917206,1.0024559863539846,0.9998412118275681
KAZ,24,0.9855825022806409,0.9918966605827767,0.9998412118275681
KAZ,25,1.026086765048977,0.9976686637513439,0.9998412118275681
KAZ,26,1.0026292381627575,0.9903402269018221,0.9998412118275681
KAZ,27,1.0363099867595331,0.9937273850327333,0.9998412118275681
KAZ,28,1.0215345317970326,0.9942305755673807,0.9998412118275681
KAZ,29T30,1.0472960748478934,0.9853802681892183,0.9998412118275681
KAZ,31T33,1.001015539576923,0.994337497489827,0.9998412118275681
KAZ,35,0.581698376610215,1.0051771113403767,0.9998412118275681
KAZ,36T39,0.9789967046475506,1.0133543885292806,0.9998412118275681
KAZ,41T43,0.9911425166348575,1.0069304470712317,0.9998412118275681
KAZ,45T47,0.9971804603198198,0.9810017214627579,0.9998412118275681
KAZ,49,0.9798036498175912,0.9856625488122719,0.9998412118275681
KAZ,50,1.0568785882807559,0.9938095905157415,0.9998412118275681
KAZ,51,1.0099791043846356,0.9838178978803338,0.9998412118275681
KAZ,52,1.0043660144127013,0.9833326361374425,0.9998412118275681
KAZ,53,1.0081253138829975,0.9805112371694292,0.9998412118275681
KAZ,55T56,1.0183956481170577,0.9870405608948501,0.9998412118275681
KAZ,58T60,1.002699668340855,0.9968682871546328,0.9998412118275681
KAZ,61,1.0002637319199137,0.9868281532133291,0.9998412118275681
KAZ,62T63,0.9849246137685176,0.9904525809970828,0.9998412118275681
KAZ,64T66,0.9905996270722227,0.9786081743512073,0.9998412118275681
KAZ,68,0.9967656794611548,0.9820931062282786,0.9998412118275681
KAZ,69T75,0.9937811786794803,0.9887210928348874,0.9998412118275681
KAZ,77T82,0.9916159715537578,0.9863222486135225,0.9998412118275681
KAZ,84,0.9935602501607266,1.004332507980597,0.9998412118275681
KAZ,85,0.9974376589272543,1.002710866417441,0.9998412118275681
KAZ,86T88,0.996480027098019,0.9991723192197556,0.9998412118275681
KAZ,90T93,0.9958359737753674,1.0054505543973788,0.9998412118275681
KAZ,94T98,0.9966791668090753,1.0129525088735627,0.9998412118275681
KHM,01T02,0.6628147788264647,0.9940443145990162,1.0246292564976995
KHM,03,0.9880591212427038,0.9679079030114645,1.0246292564976995
KHM,05T06,1.014127075328233,0.9792519554234301,1.0246292564976995
KHM,07T08,0.9646022485384483,0.983437761321432,1.0246292564976995
KHM,10T12,0.9500495127057057,1.0656632950542813,1.0246292564976995
KHM,13T15,1.105137331855239,0.9934843199240732,1.0246292564976995
KHM,16,0.9903191856512108,1.0113151737301598,1.0246292564976995
KHM,17T18,1.01262810020821,1.0155763682344938,1.0246292564976995
KHM,19,0.5446807774558394,1.0004927818255316,1.0246292564976995
KHM,20,1.0185131286217137,1.0197018891710776,1.0246292564976995
KHM,21,1.0816742215311548,0.9900158982383984,1.0246292564976995
KHM,22,0.9572689248379591,1.0321947956841837,1.0246292564976995
KHM,23,0.5178380745562104,0.9926862210809798,1.0246292564976995
KHM,24,1.264640922569306,0.9907223636059013,1.0246292564976995
KHM,25,1.11242344347966,0.9977681695646059,1.0246292564976995
KHM,26,1.0448033612583483,0.9920418324205655,1.0246292564976995
KHM,27,1.0718769118957256,0.996267501357702,1.0246292564976995
KHM,28,1.0701485709528669,0.9904898259046465,1.0246292564976995
KHM,29T30,1.055868132907636,0.9942071480371464,1.0246292564976995
KHM,31T33,0.9877302764961513,0.9966743144089131,1.0246292564976995
KHM,35,0.8201914934741432,1.019927519780837,1.0246292564976995
KHM,36T39,1.0130766451795994,1.0095813015998234,1.0246292564976995
KHM,41T43,1.0157105075731072,0.9904004885647179,1.0246292564976995
KHM,45T47,1.0420664394955226,0.9917147115141072,1.0246292564976995
KHM,49,1.0030349324190704,0.98860089757206,1.0246292564976995
KHM,50,1.0375277802123244,0.9988824523279304,1.0246292564976995
KHM,51,0.882169976286005,1.0041997325897392,1.0246292564976995
KHM,52,1.055581912581912,0.9838209962687524,1.0246292564976995
KHM,53,1.0603868243662178,0.9854513973024075,1.0246292564976995
KHM,55T56,0.9995505791384672,1.031808202456691,1.0246292564976995
KHM,58T60,1.046953782672878,0.9919651159576733,1.0246292564976995
KHM,61,1.0285745828684796,0.986406380803812,1.0246292564976995
KHM,62T63,1.0419637979869307,0.9920847246956738,1.0246292564976995
KHM,64T66,1.0593830575676608,0.9734192125429463,1.0246292564976995
KHM,68,1.0317909911082939,0.9859965786796834,1.0246292564976995
KHM,69T75,1.0402270082501006,0.9902402561326444,1.0246292564976995
KHM,77T82,1.031592616624808,0.990578936012776,1.0246292564976995
KHM,84,1.020524907363765,0.9982798061312051,1.0246292564976995
KHM,85,1.0302299651704263,0.9797861777658359,1.0246292564976995
KHM,86T88,1.0269711330367528,0.9841069768726299,1.0246292564976995
KHM,90T93,1.0354897934578253,0.9844140998557193,1.0246292564976995
KHM,94T98,1.026878968645961,0.9816111065088207,1.0246292564976995
KOR,01T02,1.032611522534318,1.0155104676381963,1.0225668258280722
KOR,03,0.9993930917675984,1.0169830598444518,1.0225668258280722
KOR,05T06,0.6870045671542064,1.014421590115836,1.0225668258280722
KOR,07T08,0.9787934117910595,1.0175448667326388,1.0225668258280722
KOR,10T12,1.0183412465328765,1.022458678820415,1.0225668258280722
KOR,13T15,1.0011119146932503,1.0190158054252807,1.0225668258280722
KOR,16,1.0195650557629339,1.0222239013344396,1.0225668258280722
KOR,17T18,0.9988059084692619,1.0204630966379293,1.0225668258280722
KOR,19,0.9818412736550065,1.0203535150106007,1.0225668258280722
KOR,20,0.9986308748247938,1.0237195636504737,1.0225668258280722
KOR,21,1.011329649851783,1.018113834566138,1.0225668258280722
KOR,22,1.0076912386317478,1.0211807866725857,1.0225668258280722
KOR,23,0.9769855103091653,1.0290122928570877,1.0225668258280722
KOR,24,0.9763893239508346,1.0357991393783108,1.0225668258280722
KOR,25,1.0086419326619374,1.0243525671304792,1.0225668258280722
KOR,26,1.0062871548034484,1.0165755168562678,1.0225668258280722
KOR,27,1.0078898547736763,1.0216695232337383,1.0225668258280722
KOR,28,1.0089150978496821,1.0203553076181098,1.0225668258280722
KOR,29T30,1.0005124241261572,1.0210581760887631,1.0225668258280722
KOR,31T33,1.012492947551209,1.0190443410172643,1.0225668258280722
KOR,35,0.8937014987550336,1.0392874984206304,1.0225668258280722
KOR,36T39,1.0055145464887163,1.0177661004933514,1.0225668258280722
KOR,41T43,1.0209754200630152,1.021785198056333,1.0225668258280722
KOR,45T47,0.9999625872872746,1.0143652886013685,1.0225668258280722
KOR,49,0.9911259688957799,1.0169503410642933,1.0225668258280722
KOR,50,0.9702572185390439,1.0234748393030462,1.0225668258280722
KOR,51,0.9398211929098993,1.01618879527033,1.0225668258280722
KOR,52,0.9906843888894733,1.0156176323181525,1.0225668258280722
KOR,53,0.9916044841289945,1.015876189902681,1.0225668258280722
KOR,55T56,1.012518849104556,1.0184059812582438,1.0225668258280722
KOR,58T60,1.0074432019811936,1.012565779960653,1.0225668258280722
KOR,61,1.0088249034950312,1.0142697998773562,1.0225668258280722
KOR,62T63,1.0081162640840848,1.0109232009620193,1.0225668258280722
KOR,64T66,1.0125282597311032,1.0104112955795423,1.0225668258280722
KOR,68,1.0190680281483815,1.0103300709156182,1.0225668258280722
KOR,69T75,1.0046749925737846,1.0165729360718214,1.0225668258280722
KOR,77T82,1.0038439620753605,1.0110999191135954,1.0225668258280722
KOR,84,1.0209848885886785,1.0109184327619412,1.0225668258280722
KOR,85,1.0203603378654975,1.013399777698531,1.0225668258280722
KOR,86T88,1.0205413389247995,1.014950007052749,1.0225668258280722
KOR,90T93,1.0157044513512625,1.0162786098873917,1.0225668258280722
KOR,94T98,1.0145723002773805,1.0161118206601392,1.0225668258280722
LAO,01T02,0.7975571726145457,0.9782818659930125,0.9912520863166795
LAO,03,0.9317309836444058,0.9532426425900539,0.9912520863166795
LAO,05T06,0.9512476160852248,0.9711675071770164,0.9912520863166795
LAO,07T08,0.9845098862140239,0.9713194539124234,0.9912520863166795
LAO,10T12,0.9508741221443704,1.0536952898446985,0.9912520863166795
LAO,13T15,1.1174886221884983,0.9711474824202878,0.9912520863166795
LAO,16,0.9766315409330691,1.0290689971931632,0.9912520863166795
LAO,17T18,0.9835216179116771,1.026003781673566,0.9912520863166795
LAO,19,1.0462619137051044,0.9835296581323274,0.9912520863166795
LAO,20,1.132144422493103,0.9823786082069937,0.9912520863166795
LAO,21,1.0166443559617573,0.9727323885286824,0.9912520863166795
LAO,22,0.8943572963171389,0.9933906874046196,0.9912520863166795
LAO,23,1.0224961902382546,0.9827061427753794,0.9912520863166795
LAO,24,1.3284890485784695,0.9883208237188446,0.9912520863166795
LAO,25,1.1255641696562537,0.9897019497132193,0.9912520863166795
LAO,26,1.034665657420557,0.9876985528562813,0.9912520863166795
LAO,27,1.086429141265406,0.9893401665907067,0.9912520863166795
LAO,28,1.070822015932689,0.9889217804711296,0.9912520863166795
LAO,29T30,1.0608999053291461,0.9918385164823066,0.9912520863166795
LAO,31T33,0.8685935165013103,0.9954797991983377,0.9912520863166795
LAO,35,0.6264511980538302,0.9819690785938735,0.9912520863166795
LAO,36T39,0.9590108801532992,0.976217929556741,0.9912520863166795
LAO,41T43,0.9841647745440161,0.9918769909130417,0.9912520863166795
LAO,45T47,1.0003269429212667,0.9713886633875906,0.9912520863166795
LAO,49,1.020371469828128,0.9793786428624203,0.9912520863166795
LAO,50,0.8077053574533825,0.9967473221503154,0.9912520863166795
LAO,51,1.0428858039981166,0.9694103567854623,0.9912520863166795
LAO,52,0.96154872252726,0.9909677861304814,0.9912520863166795
LAO,53,1.0139851391234218,0.9689385106168826,0.9912520863166795
LAO,55T56,1.0023673030012454,1.0014571134040315,0.9912520863166795
LAO,58T60,0.9954357296644906,0.9977167137637606,0.9912520863166795
LAO,61,0.9989749427233824,0.9695001993757657,0.9912520863166795
LAO,62T63,1.0020316931042546,0.9827474458619863,0.9912520863166795
LAO,64T66,1.005655311414739,0.9616505526887552,0.9912520863166795
LAO,68,1.0028197284672233,0.9612188964946368,0.9912520863166795
LAO,69T75,1.0077072007390928,0.9773115048348434,0.9912520863166795
LAO,77T82,1.0003103752555889,0.9807109329811928,0.9912520863166795
LAO,84,0.9892624247350486,0.9717612047883245,0.9912520863166795
LAO,85,0.9985784274891085,0.9688436541419595,0.9912520863166795
LAO,86T88,0.9973283745003689,0.976037536955403,0.9912520863166795
LAO,90T93,1.0125621710394572,0.9742120056714789,0.9912520863166795
LAO,94T98,0.9967315016454946,0.9679716297804993,0.9912520863166795
LTU,01T02,0.8769322630097827,1.017446512657158,1.0159903886553237
LTU,03,1.0071569747846885,1.0112168004645326,1.0159903886553237
LTU,05T06,0.8574484100018837,1.0121228526909052,1.0159903886553237
LTU,07T08,0.9994614733457824,1.0116361083860306,1.0159903886553237
LTU,10T12,1.0054666127096061,1.0217959331493232,1.0159903886553237
LTU,13T15,1.0212479576118731,1.0091706676270966,1.0159903886553237
LTU,16,1.014982811855481,1.019715517086399,1.0159903886553237
LTU,17T18,1.013921161712091,1.0120197277329075,1.0159903886553237
LTU,19,1.0043323433040852,1.0130997016885501,1.0159903886553237
LTU,20,0.8509889044247922,1.0242620599685224,1.0159903886553237
LTU,21,1.0132762037617353,1.0088057817430067,1.0159903886553237
LTU,22,1.013395960633609,1.016459627576319,1.0159903886553237
LTU,23,0.9716855751853642,1.0112847674506056,1.0159903886553237
LTU,24,1.136034111530243,1.0173238183717572,1.0159903886553237
LTU,25,1.0262006950973488,1.0122640732786017,1.0159903886553237
LTU,26,1.0165600321254031,1.0088372566048744,1.0159903886553237
LTU,27,1.0189740976521353,1.0131652041383488,1.0159903886553237
LTU,28,1.0117364782594047,1.0122024961661702,1.0159903886553237
LTU,29T30,1.017320134412384,1.0119736746315242,1.0159903886553237
LTU,31T33,1.0251266931471559,1.0104534329541468,1.0159903886553237
LTU,35,1.0279500506917232,1.010221930476991,1.0159903886553237
LTU,36T39,1.0113083236167224,1.008884325672763,1.0159903886553237
LTU,41T43,1.013528140985383,1.0099368197788112,1.0159903886553237
LTU,45T47,1.006150538375605,1.0058142550315476,1.0159903886553237
LTU,49,1.0010295323234235,1.0080993062750931,1.0159903886553237
LTU,50,0.975740244199339,1.0076614953357443,1.0159903886553237
LTU,51,1.0614181123640338,1.0109683049615013,1.0159903886553237
LTU,52,1.0004882843591747,1.0073186134462835,1.0159903886553237
LTU,53,1.0114425913635496,1.0064700321715605,1.0159903886553237
LTU,55T56,1.0121576699172727,1.007510470136353,1.0159903886553237
LTU,58T60,1.0035937011759515,1.008668909995509,1.0159903886553237
LTU,61,1.0099887374184127,1.0057070105210786,1.0159903886553237
LTU,62T63,1.0082912982101775,1.0050070702434934,1.0159903886553237
LTU,64T66,1.0087658783598943,1.004455256890974,1.0159903886553237
LTU,68,1.008804384534348,1.0065221620148403,1.0159903886553237
LTU,69T75,1.0030152109534847,1.0054571487371453,1.0159903886553237
LTU,77T82,1.0067641972526777,1.0065335597747,1.0159903886553237
LTU,84,1.0143542446389304,1.005157829275972,1.0159903886553237
LTU,85,1.0149002372104245,1.0044313353042784,1.0159903886553237
LTU,86T88,1.0150815520038436,1.005567892138047,1.0159903886553237
LTU,90T93,1.013005621784183,1.006029583793335,1.0159903886553237
LTU,94T98,1.01192904333085,1.0057499045861271,1.0159903886553237
LVA,01T02,0.9152948289153885,1.025060145427272,1.0135082981289594
LVA,03,0.9907469639398963,1.010131710861863,1.0135082981289594
LVA,05T06,0.14911305905549124,1.0144502656925403,1.0135082981289594
LVA,07T08,0.9924114713289648,1.010876391853044,1.0135082981289594
LVA,10T12,1.0031169348436435,1.0228425028351544,1.0135082981289594
LVA,13T15,1.00915891020901,1.0117516303443885,1.0135082981289594
LVA,16,0.9898658190164982,1.0266494980259493,1.0135082981289594
LVA,17T18,1.0221608556220505,1.010051184931074,1.0135082981289594
LVA,19,0.44795345811075205,1.0091228717265395,1.0135082981289594
LVA,20,1.0270154162473109,1.0196820886627356,1.0135082981289594
LVA,21,1.0098808237127137,1.0080021473651095,1.0135082981289594
LVA,22,1.0209901642229289,1.0146052035138031,1.0135082981289594
LVA,23,0.95658880618726,1.0125025576326852,1.0135082981289594
LVA,24,1.1442362135428499,1.0173728757693616,1.0135082981289594
LVA,25,1.0149859402532282,1.0151955865822702,1.0135082981289594
LVA,26,1.0154334078257348,1.0087473106828815,1.0135082981289594
LVA,27,1.0202086382855806,1.0105018054709587,1.0135082981289594
LVA,28,1.0103869396533598,1.0115435725153252,1.0135082981289594
LVA,29T30,1.0053581936496931,1.015718131802388,1.0135082981289594
LVA,31T33,1.0134930138631517,1.0123764420862724,1.0135082981289594
LVA,35,0.9974819248843151,1.0162270410842658,1.0135082981289594
LVA,36T39,1.0134616464348725,1.0089516892516557,1.0135082981289594
LVA,41T43,1.0096313638797116,1.0129926896432824,1.0135082981289594
LVA,45T47,1.0022786175813585,1.0063543551011622,1.0135082981289594
LVA,49,0.9836260508889365,1.0090041795626243,1.0135082981289594
LVA,50,1.0309750290810293,1.008831222525944,1.0135082981289594
LVA,51,1.0089808820537391,1.0127498917656463,1.0135082981289594
LVA,52,1.0006455805481447,1.0073107760640745,1.0135082981289594
LVA,53,1.0102855173014522,1.0053021078616209,1.0135082981289594
LVA,55T56,1.0116678651299342,1.0085079016270875,1.0135082981289594
LVA,58T60,0.9997038366026632,1.0052992197871318,1.0135082981289594
LVA,61,1.0119867398733473,1.0043900021950856,1.0135082981289594
LVA,62T63,1.0073838943596878,1.003406787503774,1.0135082981289594
LVA,64T66,1.005739841078607,1.0034291687229984,1.0135082981289594
LVA,68,1.0097340511936994,1.0049712716859738,1.0135082981289594
LVA,69T75,1.0053249558455981,1.00443471329105,1.0135082981289594
LVA,77T82,1.0037848268239358,1.0080878203377366,1.0135082981289594
LVA,84,1.0122585405154831,1.0045747444338198,1.0135082981289594
LVA,85,1.0125074630756845,1.0055769546516709,1.0135082981289594
LVA,86T88,1.0126375009480344,1.0063836003173003,1.0135082981289594
LVA,90T93,1.0120326072277568,1.0073368480093559,1.0135082981289594
LVA,94T98,1.0120869210526549,1.0067982906387258,1.0135082981289594
MAR,01T02,1.0023267251018753,1.0138381185261771,1.0201950675785965
MAR,03,1.0111456716927127,1.0080223469442255,1.0201950675785965
MAR,05T06,0.9597450662510119,1.0120470984806316,1.0201950675785965
MAR,07T08,0.9709588337692107,1.0121278771983666,1.0201950675785965
MAR,10T12,1.0113653209361952,1.0239898972781392,1.0201950675785965
MAR,13T15,1.0087540999660634,1.0136379780620604,1.0201950675785965
MAR,16,1.0275345465020065,1.0171286134652593,1.0201950675785965
MAR,17T18,1.000079874706882,1.0153499100336987,1.0201950675785965
MAR,19,0.9631693067156929,1.0294060422228433,1.0201950675785965
MAR,20,1.0121895076675076,1.0162937496703501,1.0201950675785965
MAR,21,1.0131255922493796,1.0123526532954168,1.0201950675785965
MAR,22,0.9988700024533755,1.027187268024581,1.0201950675785965
MAR,23,0.865181846874482,1.0300002603950273,1.0201950675785965
MAR,24,1.0567739001288887,1.0209055142612677,1.0201950675785965
MAR,25,1.009083926069128,1.020544932089367,1.0201950675785965
MAR,26,1.0066112668905305,1.0174406895472499,1.0201950675785965
MAR,27,1.0166847825222463,1.0156680462052925,1.0201950675785965
MAR,28,1.0113692325555592,1.0171414331770936,1.0201950675785965
MAR,29T30,1.0089522211418995,1.0163678045659903,1.0201950675785965
MAR,31T33,1.0278966551850757,1.0124798668197632,1.0201950675785965
MAR,35,0.8624408006860821,1.0131070552373391,1.0201950675785965
MAR,36T39,1.0050277644614527,1.0098066941186685,1.0201950675785965
MAR,41T43,1.0163179716201691,1.0322375617623136,1.0201950675785965
MAR,45T47,1.0030454917674818,1.0102082078166499,1.0201950675785965
MAR,49,0.9784032024084262,1.0118603332267577,1.0201950675785965
MAR,50,0.9782531670480827,1.0190220935880538,1.0201950675785965
MAR,51,0.8987785922785331,1.0178355224238353,1.0201950675785965
MAR,52,0.9963625555796239,1.0112883708551565,1.0201950675785965
MAR,53,1.0090446845910317,1.0087564627838135,1.0201950675785965
MAR,55T56,1.0117044049915698,1.0131573264992189,1.0201950675785965
MAR,58T60,0.9845342431986779,1.019038973283424,1.0201950675785965
MAR,61,1.0114642609435756,1.0108128263280587,1.0201950675785965
MAR,62T63,1.0195965388258794,1.004200327461694,1.0201950675785965
MAR,64T66,1.0037140807053209,1.005625913608788,1.0201950675785965
MAR,68,1.0163141884468403,1.0038902455757406,1.0201950675785965
MAR,69T75,1.011879943413162,1.0044278409180334,1.0201950675785965
MAR,77T82,1.0092391546011297,1.0048515871013062,1.0201950675785965
MAR,84,1.0165860158181947,1.0099801359449871,1.0201950675785965
MAR,85,1.0187743559895615,1.0071684785207446,1.0201950675785965
MAR,86T88,1.018389228831387,1.0086129869757468,1.0201950675785965
MAR,90T93,1.0091311900378424,1.0118864082600045,1.0201950675785965
MAR,94T98,1.0148609221541696,1.0076197173323391,1.0201950675785965
MEX,01T02,0.9367826883711413,1.0099698741702725,1.0111829257871752
MEX,03,1.0002788343134688,1.0094211203776051,1.0111829257871752
MEX,05T06,0.9248996799765928,1.0072521360166278,1.0111829257871752
MEX,07T08,0.9909894071417281,1.0092624721261643,1.0111829257871752
MEX,10T12,1.009671491042829,1.0223476674536618,1.0111829257871752
MEX,13T15,1.0120873079742887,1.0127900202836702,1.0111829257871752
MEX,16,0.9890563304423624,1.0232502979625728,1.0111829257871752
MEX,17T18,1.0000411747587628,1.0143504496397429,1.0111829257871752
MEX,19,0.963021734013196,1.0265780796337134,1.0111829257871752
MEX,20,0.8555345116682113,1.0230151419532303,1.0111829257871752
MEX,21,0.9961310992334221,1.016391726473353,1.0111829257871752
MEX,22,0.9678866319615415,1.0235917586653138,1.0111829257871752
MEX,23,0.8773634990365595,1.0317842839150555,1.0111829257871752
MEX,24,1.0304429604165153,1.0156692291220673,1.0111829257871752
MEX,25,1.0092379227601518,1.0185504995415533,1.0111829257871752
MEX,26,1.0120397411426916,1.0116205577942665,1.0111829257871752
MEX,27,1.0140352238450947,1.016344984705175,1.0111829257871752
MEX,28,1.0150182652216704,1.011155201481796,1.0111829257871752
MEX,29T30,1.0117930147319834,1.0129540918875783,1.0111829257871752
MEX,31T33,0.981308927143774,1.0135396106506867,1.0111829257871752
MEX,35,0.8822955597146896,1.0074353609309854,1.0111829257871752
MEX,36T39,1.0001672257144758,1.0231011035155007,1.0111829257871752
MEX,41T43,1.0097363480907247,1.0096880307234195,1.0111829257871752
MEX,45T47,1.006704536663757,1.001536429138013,1.0111829257871752
MEX,49,0.9896320556179371,1.0061904027880857,1.0111829257871752
MEX,50,0.9467936290099809,1.0023659892319152,1.0111829257871752
MEX,51,1.0004845679618806,1.012530341119151,1.0111829257871752
MEX,52,1.0033320371682923,1.0042349661237917,1.0111829257871752
MEX,53,0.9980891858158728,1.0064128098155456,1.0111829257871752
MEX,55T56,1.0149943671662367,1.0053199844378282,1.0111829257871752
MEX,58T60,1.0108537088014757,1.0050728975191945,1.0111829257871752
MEX,61,1.0095994490205389,1.00192690880604,1.0111829257871752
MEX,62T63,1.0099275990342067,1.0032586486966957,1.0111829257871752
MEX,64T66,1.0112357552652893,0.9998291649865937,1.0111829257871752
MEX,68,1.0100429485295501,0.9988551196698822,1.0111829257871752
MEX,69T75,1.0013926738153915,1.0018839062699956,1.0111829257871752
MEX,77T82,0.9998899642724729,1.0013334281841775,1.0111829257871752
MEX,84,1.0098046141487864,1.0046319210912582,1.0111829257871752
MEX,85,1.011282686644243,1.0010625331796545,1.0111829257871752
MEX,86T88,1.0106470283423257,1.0051424271642295,1.0111829257871752
MEX,90T93,1.011702749583841,1.0035359922487412,1.0111829257871752
MEX,94T98,1.009810417983018,1.0013641110152982,1.0111829257871752
MLT,01T02,1.0337745280103565,1.0128717291343066,1.0198671591530517
MLT,03,1.0080636245387773,1.0231264753703362,1.0198671591530517
MLT,05T06,0.9748388039141848,1.0179948261837815,1.0198671591530517
MLT,07T08,1.0151389399279036,1.013797285156543,1.0198671591530517
MLT,10T12,1.0203824852974215,1.017905427986995,1.0198671591530517
MLT,13T15,0.9915160111042037,1.0193386997441316,1.0198671591530517
MLT,16,1.0154550022738462,1.0154005355558688,1.0198671591530517
MLT,17T18,1.027135574359939,1.0158311397496922,1.0198671591530517
MLT,19,1.0014763383723142,1.0210335386437919,1.0198671591530517
MLT,20,1.0349167248853537,1.0186999503405276,1.0198671591530517
MLT,21,0.9977544945256243,1.019780681345109,1.0198671591530517
MLT,22,1.0223459544326934,1.015574281555749,1.0198671591530517
MLT,23,1.04144736997916,1.0191917420151797,1.0198671591530517
MLT,24,1.1157506077315835,1.01634205971725,1.0198671591530517
MLT,25,0.9987530153307439,1.0197145137299157,1.0198671591530517
MLT,26,1.0034398675807614,1.0197210442429436,1.0198671591530517
MLT,27,1.0115417867338747,1.017510696693729,1.0198671591530517
MLT,28,1.006784945769392,1.0183280112186022,1.0198671591530517
MLT,29T30,1.0126182893994684,1.0135810258769598,1.0198671591530517
MLT,31T33,1.012852583052952,1.0149334188151624,1.0198671591530517
MLT,35,0.9604793045271646,1.0383628604293949,1.0198671591530517
MLT,36T39,1.0129701332337495,1.0179027918166244,1.0198671591530517
MLT,41T43,1.0141887925140287,1.0156079449294353,1.0198671591530517
MLT,45T47,1.0061839743998775,1.014129848254383,1.0198671591530517
MLT,49,1.0052194237763026,1.0138469670665455,1.0198671591530517
MLT,50,0.7173745178928064,1.0144421888263997,1.0198671591530517
MLT,51,1.0103832925850398,1.0166849969850418,1.0198671591530517
MLT,52,0.9876394927496579,1.0138803906363179,1.0198671591530517
MLT,53,0.9993378745564517,1.024695811022209,1.0198671591530517
MLT,55T56,1.0100618293077601,1.0148971588430207,1.0198671591530517
MLT,58T60,1.004156995999612,1.0102215381420923,1.0198671591530517
MLT,61,1.0065812177708189,1.009381767311013,1.0198671591530517
MLT,62T63,0.9995215422353942,1.0114504586077002,1.0198671591530517
MLT,64T66,1.0006133225236642,1.012653064420519,1.0198671591530517
MLT,68,1.0123095954296837,1.0103228710745256,1.0198671591530517
MLT,69T75,1.0008039755946987,1.0112550645606087,1.0198671591530517
MLT,77T82,0.9988860320084907,1.0132676340403948,1.0198671591530517
MLT,84,1.0171103071421348,1.009801245430188,1.0198671591530517
MLT,85,1.0170272592236589,1.0082060854961914,1.0198671591530517
MLT,86T88,1.0182819913192223,1.0115245571822253,1.0198671591530517
MLT,90T93,1.0088086078775842,1.0084888745507634,1.0198671591530517
MLT,94T98,1.0135156186259953,1.0114868917998103,1.0198671591530517
MMR,01T02,0.7896269988875787,1.03198832081197,1.0102287888504617
MMR,03,1.0042677265941995,0.9466746062912579,1.0102287888504617
MMR,05T06,0.9058827437417273,0.9800631101564036,1.0102287888504617
MMR,07T08,1.036674982819452,0.9853002059121247,1.0102287888504617
MMR,10T12,0.9384518618723185,1.05546458078973,1.0102287888504617
MMR,13T15,1.0596654357734452,0.9965002869824702,1.0102287888504617
MMR,16,0.9702903387018403,1.0228209704248814,1.0102287888504617
MMR,17T18,1.0383533373118305,0.993037975626065,1.0102287888504617
MMR,19,0.9799799207754123,1.0008878744781375,1.0102287888504617
MMR,20,1.0011268893796044,1.0173647364821765,1.0102287888504617
MMR,21,1.0008376256896452,1.0097294597507853,1.0102287888504617
MMR,22,1.025697676442889,1.0134129857620993,1.0102287888504617
MMR,23,0.979478564887227,0.9901064275405859,1.0102287888504617
MMR,24,1.262610047115684,0.9945136963971883,1.0102287888504617
MMR,25,1.0608172608185475,0.9885014757765367,1.0102287888504617
MMR,26,1.0267025835665304,0.9829624622226424,1.0102287888504617
MMR,27,1.0539518789367721,0.9884939937647489,1.0102287888504617
MMR,28,1.0511637059568317,0.9847092255942758,1.0102287888504617
MMR,29T30,1.0603304030206282,0.9835684010829033,1.0102287888504617
MMR,31T33,1.0346547223343086,0.9891372139292831,1.0102287888504617
MMR,35,0.7339225009993823,1.0143000271927363,1.0102287888504617
MMR,36T39,1.0110411858585218,0.9843653951110564,1.0102287888504617
MMR,41T43,0.9892497730334303,0.9927336003856521,1.0102287888504617
MMR,45T47,0.985609396270556,0.9919063412495187,1.0102287888504617
MMR,49,0.9757593076470644,0.9767401667976248,1.0102287888504617
MMR,50,1.0085685876202914,0.9954372528066159,1.0102287888504617
MMR,51,1.0345295248615423,0.9842423655071327,1.0102287888504617
MMR,52,1.0023149136132372,0.9819877761655608,1.0102287888504617
MMR,53,1.0197641712983398,0.9665834757462273,1.0102287888504617
MMR,55T56,1.0163357132854671,0.9995989232603144,1.0102287888504617
MMR,58T60,1.0653869447153816,0.9771139756653421,1.0102287888504617
MMR,61,1.0220505654053174,0.9600220858924311,1.0102287888504617
MMR,62T63,1.1004063127666204,0.9665617008159,1.0102287888504617
MMR,64T66,1.0067203419224924,0.9575136124780148,1.0102287888504617
MMR,68,1.0176496371957486,0.9620000576638671,1.0102287888504617
MMR,69T75,1.0699133202719608,0.9716547559784292,1.0102287888504617
MMR,77T82,1.0235357641129372,0.9773764140012701,1.0102287888504617
MMR,84,1.008455853207934,0.9800687898584685,1.0102287888504617
MMR,85,1.0099284496889336,0.9818716904026028,1.0102287888504617
MMR,86T88,1.009432600361339,0.9860144808892446,1.0102287888504617
MMR,90T93,1.0099378200086386,1.001466348605703,1.0102287888504617
MMR,94T98,1.0092512455327793,0.9953322530748276,1.0102287888504617
NLD,01T02,1.0371263213782143,1.0196731994789867,1.0180085246681714
NLD,03,0.9704024589806299,1.0127276749911238,1.0180085246681714
NLD,05T06,0.9719676038591116,1.017611321208045,1.0180085246681714
NLD,07T08,1.0014848876714217,1.021455228785351,1.0180085246681714
NLD,10T12,1.0103458894922663,1.0226004986694237,1.0180085246681714
NLD,13T15,0.9959319697086945,1.0175590620371786,1.0180085246681714
NLD,16,1.0314209827813814,1.0157032569640563,1.0180085246681714
NLD,17T18,1.0128180764096375,1.0145719329712029,1.0180085246681714
NLD,19,0.991845501390453,1.0217737539992113,1.0180085246681714
NLD,20,0.9796083374518182,1.0199217155981941,1.0180085246681714
NLD,21,1.000192690212299,1.0126129970692117,1.0180085246681714
NLD,22,1.021202621725641,1.0178323889982563,1.0180085246681714
NLD,23,1.0359588892654037,1.0169826145022434,1.0180085246681714
NLD,24,0.9883155592535252,1.023122198859826,1.0180085246681714
NLD,25,1.0162404570095478,1.017716905109939,1.0180085246681714
NLD,26,1.0146012857718445,1.0120920948470853,1.0180085246681714
NLD,27,1.0190044903038755,1.0141249390135716,1.0180085246681714
NLD,28,1.0154059614080335,1.0138080244365153,1.0180085246681714
NLD,29T30,1.014300105793726,1.0142944060941215,1.0180085246681714
NLD,31T33,1.015095619347854,1.013519183717185,1.0180085246681714
NLD,35,0.9244991656573145,1.0199455636220764,1.0180085246681714
NLD,36T39,1.0123859843650973,1.0128129554451557,1.0180085246681714
NLD,41T43,1.0144279856710041,1.0148249479742142,1.0180085246681714
NLD,45T47,1.0084596903598233,1.0111988715906972,1.0180085246681714
NLD,49,1.0068778993108185,1.0133860366595713,1.0180085246681714
NLD,50,0.9584467878923532,1.0198768544462153,1.0180085246681714
NLD,51,0.9890046613716996,1.014713176442601,1.0180085246681714
NLD,52,1.0044128504563605,1.0119519434405893,1.0180085246681714
NLD,53,1.0103081498209578,1.010921729821215,1.0180085246681714
NLD,55T56,1.013554540080771,1.0137945280573395,1.0180085246681714
NLD,58T60,1.0042949063038205,1.0110588545793722,1.0180085246681714
NLD,61,1.0083449125494006,1.0112427024277901,1.0180085246681714
NLD,62T63,1.0046148105705572,1.010264874050369,1.0180085246681714
NLD,64T66,1.0106148517736353,1.0099366636101046,1.0180085246681714
NLD,68,1.0156291041259111,1.010914058892735,1.0180085246681714
NLD,69T75,1.0046323714864365,1.0107095778592046,1.0180085246681714
NLD,77T82,1.0050125968131707,1.010764102675235,1.0180085246681714
NLD,84,1.0164371755162627,1.0108568516473966,1.0180085246681714
NLD,85,1.0163806639465585,1.0104730777887612,1.0180085246681714
NLD,86T88,1.0174061361139433,1.0109404204708934,1.0180085246681714
NLD,90T93,1.0131206191753603,1.0129126995661362,1.0180085246681714
NLD,94T98,1.0148253806739056,1.0121683288199845,1.0180085246681714
NOR,01T02,0.9992933026583237,1.014223750349818,1.0112477113604914
NOR,03,1.0112691275771444,1.0103547401688064,1.0112477113604914
NOR,05T06,0.9889384149925348,1.0075442193574105,1.0112477113604914
NOR,07T08,1.0095118678741968,1.0126280095951794,1.0112477113604914
NOR,10T12,1.0140817783235256,1.0191671039856776,1.0112477113604914
NOR,13T15,1.0192953542784613,1.0111343371176635,1.0112477113604914
NOR,16,1.0275997933673977,1.0163225235833278,1.0112477113604914
NOR,17T18,1.0118709442472686,1.0145989787288057,1.0112477113604914
NOR,19,0.9846780475041065,1.0184001364898037,1.0112477113604914
NOR,20,0.9671398815481176,1.0146232158427193,1.0112477113604914
NOR,21,0.9887011621806868,1.0108477226349344,1.0112477113604914
NOR,22,1.025437968313662,1.0152851933903173,1.0112477113604914
NOR,23,1.011331608440124,1.0164677018071095,1.0112477113604914
NOR,24,0.9975059320244776,1.022612736598007,1.0112477113604914
NOR,25,1.0130366854852477,1.0167695665916052,1.0112477113604914
NOR,26,1.0127545719367275,1.010164396950633,1.0112477113604914
NOR,27,1.0138294064991569,1.0148360015657898,1.0112477113604914
NOR,28,1.0104800263228209,1.012968880391929,1.0112477113604914
NOR,29T30,1.007380624111129,1.0137615707851593,1.0112477113604914
NOR,31T33,1.012877502732111,1.011734332290208,1.0112477113604914
NOR,35,1.0212882771420135,1.006620686830709,1.0112477113604914
NOR,36T39,1.0075788173653342,1.0100267264758869,1.0112477113604914
NOR,41T43,1.0103012776386888,1.0110544155418173,1.0112477113604914
NOR,45T47,1.0070829981906169,1.0093021066044425,1.0112477113604914
NOR,49,1.0103281458773268,1.012266226288283,1.0112477113604914
NOR,50,0.9645727728298966,1.020743601649097,1.0112477113604914
NOR,51,0.9724405554592407,1.013831262464823,1.0112477113604914
NOR,52,1.0050302959112318,1.0112741789887527,1.0112477113604914
NOR,53,1.0091083507089589,1.0094087542607115,1.0112477113604914
NOR,55T56,1.0115747928994676,1.0100488152749783,1.0112477113604914
NOR,58T60,1.0067780756972182,1.0095248665311365,1.0112477113604914
NOR,61,1.0081261047769066,1.007094332282563,1.0112477113604914
NOR,62T63,1.00794690563977,1.007443295098817,1.0112477113604914
NOR,64T66,1.0069963808812366,1.0059598566437162,1.0112477113604914
NOR,68,1.010639064343099,1.0069166623474128,1.0112477113604914
NOR,69T75,1.005140778922453,1.0076859798213609,1.0112477113604914
NOR,77T82,1.0048576127235649,1.0098302165578368,1.0112477113604914
NOR,84,1.0104056935429446,1.0084660570845612,1.0112477113604914
NOR,85,1.011142367634939,1.0061415545586656,1.0112477113604914
NOR,86T88,1.011061160053987,1.0065085710439974,1.0112477113604914
NOR,90T93,1.0105798983573617,1.0087412877745,1.0112477113604914
NOR,94T98,1.0102478892838958,1.0080531334750393,1.0112477113604914
NZL,01T02,0.9006683366703674,1.01726924122482,1.008923075772179
NZL,03,0.987824761162399,1.0065423911755895,1.008923075772179
NZL,05T06,0.9516069524759705,1.0106764842123208,1.008923075772179
NZL,07T08,1.0027563589156454,0.998863194721066,1.008923075772179
NZL,10T12,0.9832751083915068,1.0335613313547114,1.008923075772179
NZL,13T15,1.0096734775247376,1.0134672547952266,1.008923075772179
NZL,16,1.0069482214369687,1.0183457526702755,1.008923075772179
NZL,17T18,1.002869277014267,1.0123135196918058,1.008923075772179
NZL,19,0.9970121985737032,1.019106259619799,1.008923075772179
NZL,20,0.9414675832680819,1.0141763411195304,1.008923075772179
NZL,21,0.9652382369745133,1.0104588608030414,1.008923075772179
NZL,22,1.0041216359755054,1.0097405055037874,1.008923075772179
NZL,23,1.0212662164588084,1.0073155988228013,1.008923075772179
NZL,24,0.9912485926197799,1.0103794511343707,1.008923075772179
NZL,25,1.0158428668008996,1.0121585065928584,1.008923075772179
NZL,26,1.0140967462149182,1.006621179214821,1.008923075772179
NZL,27,1.0299232809800114,1.0066721039291928,1.008923075772179
NZL,28,1.012992896250486,1.0104461749012472,1.008923075772179
NZL,29T30,1.02619184105661,1.005853407061736,1.008923075772179
NZL,31T33,1.0261057730045262,1.005794800461901,1.008923075772179
NZL,35,0.9877309131258617,1.0086202671352205,1.008923075772179
NZL,36T39,0.9985666956191498,1.0009528716587297,1.008923075772179
NZL,41T43,1.0043073632787327,1.0066352951438864,1.008923075772179
NZL,45T47,1.0031139148189219,1.0019115857109153,1.008923075772179
NZL,49,0.9924272438100247,1.004959696140859,1.008923075772179
NZL,50,0.9704466989189879,1.0056643522621276,1.008923075772179
NZL,51,0.9811054421185036,1.005518602331031,1.008923075772179
NZL,52,1.0003657848686953,1.0005398715795066,1.008923075772179
NZL,53,1.003910798754826,1.0035490936341043,1.008923075772179
NZL,55T56,1.0131752384088888,1.005866377158026,1.008923075772179
NZL,58T60,1.0094122671538084,1.0019877749100679,1.008923075772179
NZL,61,1.0097246416970314,1.0010140229656463,1.008923075772179
NZL,62T63,1.0095241064759164,0.9994496544416986,1.008923075772179
NZL,64T66,1.0022432310680918,0.9989370196016233,1.008923075772179
NZL,68,1.0064145576151786,0.9996320612909577,1.008923075772179
NZL,69T75,1.001079638667308,1.000881486197189,1.008923075772179
NZL,77T82,0.9981404342007433,1.0013776058880965,1.008923075772179
NZL,84,1.0076903943835993,1.0011475141450672,1.008923075772179
NZL,85,1.0081597494618233,0.9995651156630513,1.008923075772179
NZL,86T88,1.0086823536301568,1.001472720761088,1.008923075772179
NZL,90T93,1.0080027269786471,1.0024003180025787,1.008923075772179
NZL,94T98,1.0046931365400713,1.0006576503283777,1.008923075772179
PER,01T02,0.763604357635404,1.0160442415835065,1.0222157705456594
PER,03,1.0063333634382665,1.0077416292357237,1.0222157705456594
PER,05T06,0.9785493327864836,1.0085721572053583,1.0222157705456594
PER,07T08,1.033680053297586,1.0059064045024364,1.0222157705456594
PER,10T12,1.0037688821160364,1.054339648256671,1.0222157705456594
PER,13T15,1.0103275935451694,1.0183374028134047,1.0222157705456594
PER,16,0.985005287348941,1.0320949354710587,1.0222157705456594
PER,17T18,1.0214011062401924,1.0072714597960037,1.0222157705456594
PER,19,1.0166642828435593,1.0223063419740495,1.0222157705456594
PER,20,1.0347665404443211,1.0115087942837186,1.0222157705456594
PER,21,1.027590828889862,1.0084315990050203,1.0222157705456594
PER,22,0.973562578754716,1.0139190247107115,1.0222157705456594
PER,23,1.0215509439288124,1.0143953701830986,1.0222157705456594
PER,24,1.165732155900148,1.0140521237186648,1.0222157705456594
PER,25,1.0309139820382305,1.0094265595407823,1.0222157705456594
PER,26,1.0250127729322547,1.0081432514545754,1.0222157705456594
PER,27,1.0317147936910414,1.0090146849931725,1.0222157705456594
PER,28,1.0265526996409227,1.0082941809670103,1.0222157705456594
PER,29T30,1.0315299469590247,1.0065796221962786,1.0222157705456594
PER,31T33,0.9623415279543287,1.0177167351742784,1.0222157705456594
PER,35,0.9767650378800083,1.0101276217288024,1.0222157705456594
PER,36T39,1.027942863132101,1.0059473600426423,1.0222157705456594
PER,41T43,1.0206735685248163,1.0112383752218168,1.0222157705456594
PER,45T47,1.0132083942218313,1.0034805242449272,1.0222157705456594
PER,49,1.0093806502510534,1.0077854225139538,1.0222157705456594
PER,50,0.9629810800825837,1.0083641024475427,1.0222157705456594
PER,51,1.024676995907082,1.0122828656988092,1.0222157705456594
PER,52,1.0100381507626042,1.0071075290512632,1.0222157705456594
PER,53,1.012613308121812,1.0062159009359508,1.0222157705456594
PER,55T56,1.0174439576492986,1.019254740344527,1.0222157705456594
PER,58T60,1.0240324301082164,1.003710974235626,1.0222157705456594
PER,61,1.0223601856817532,1.003946981598968,1.0222157705456594
PER,62T63,1.0234749020584835,1.0023570809400641,1.0222157705456594
PER,64T66,1.026156176208348,1.002041333959083,1.0222157705456594
PER,68,1.0205917579529702,1.0015775074021762,1.0222157705456594
PER,69T75,1.0204808489325814,1.0035961725252642,1.0222157705456594
PER,77T82,1.0261074056219002,1.002779539374792,1.0222157705456594
PER,84,1.01940721471579,1.005503003734375,1.0222157705456594
PER,85,1.0218243236637239,1.0016515269529298,1.0222157705456594
PER,86T88,1.0211931736754971,1.003158424468534,1.0222157705456594
PER,90T93,1.0198170481039384,1.0090173499734736,1.0222157705456594
PER,94T98,1.021800747702576,1.00286756869565,1.0222157705456594
PHL,01T02,0.9754704862485545,1.0094438861365245,1.0168479596471276
PHL,03,1.0116812089629006,1.0060163864864853,1.0168479596471276
PHL,05T06,0.8792929465019752,1.0062054537885965,1.0168479596471276
PHL,07T08,0.9701861677031165,1.0065729014607803,1.0168479596471276
PHL,10T12,1.0158689885816579,1.0198801849537937,1.0168479596471276
PHL,13T15,1.0200604938489912,1.011806668931809,1.0168479596471276
PHL,16,1.008415033174577,1.0192920174969284,1.0168479596471276
PHL,17T18,0.9464345118800862,1.0219217502842664,1.0168479596471276
PHL,19,0.9930383973975345,1.0193014228206636,1.0168479596471276
PHL,20,1.0297018605144654,1.0153008278464708,1.0168479596471276
PHL,21,1.004800743281448,1.0167265821578835,1.0168479596471276
PHL,22,1.0294036255518053,1.0181040442198455,1.0168479596471276
PHL,23,0.8843725981964042,1.0202263345783722,1.0168479596471276
PHL,24,1.0777211764711387,1.0248041766339726,1.0168479596471276
PHL,25,1.0176957630895398,1.025231875548055,1.0168479596471276
PHL,26,1.0097554501485164,1.015029567250252,1.0168479596471276
PHL,27,1.0229038203914649,1.0141433349409734,1.0168479596471276
PHL,28,1.0132937297022049,1.0158775533059679,1.0168479596471276
PHL,29T30,1.0098133926184727,1.0162251724955522,1.0168479596471276
PHL,31T33,1.0177870115194994,1.0156199785834927,1.0168479596471276
PHL,35,0.9105649774309927,1.01609918547664,1.0168479596471276
PHL,36T39,1.0110132000952143,1.0123873413642088,1.0168479596471276
PHL,41T43,1.012413683195218,1.0226123188613498,1.0168479596471276
PHL,45T47,1.0052956333965577,1.010492523978321,1.0168479596471276
PHL,49,0.9931761803028757,1.0133923091035508,1.0168479596471276
PHL,50,0.9072675586747667,1.0102483801580153,1.0168479596471276
PHL,51,0.9565958808408032,1.0124113790455285,1.0168479596471276
PHL,52,1.0014332049260743,1.0103425692346413,1.0168479596471276
PHL,53,1.0116381741271183,1.0087555618350412,1.0168479596471276
PHL,55T56,1.0111824570001096,1.0161908160308657,1.0168479596471276
PHL,58T60,0.9904637668902845,1.0155434108612433,1.0168479596471276
PHL,61,1.0123044143763633,1.0079193789253529,1.0168479596471276
PHL,62T63,0.9958107578940684,1.0097302070902774,1.0168479596471276
PHL,64T66,1.0052215313339867,1.0049109870540092,1.0168479596471276
PHL,68,1.0139334815329692,1.0062166262199257,1.0168479596471276
PHL,69T75,1.0035618689408756,1.0081997159584406,1.0168479596471276
PHL,77T82,1.0053266110782006,1.0084652365832596,1.0168479596471276
PHL,84,1.0152403458709995,1.0054852296074122,1.0168479596471276
PHL,85,1.0129922287914175,1.005563512980467,1.0168479596471276
PHL,86T88,1.0130713849258646,1.0116411292849032,1.0168479596471276
PHL,90T93,1.010654333131609,1.0113348502707478,1.0168479596471276
PHL,94T98,1.0138289865511818,1.0101327171555587,1.0168479596471276
POL,01T02,0.9468170714266878,1.0213314116773584,1.0188571202423933
POL,03,1.0016165546518008,1.01107013874173,1.0188571202423933
POL,05T06,0.8284836819710507,1.011238896888775,1.0188571202423933
POL,07T08,0.9678252803287203,1.0192811633892926,1.0188571202423933
POL,10T12,1.0032238872171635,1.0244220833782045,1.0188571202423933
POL,13T15,1.0159649339585866,1.011925113344489,1.0188571202423933
POL,16,1.00068159439184,1.020912028354914,1.0188571202423933
POL,17T18,1.0062984437349471,1.0151529298033604,1.0188571202423933
POL,19,0.9746048376689956,1.019900725631081,1.0188571202423933
POL,20,0.9431647077938066,1.0209860733888145,1.0188571202423933
POL,21,1.000524518753486,1.0064083599119267,1.0188571202423933
POL,22,1.0144084173637236,1.0179738487090588,1.0188571202423933
POL,23,0.9602990142305773,1.0228708566280116,1.0188571202423933
POL,24,0.9686088958485227,1.0312159956309164,1.0188571202423933
POL,25,1.0118520840773693,1.0175609561304189,1.0188571202423933
POL,26,1.0118117541129066,1.0136083312910287,1.0188571202423933
POL,27,1.012861900213191,1.0167667699001113,1.0188571202423933
POL,28,1.0093271120454892,1.0153919654574193,1.0188571202423933
POL,29T30,1.0131667572428578,1.0140845178879223,1.0188571202423933
POL,31T33,1.019771838402425,1.0126919721703922,1.0188571202423933
POL,35,0.8664235613946147,1.02028902061299,1.0188571202423933
POL,36T39,1.0033897811097319,1.0134005491131701,1.0188571202423933
POL,41T43,1.0075327630006503,1.0132083509955547,1.0188571202423933
POL,45T47,1.007294495558761,1.007398320569209,1.0188571202423933
POL,49,0.9859406194789763,1.01145550626129,1.0188571202423933
POL,50,1.025864179439317,1.0102921242940226,1.0188571202423933
POL,51,1.023785611294193,1.0110432662377058,1.0188571202423933
POL,52,1.0026418092547853,1.011440428808199,1.0188571202423933
POL,53,1.0115860429247057,1.0089243060193491,1.0188571202423933
POL,55T56,1.0136289723070948,1.0126554022471668,1.0188571202423933
POL,58T60,1.016027980980711,1.0068947767500782,1.0188571202423933
POL,61,1.0137926247619162,1.0071995635279747,1.0188571202423933
POL,62T63,1.0141515664818643,1.0043825883838564,1.0188571202423933
POL,64T66,1.0100946946214324,1.0051383744252775,1.0188571202423933
POL,68,1.0112694122092356,1.0228758674565008,1.0188571202423933
POL,69T75,1.010817758650134,1.0054933721659616,1.0188571202423933
POL,77T82,1.0065391424883636,1.009059367820046,1.0188571202423933
POL,84,1.0172657619637377,1.0047228530069212,1.0188571202423933
POL,85,1.0176238167410139,1.0060101397818468,1.0188571202423933
POL,86T88,1.0175978754009807,1.0082184774938339,1.0188571202423933
POL,90T93,1.01575956900413,1.0120489642575803,1.0188571202423933
POL,94T98,1.0141199766886653,1.0076749756479486,1.0188571202423933
PRT,01T02,1.010390873409886,1.0186020122191966,1.016810926716278
PRT,03,0.9970482479371545,1.0128239789692208,1.016810926716278
PRT,05T06,0.6574443154744662,1.0201729427357433,1.016810926716278
PRT,07T08,0.9905548840102855,1.017483098914356,1.016810926716278
PRT,10T12,1.0082545136124554,1.024434658493358,1.016810926716278
PRT,13T15,1.0096935474193927,1.0133322575978065,1.016810926716278
PRT,16,1.0016050169020227,1.0216482802099323,1.016810926716278
PRT,17T18,0.9922740658439365,1.0207134011209964,1.016810926716278
PRT,19,0.9866329473376068,1.0262719556703217,1.016810926716278
PRT,20,0.9881119241074864,1.0223232395083015,1.016810926716278
PRT,21,1.0048476223698832,1.0145086479024514,1.016810926716278
PRT,22,1.013689367163328,1.018866875957003,1.016810926716278
PRT,23,0.958968306675912,1.0214238071038504,1.016810926716278
PRT,24,1.0525133837599079,1.0237747739221519,1.016810926716278
PRT,25,1.010394329544969,1.0178378035825804,1.016810926716278
PRT,26,1.0102191378898686,1.0141159881002115,1.016810926716278
PRT,27,1.0095230698518314,1.0185560166371166,1.016810926716278
PRT,28,1.006914434095019,1.0175161400458288,1.016810926716278
PRT,29T30,1.0118815335676552,1.0154492368422638,1.016810926716278
PRT,31T33,1.0130526873358316,1.0147912496039646,1.016810926716278
PRT,35,0.960739782369379,1.0369640353977474,1.016810926716278
PRT,36T39,1.0185212067872016,1.0152250641578533,1.016810926716278
PRT,41T43,1.0134023835796582,1.0178185498949717,1.016810926716278
PRT,45T47,1.0072813028425804,1.0116515643630812,1.016810926716278
PRT,49,0.9845189591181323,1.0144177213167143,1.016810926716278
PRT,50,0.9407512525502272,1.0150639565048711,1.016810926716278
PRT,51,0.9889173211385907,1.0148220768941814,1.016810926716278
PRT,52,1.0038659708687145,1.0112852256881835,1.016810926716278
PRT,53,1.0103800116261081,1.0103491375144888,1.016810926716278
PRT,55T56,1.0111458126306707,1.0144495096943196,1.016810926716278
PRT,58T60,1.0075883751392287,1.011476829580807,1.016810926716278
PRT,61,1.0109733632829532,1.0110060284053102,1.016810926716278
PRT,62T63,1.008260387267699,1.0099777792103781,1.016810926716278
PRT,64T66,1.0107671630615962,1.0092817510032774,1.016810926716278
PRT,68,1.0156139539644018,1.0091468483148556,1.016810926716278
PRT,69T75,1.0071418965662857,1.0105644682207384,1.016810926716278
PRT,77T82,1.0067924021890893,1.0105297022611683,1.016810926716278
PRT,84,1.0151334921264732,1.010873050997061,1.016810926716278
PRT,85,1.0160895919862825,1.0094564318705879,1.016810926716278
PRT,86T88,1.015791281283515,1.0119467164936313,1.016810926716278
PRT,90T93,1.0132511939094822,1.0119393061509914,1.016810926716278
PRT,94T98,1.0151248503990755,1.0113603931302406,1.016810926716278
ROU,01T02,0.9779788259665274,1.0183741685795364,1.0164196956041123
ROU,03,1.0161295386431133,1.0143093232256792,1.0164196956041123
ROU,05T06,0.9192551029777816,1.0142904325881748,1.0164196956041123
ROU,07T08,0.9478922649302627,1.0148155016021858,1.0164196956041123
ROU,10T12,1.0149709346098246,1.0202326436700537,1.0164196956041123
ROU,13T15,1.0173516679569874,1.0115586711513667,1.0164196956041123
ROU,16,1.0041637005411992,1.0200312380405916,1.0164196956041123
ROU,17T18,1.0075478224653431,1.0146120443645734,1.0164196956041123
ROU,19,0.9909902276404526,1.0219493171497647,1.0164196956041123
ROU,20,0.8397083740426682,1.02321180201264,1.0164196956041123
ROU,21,0.9581079440513721,1.0134326228882455,1.0164196956041123
ROU,22,1.0120831067196852,1.0184426374446778,1.0164196956041123
ROU,23,0.921348963133575,1.018543429623676,1.0164196956041123
ROU,24,0.9671378188806723,1.0219888564551418,1.0164196956041123
ROU,25,1.0002730310420749,1.0172303653457235,1.0164196956041123
ROU,26,1.0113978188363961,1.0137848103530152,1.0164196956041123
ROU,27,1.0137737701452216,1.0155024343293289,1.0164196956041123
ROU,28,1.0065843895938629,1.0176052419508792,1.0164196956041123
ROU,29T30,1.0090523840094312,1.0155617979296638,1.0164196956041123
ROU,31T33,1.0197594271483463,1.0131933450693376,1.0164196956041123
ROU,35,0.9536842730183857,1.0233444028389955,1.0164196956041123
ROU,36T39,1.0126686258020217,1.0134447607823736,1.0164196956041123
ROU,41T43,1.0128184328681977,1.020229923414894,1.0164196956041123
ROU,45T47,1.0054806761273782,1.0106236391672925,1.0164196956041123
ROU,49,1.0060153158778364,1.0119374406849708,1.0164196956041123
ROU,50,1.0354437969409982,1.0106460713113032,1.0164196956041123
ROU,51,1.0105864273203018,1.0129349068960514,1.0164196956041123
ROU,52,1.005454861894199,1.0105382340630709,1.0164196956041123
ROU,53,1.008531605707729,1.0104245403271712,1.0164196956041123
ROU,55T56,1.012297307940337,1.0109470677764176,1.0164196956041123
ROU,58T60,1.0124118864069604,1.0087297888469278,1.0164196956041123
ROU,61,1.0102673499629973,1.0109350001894108,1.0164196956041123
ROU,62T63,1.0067115615012177,1.007826566924495,1.0164196956041123
ROU,64T66,1.0061399579042407,1.006963764531152,1.0164196956041123
ROU,68,1.0138875523248283,1.006335318821226,1.0164196956041123
ROU,69T75,1.00607661351215,1.0097559644632266,1.0164196956041123
ROU,77T82,1.0070780353241429,1.0097075284835688,1.0164196956041123
ROU,84,1.0151390165204177,1.0059839765313463,1.0164196956041123
ROU,85,1.013946895906629,1.0063463638410408,1.0164196956041123
ROU,86T88,1.0151062804882347,1.0083653872419172,1.0164196956041123
ROU,90T93,1.0146026797141503,1.0094700823307199,1.0164196956041123
ROU,94T98,1.0129828598456179,1.0094988517848271,1.0164196956041123
ROW,01T02,0.9840312664935219,0.9972485306428086,0.9960539416600195
ROW,03,1.0009845585532107,0.9974168176107928,0.9960539416600195
ROW,05T06,0.9510716752907199,0.9967623896768035,0.9960539416600195
ROW,07T08,1.019949679805865,0.9971867251416658,0.9960539416600195
ROW,10T12,1.0206911665332963,0.9984357448476868,0.9960539416600195
ROW,13T15,1.0299271760226485,0.9995591039853345,0.9960539416600195
ROW,16,1.0308192144317774,0.9985974426384632,0.9960539416600195
ROW,17T18,1.0199308780255718,0.9995895988809979,0.9960539416600195
ROW,19,1.0168815167721363,0.9971925462854804,0.9960539416600195
ROW,20,1.003903033686892,0.9999415426582913,0.9960539416600195
ROW,21,1.016315681536752,0.9993681039170403,0.9960539416600195
ROW,22,0.9945558809643824,1.001479748942661,0.9960539416600195
ROW,23,1.0019819112968895,0.9985722154153296,0.9960539416600195
ROW,24,1.0944372762744266,1.0012802010922321,0.9960539416600195
ROW,25,1.034808288428556,1.0017368611347799,0.9960539416600195
ROW,26,1.0105577082083887,1.0013604302586046,0.9960539416600195
ROW,27,1.0233909966068457,1.002495600088931,0.9960539416600195
ROW,28,1.017887945259968,1.001958417401004,0.9960539416600195
ROW,29T30,1.0207977392979997,1.0016725939515179,0.9960539416600195
ROW,31T33,0.9780559362023777,1.0002768414809138,0.9960539416600195
ROW,35,0.9981966390823203,0.9972508483594558,0.9960539416600195
ROW,36T39,1.003464878765871,0.9977583656282367,0.9960539416600195
ROW,41T43,0.9964733199196265,0.9995576405950811,0.9960539416600195
ROW,45T47,1.0050199294869746,0.9972506397338564,0.9960539416600195
ROW,49,1.0030107494198115,0.9980539503347813,0.9960539416600195
ROW,50,1.023687681169842,0.9995788263409168,0.9960539416600195
ROW,51,0.9796350064471279,0.9991081929575544,0.9960539416600195
ROW,52,1.0105940958428368,0.9980719987463603,0.9960539416600195
ROW,53,1.0058295714654266,0.9974819571046177,0.9960539416600195
ROW,55T56,1.009863733737356,0.9979560092694113,0.9960539416600195
ROW,58T60,1.0112522544648668,0.9980213347036866,0.9960539416600195
ROW,61,1.0002313851888265,0.9975185223486865,0.9960539416600195
ROW,62T63,1.0078123129457104,0.9974273923509432,0.9960539416600195
ROW,64T66,1.0062190293193805,0.9970329672413575,0.9960539416600195
ROW,68,0.9989171839339087,0.9965900213130852,0.9960539416600195
ROW,69T75,1.0094780331610358,0.99729259675917,0.9960539416600195
ROW,77T82,1.006592799279568,0.9974725206836408,0.9960539416600195
ROW,84,0.9964232825435947,0.9973690580387878,0.9960539416600195
ROW,85,0.9968916116003719,0.9970349900186715,0.9960539416600195
ROW,86T88,0.9967732194456167,0.9977394338973258,0.9960539416600195
ROW,90T93,1.0029544368853955,0.997654661381864,0.9960539416600195
ROW,94T98,0.9979591719079974,0.9977897973302173,0.9960539416600195
RUS,01T02,0.955024770984437,0.9960705912368404,0.9948662841825433
RUS,03,0.9908376881822424,0.9865000313853866,0.9948662841825433
RUS,05T06,0.9281986330386169,0.9822959670025967,0.9948662841825433
RUS,07T08,0.943627072005096,0.9899262474647058,0.9948662841825433
RUS,10T12,0.9960770559596798,1.0080355979983258,0.9948662841825433
RUS,13T15,1.0506774995567854,0.993040992126753,0.9948662841825433
RUS,16,0.9434927624373213,1.0086400438801395,0.9948662841825433
RUS,17T18,0.9965670982619707,1.0033696208184446,0.9948662841825433
RUS,19,0.9624527936908363,0.9956365606769747,0.9948662841825433
RUS,20,0.8585777142375884,1.0122740438531157,0.9948662841825433
RUS,21,1.0012607434837082,0.9917151587306234,0.9948662841825433
RUS,22,0.9682509337629387,1.0195014134465634,0.9948662841825433
RUS,23,0.8870208411541628,1.0229462904754059,0.9948662841825433
RUS,24,0.8373657955198626,1.0217588913563662,0.9948662841825433
RUS,25,0.9784988345451606,1.0172447486311558,0.9948662841825433
RUS,26,1.0083821480960058,0.9939276595334693,0.9948662841825433
RUS,27,0.9848940023759877,1.0159304222598504,0.9948662841825433
RUS,28,0.9858968193169301,1.0111087567979686,0.9948662841825433
RUS,29T30,1.0020586345930111,1.002761026354174,0.9948662841825433
RUS,31T33,0.9887559787348051,1.000073747988748,0.9948662841825433
RUS,35,0.7984425513256981,1.042516397801384,0.9948662841825433
RUS,36T39,0.9383394953554247,1.0158152959485929,0.9948662841825433
RUS,41T43,0.9851990113809984,1.0002365720013164,0.9948662841825433
RUS,45T47,0.9930558024833906,0.9832603209523121,0.9948662841825433
RUS,49,0.938335775499032,0.9911985208006959,0.9948662841825433
RUS,50,0.8768027535103748,0.9883076605108162,0.9948662841825433
RUS,51,0.9714907704499952,0.9948325232068775,0.9948662841825433
RUS,52,0.9722989019572523,0.9918332053247293,0.9948662841825433
RUS,53,1.0005916622698725,0.9848667948547609,0.9948662841825433
RUS,55T56,1.013808138245999,0.9893894493977965,0.9948662841825433
RUS,58T60,1.0426043554652153,0.9821878926129409,0.9948662841825433
RUS,61,1.0012667121894898,0.982648569709486,0.9948662841825433
RUS,62T63,1.0287070839379424,0.9771036915136169,0.9948662841825433
RUS,64T66,0.9898495299912284,0.9732097166666542,0.9948662841825433
RUS,68,0.9910864424379668,0.9812012577674655,0.9948662841825433
RUS,69T75,1.0012350461286867,0.9806782766008516,0.9948662841825433
RUS,77T82,0.9742748097062381,0.9785135423630152,0.9948662841825433
RUS,84,0.9935064678100194,0.9817244979353059,0.9948662841825433
RUS,85,0.9951467951891723,0.9787696208933326,0.9948662841825433
RUS,86T88,0.9944173765351078,0.9837363403064424,0.9948662841825433
RUS,90T93,0.9986297076558114,0.9831784035598814,0.9948662841825433
RUS,94T98,0.9979778045470589,0.976806210847977,0.9948662841825433
SAU,01T02,1.0332352350662175,0.9931689666947124,0.9965093348980689
SAU,03,0.9950073290433307,0.9985797671694542,0.9965093348980689
SAU,05T06,0.971536164691812,0.9789038926056294,0.9965093348980689
SAU,07T08,0.9942066692924741,0.9823206871333866,0.9965093348980689
SAU,10T12,1.0102520874141685,0.9972987747207457,0.9965093348980689
SAU,13T15,1.0099739045488367,1.0013449530283487,0.9965093348980689
SAU,16,0.9172755805277495,1.005017188019452,0.9965093348980689
SAU,17T18,0.988167395774999,1.0067008081950675,0.9965093348980689
SAU,19,0.9766093770527691,0.9938703125117062,0.9965093348980689
SAU,20,0.9223966893598688,0.9954932885676563,0.9965093348980689
SAU,21,0.9759019143119047,1.0011172283731598,0.9965093348980689
SAU,22,0.6148417599915144,1.0126032400676008,0.9965093348980689
SAU,23,0.9198369343427217,1.0044007978901806,0.9965093348980689
SAU,24,1.0821310504812076,1.0018094891274185,0.9965093348980689
SAU,25,1.0063326503571546,1.0015152255304225,0.9965093348980689
SAU,26,1.0006417080200076,1.0026939365982108,0.9965093348980689
SAU,27,1.0011449840274593,1.0074451600979895,0.9965093348980689
SAU,28,0.9945618054718931,1.0040882068260704,0.9965093348980689
SAU,29T30,1.0304077488748475,1.001274859309198,0.9965093348980689
SAU,31T33,0.6885852298255296,1.0056473116927547,0.9965093348980689
SAU,35,0.770702458229517,0.9959458429245354,0.9965093348980689
SAU,36T39,0.983640222903076,0.9955081785053391,0.9965093348980689
SAU,41T43,0.9839270203426855,1.0056478592464375,0.9965093348980689
SAU,45T47,0.9874237394608886,0.9954689056648882,0.9965093348980689
SAU,49,0.8926564866845538,0.9953723436063604,0.9965093348980689
SAU,50,0.9159469207213037,0.9991552658765684,0.9965093348980689
SAU,51,0.9795377936144837,1.0018275588053545,0.9965093348980689
SAU,52,0.985305800440902,1.0010090706970078,0.9965093348980689
SAU,53,0.9613147048006132,1.0071340927521908,0.9965093348980689
SAU,55T56,1.0037946136483384,0.9995006482235652,0.9965093348980689
SAU,58T60,1.0276634008619219,0.9956157457142046,0.9965093348980689
SAU,61,0.9848834535144061,0.9963604102063548,0.9965093348980689
SAU,62T63,0.9995581143846007,0.9957764049696363,0.9965093348980689
SAU,64T66,1.007228434937655,0.9828418572459044,0.9965093348980689
SAU,68,0.9962499356411424,0.9821039000224245,0.9965093348980689
SAU,69T75,0.9806516228675333,1.0099521591304383,0.9965093348980689
SAU,77T82,0.9793844339525882,1.0143689780812455,0.9965093348980689
SAU,84,0.9939208072495481,0.9823504116011124,0.9965093348980689
SAU,85,0.9960013282089276,0.9833300385278645,0.9965093348980689
SAU,86T88,0.9909880281617008,0.9945415261044422,0.9965093348980689
SAU,90T93,1.0002391997357298,0.9869679325342641,0.9965093348980689
SAU,94T98,0.9922932812263773,0.9843202644404544,0.9965093348980689
SGP,01T02,0.916807291512684,1.0089674071845744,1.0188516581467848
SGP,03,0.9865907296933178,1.0096931135671356,1.0188516581467848
SGP,05T06,0.9234881135695124,1.0037293979207755,1.0188516581467848
SGP,07T08,0.9997814895891677,1.0090141301645639,1.0188516581467848
SGP,10T12,0.9844037651543293,1.0386901995841042,1.0188516581467848
SGP,13T15,0.9647097206794519,1.0257879571905801,1.0188516581467848
SGP,16,0.9776129656695185,1.0322320760284454,1.0188516581467848
SGP,17T18,1.003537890035165,1.0200373589660814,1.0188516581467848
SGP,19,0.9901800792383103,1.0218707544351213,1.0188516581467848
SGP,20,0.9805767951038289,1.018910338031057,1.0188516581467848
SGP,21,1.0319171965587448,1.0030938919906247,1.0188516581467848
SGP,22,0.8828881949980076,1.0345954686694228,1.0188516581467848
SGP,23,0.9999086327353086,1.0313277533636274,1.0188516581467848
SGP,24,1.076652068758089,1.0308816245133123,1.0188516581467848
SGP,25,1.0058589899161572,1.0240559748057216,1.0188516581467848
SGP,26,1.0100968790483509,1.0140758694854375,1.0188516581467848
SGP,27,1.011806409872946,1.0197457123380782,1.0188516581467848
SGP,28,1.0174435561188726,1.0124720519894268,1.0188516581467848
SGP,29T30,1.0077650493370667,1.0140917123261421,1.0188516581467848
SGP,31T33,0.9616263495898472,1.013764313786243,1.0188516581467848
SGP,35,0.8380099529221572,1.0352874320888017,1.0188516581467848
SGP,36T39,1.001399993102097,1.012679563658747,1.0188516581467848
SGP,41T43,1.011561618419456,1.0165912982732135,1.0188516581467848
SGP,45T47,0.9925606174652186,1.0087548654938419,1.0188516581467848
SGP,49,0.9846259286153896,1.0091547249079889,1.0188516581467848
SGP,50,0.9221534733579668,1.0268588475706995,1.0188516581467848
SGP,51,0.9507480231350747,1.0124015070897576,1.0188516581467848
SGP,52,0.990725548691858,1.008232253695854,1.0188516581467848
SGP,53,1.000072146875487,1.007833878803159,1.0188516581467848
SGP,55T56,1.0078046486870076,1.014726874703332,1.0188516581467848
SGP,58T60,1.0110842524765817,1.0064453165446257,1.0188516581467848
SGP,61,1.0156051444676522,1.0041544883193814,1.0188516581467848
SGP,62T63,1.0089213406018287,1.0041024432512122,1.0188516581467848
SGP,64T66,1.0140136775561435,0.9992788618547368,1.0188516581467848
SGP,68,1.0123295914120158,1.000436472250393,1.0188516581467848
SGP,69T75,1.0152805325173604,1.0027088813417653,1.0188516581467848
SGP,77T82,1.008819867735166,1.001056354443966,1.0188516581467848
SGP,84,1.0174389140076638,1.0066312410274476,1.0188516581467848
SGP,85,1.0184471488086022,1.002165345344362,1.0188516581467848
SGP,86T88,1.0180874855128708,1.0044912140347784,1.0188516581467848
SGP,90T93,1.0142896521351,1.0064490375028818,1.0188516581467848
SGP,94T98,1.0187031369771904,0.9958825915158692,1.0188516581467848
SVK,01T02,1.032663522398441,1.017151598233288,1.0174959565285062
SVK,03,1.0000894167980379,1.015770021869917,1.0174959565285062
SVK,05T06,0.7597356718983006,1.0127014954656983,1.0174959565285062
SVK,07T08,0.9314641163585047,1.017349958980549,1.0174959565285062
SVK,10T12,1.0170417609253848,1.019105093144011,1.0174959565285062
SVK,13T15,1.0135687041003454,1.0132338411630417,1.0174959565285062
SVK,16,1.0235006350239664,1.0137306994636388,1.0174959565285062
SVK,17T18,1.0075457306573763,1.0167746972336589,1.0174959565285062
SVK,19,0.9804914220237448,1.0196387501842956,1.0174959565285062
SVK,20,0.8615269147449809,1.020155120469182,1.0174959565285062
SVK,21,0.9445442010672677,1.0148086136662249,1.0174959565285062
SVK,22,1.0134418176928444,1.0190785972653775,1.0174959565285062
SVK,23,0.9019779173984251,1.0237003745753264,1.0174959565285062
SVK,24,0.8171683312010287,1.0279265160181497,1.0174959565285062
SVK,25,1.0108709892489083,1.0178214162141512,1.0174959565285062
SVK,26,1.0128357637694,1.013646990862355,1.0174959565285062
SVK,27,1.0152355218482187,1.0159553669472963,1.0174959565285062
SVK,28,1.0056396581090654,1.01882888832994,1.0174959565285062
SVK,29T30,1.012873595583465,1.0142063479219767,1.0174959565285062
SVK,31T33,1.0301811642673577,1.0135340801680923,1.0174959565285062
SVK,35,1.0068219068308244,1.0255671531692419,1.0174959565285062
SVK,36T39,1.0086083624339968,1.011288500207639,1.0174959565285062
SVK,41T43,1.0132454603282153,1.0129889571235262,1.0174959565285062
SVK,45T47,1.0050532248082904,1.0109297752566306,1.0174959565285062
SVK,49,0.9966808880012736,1.0109718399429237,1.0174959565285062
SVK,50,1.0414100320318993,1.0169447161621352,1.0174959565285062
SVK,51,1.0480252175842533,1.019719654321343,1.0174959565285062
SVK,52,1.0008774629876471,1.0130834852048074,1.0174959565285062
SVK,53,1.0117608946055556,1.0092784514109276,1.0174959565285062
SVK,55T56,1.0150453181463632,1.0118989539684242,1.0174959565285062
SVK,58T60,1.0129224233733534,1.009474806351326,1.0174959565285062
SVK,61,1.0142843587182622,1.0082065231255137,1.0174959565285062
SVK,62T63,1.008277214818733,1.0080322462981908,1.0174959565285062
SVK,64T66,1.0118688546738865,1.0074677656398934,1.0174959565285062
SVK,68,1.0144703492423166,1.007756381440778,1.0174959565285062
SVK,69T75,1.005390500021087,1.011451300108105,1.0174959565285062
SVK,77T82,1.0089734045753789,1.0100481884640051,1.0174959565285062
SVK,84,1.0159452399669873,1.0079809765672345,1.0174959565285062
SVK,85,1.0164123563994063,1.0084485019754104,1.0174959565285062
SVK,86T88,1.0165804661259812,1.0096122030821848,1.0174959565285062
SVK,90T93,1.0152770189506952,1.0105004647983737,1.0174959565285062
SVK,94T98,1.0144512352574209,1.0101270750180846,1.0174959565285062
SVN,01T02,0.9543892448815501,1.0181234778397446,1.0173012551411993
SVN,03,1.0214838693915973,1.0131545644312248,1.0173012551411993
SVN,05T06,0.809558445811696,1.0130570939572479,1.0173012551411993
SVN,07T08,0.9638351997424756,1.0181462762663962,1.0173012551411993
SVN,10T12,1.0133912421698816,1.019824204061487,1.0173012551411993
SVN,13T15,1.0141573635826762,1.0119937940266575,1.0173012551411993
SVN,16,0.9761599073496701,1.0204629149874418,1.0173012551411993
SVN,17T18,0.9894658915609446,1.0168617841104504,1.0173012551411993
SVN,19,0.01929254279742845,1.0165478890498156,1.0173012551411993
SVN,20,1.0277044478007444,1.018704051356122,1.0173012551411993
SVN,21,1.0148293901275665,1.0105768633775192,1.0173012551411993
SVN,22,1.0232571566350646,1.0158167839735743,1.0173012551411993
SVN,23,0.9047056026671026,1.0192794175837003,1.0173012551411993
SVN,24,1.0628180060713366,1.02362798559173,1.0173012551411993
SVN,25,1.0208576776104799,1.0157013341966117,1.0173012551411993
SVN,26,1.013385593503111,1.011800046135902,1.0173012551411993
SVN,27,1.0122926549958242,1.016626050686907,1.0173012551411993
SVN,28,1.0092772091743967,1.016296091035649,1.0173012551411993
SVN,29T30,1.0129793757775323,1.0156652612598702,1.0173012551411993
SVN,31T33,1.0206686004915324,1.0137474217965294,1.0173012551411993
SVN,35,0.9016051058539934,1.0195695477019862,1.0173012551411993
SVN,36T39,1.0162773389242903,1.0151780335028857,1.0173012551411993
SVN,41T43,1.0119059266855017,1.0159500687262173,1.0173012551411993
SVN,45T47,1.008449917184784,1.01093125984634,1.0173012551411993
SVN,49,0.9913980311161076,1.0129038677252107,1.0173012551411993
SVN,50,0.8643328847952818,1.0267286780851632,1.0173012551411993
SVN,51,1.0393333184352165,1.013213910083299,1.0173012551411993
SVN,52,1.0057778780086464,1.0129153967038969,1.0173012551411993
SVN,53,1.0080557202472398,1.0099806658284587,1.0173012551411993
SVN,55T56,1.013079783445874,1.0131284722301857,1.0173012551411993
SVN,58T60,1.0075860600993818,1.0095267963223682,1.0173012551411993
SVN,61,1.0117886163344747,1.0086994636720863,1.0173012551411993
SVN,62T63,1.007180792404633,1.0085003472326928,1.0173012551411993
SVN,64T66,1.009831901169097,1.0082564016789728,1.0173012551411993
SVN,68,1.0165418753503725,1.0081645808434854,1.0173012551411993
SVN,69T75,1.0076134515577695,1.0103802709993452,1.0173012551411993
SVN,77T82,1.008122009011902,1.0105019257824184,1.0173012551411993
SVN,84,1.0158633857441277,1.0092585315718299,1.0173012551411993
SVN,85,1.0157116149019247,1.009162976858991,1.0173012551411993
SVN,86T88,1.0164485716412608,1.0096896092734733,1.0173012551411993
SVN,90T93,1.0154753754596695,1.0107470400773733,1.0173012551411993
SVN,94T98,1.0127593420078955,1.0102601211409667,1.0173012551411993
SWE,01T02,0.9038758880656342,1.0321397985798786,1.0152693626681764
SWE,03,0.9919012834376801,1.0126165520304313,1.0152693626681764
SWE,05T06,0.952658791801713,1.0159818200115602,1.0152693626681764
SWE,07T08,1.0282631820681747,1.0126139846882471,1.0152693626681764
SWE,10T12,1.0084580619549763,1.0230573707833508,1.0152693626681764
SWE,13T15,1.0094288973290617,1.0140093679735405,1.0152693626681764
SWE,16,0.9811130942194666,1.0348407600298783,1.0152693626681764
SWE,17T18,0.9879626424991013,1.0235321342394288,1.0152693626681764
SWE,19,1.0065646001286963,1.0203748053435298,1.0152693626681764
SWE,20,0.9783685859072658,1.0160127985503642,1.0152693626681764
SWE,21,1.0178908804588527,1.0124965116919096,1.0152693626681764
SWE,22,1.0260989117362496,1.016187760660423,1.0152693626681764
SWE,23,1.0077138329861737,1.0178603194909308,1.0152693626681764
SWE,24,1.0733406650395239,1.018424482597958,1.0152693626681764
SWE,25,1.0192284340370334,1.0169402789229967,1.0152693626681764
SWE,26,1.0132087964329097,1.0120714578426429,1.0152693626681764
SWE,27,1.0176532029309606,1.0149080234831136,1.0152693626681764
SWE,28,1.0139160941498377,1.013107439797062,1.0152693626681764
SWE,29T30,1.0147094320307675,1.0134215924308527,1.0152693626681764
SWE,31T33,1.0146429839499231,1.0141362835585763,1.0152693626681764
SWE,35,1.0145936039556471,1.013664195868091,1.0152693626681764
SWE,36T39,1.0191906792040812,1.0125785253156039,1.0152693626681764
SWE,41T43,1.013036024447113,1.0142961393411387,1.0152693626681764
SWE,45T47,1.007998054185716,1.0109079602477866,1.0152693626681764
SWE,49,1.0062217943498633,1.0124508851594742,1.0152693626681764
SWE,50,0.9152577180953712,1.0160941304027378,1.0152693626681764
SWE,51,0.9926846244860773,1.0139952879169072,1.0152693626681764
SWE,52,1.0042537113609686,1.0141744235858932,1.0152693626681764
SWE,53,1.008466512995314,1.0108872885867186,1.0152693626681764
SWE,55T56,1.0116132313439035,1.0137600661283166,1.0152693626681764
SWE,58T60,1.0074416910621955,1.0105168653073866,1.0152693626681764
SWE,61,1.0090565916425525,1.0103417583662955,1.0152693626681764
SWE,62T63,1.0043094991029602,1.0099629654771727,1.0152693626681764
SWE,64T66,1.0082281125545054,1.0098590665437848,1.0152693626681764
SWE,68,1.0133856502912368,1.0112525840052498,1.0152693626681764
SWE,69T75,1.0098941850147247,1.010507045390951,1.0152693626681764
SWE,77T82,1.008241172597562,1.0119791892360168,1.0152693626681764
SWE,84,1.0141873828655001,1.010747645781554,1.0152693626681764
SWE,85,1.0146789195379295,1.010485926722606,1.0152693626681764
SWE,86T88,1.0149282804379136,1.0104976227779117,1.0152693626681764
SWE,90T93,1.0127445970930427,1.0122658534411961,1.0152693626681764
SWE,94T98,1.0132848877039098,1.010967245920999,1.0152693626681764
THA,01T02,0.9662300585609308,1.0085846729266061,1.0226045827013646
THA,03,1.002588338971317,1.0078262867115637,1.0226045827013646
THA,05T06,0.8827988040343571,1.0067472967767142,1.0226045827013646
THA,07T08,0.9601082104837358,1.0095821390345445,1.0226045827013646
THA,10T12,1.0037800605088425,1.0279681707628758,1.0226045827013646
THA,13T15,1.0178849052355763,1.0115754544328461,1.0226045827013646
THA,16,0.9956194368819508,1.0185324481242348,1.0226045827013646
THA,17T18,1.000172937391871,1.0130881438718837,1.0226045827013646
THA,19,0.9757732707109927,1.0303687491615112,1.0226045827013646
THA,20,0.9603115524906873,1.0197036995942232,1.0226045827013646
THA,21,1.006156241165978,1.0162388491394307,1.0226045827013646
THA,22,1.0004076115143261,1.025647183324144,1.0226045827013646
THA,23,0.8949599830291268,1.030013444224481,1.0226045827013646
THA,24,0.9622712452387259,1.026155688294374,1.0226045827013646
THA,25,0.9971459562391969,1.0256563595455068,1.0226045827013646
THA,26,1.0141352270746862,1.0120592281790404,1.0226045827013646
THA,27,1.0053580277190823,1.0217713976830245,1.0226045827013646
THA,28,1.000465472850604,1.018986899582327,1.0226045827013646
THA,29T30,0.9998980030216296,1.0181604843362868,1.0226045827013646
THA,31T33,1.01040835478797,1.0175109002093163,1.0226045827013646
THA,35,0.958285779333771,1.022943009347464,1.0226045827013646
THA,36T39,1.0100696135766203,1.007768940954226,1.0226045827013646
THA,41T43,1.0197945281623586,1.035630408515794,1.0226045827013646
THA,45T47,1.0086782078417604,1.0017741550890016,1.0226045827013646
THA,49,0.9549541707230362,1.019493465246245,1.0226045827013646
THA,50,0.9633229856429251,1.013451779838515,1.0226045827013646
THA,51,0.9424899254947287,1.0202665213317368,1.0226045827013646
THA,52,0.9917436222968988,1.0140824823599552,1.0226045827013646
THA,53,1.0089390017698352,1.003055308115591,1.0226045827013646
THA,55T56,1.0085394124057139,1.0181665029205105,1.0226045827013646
THA,58T60,1.004484177504151,1.0083882946510376,1.0226045827013646
THA,61,1.016973280930273,1.0033204191041527,1.0226045827013646
THA,62T63,0.9911185231611445,1.007116130837342,1.0226045827013646
THA,64T66,1.0043554479624826,1.0009956337637005,1.0226045827013646
THA,68,1.0176149096640448,1.0007471496113163,1.0226045827013646
THA,69T75,1.0003316640064301,1.0057087393219666,1.0226045827013646
THA,77T82,0.9947731119004256,1.006941508675102,1.0226045827013646
THA,84,1.0209939505089891,1.003301964404778,1.0226045827013646
THA,85,1.0214993468376825,1.0026508231224853,1.0226045827013646
THA,86T88,1.019142964218549,1.0088088817259346,1.0226045827013646
THA,90T93,1.0170426128598746,1.0050972168145813,1.0226045827013646
THA,94T98,1.0090733579126479,1.0105637059150656,1.0226045827013646
TUN,01T02,0.9906607538546774,1.0055054436130373,1.0184219617171328
TUN,03,1.007753662904278,1.0009004542878772,1.0184219617171328
TUN,05T06,0.8764475852613746,1.0292494213020786,1.0184219617171328
TUN,07T08,0.9221314966337415,1.0324457831761826,1.0184219617171328
TUN,10T12,1.001442728828652,1.0323855805782496,1.0184219617171328
TUN,13T15,1.0011929022544548,1.014488122233982,1.0184219617171328
TUN,16,1.0069020722986124,1.0157320201103803,1.0184219617171328
TUN,17T18,0.9847177748038369,1.015797811811444,1.0184219617171328
TUN,19,0.9299627686928016,1.0499470007858518,1.0184219617171328
TUN,20,0.9709374454942268,1.0239973680525905,1.0184219617171328
TUN,21,0.9979456764295951,1.0137310201103364,1.0184219617171328
TUN,22,0.859252402400398,1.0205675113851878,1.0184219617171328
TUN,23,0.7865219078026139,1.0523868157759337,1.0184219617171328
TUN,24,1.0011073828901922,1.0390273838776185,1.0184219617171328
TUN,25,0.9942078875148365,1.0227566998510567,1.0184219617171328
TUN,26,1.007030480197046,1.0184826927764483,1.0184219617171328
TUN,27,1.0058977582253796,1.0210194517357454,1.0184219617171328
TUN,28,1.0078926444451748,1.0179789144357214,1.0184219617171328
TUN,29T30,1.0103656381547992,1.0163194984314583,1.0184219617171328
TUN,31T33,0.9295122144908036,1.0145100081734353,1.0184219617171328
TUN,35,0.789799765019472,1.0406879763211072,1.0184219617171328
TUN,36T39,1.007621641466977,1.0330769215749722,1.0184219617171328
TUN,41T43,1.0116539264182154,1.0417426307888118,1.0184219617171328
TUN,45T47,1.0107594347305526,1.0034570706282118,1.0184219617171328
TUN,49,0.9650525899275777,1.0063115677040337,1.0184219617171328
TUN,50,1.0307564905967932,1.0094903073038035,1.0184219617171328
TUN,51,0.9049276383744671,1.0123666986919013,1.0184219617171328
TUN,52,0.9790137325388696,1.003319866630718,1.0184219617171328
TUN,53,1.0077108886307655,1.0030939478169882,1.0184219617171328
TUN,55T56,1.0137702319880488,1.0089255338240979,1.0184219617171328
TUN,58T60,1.0100424811246114,1.0085142147530626,1.0184219617171328
TUN,61,1.013145047766511,1.0018148801198008,1.0184219617171328
TUN,62T63,1.004808214039316,1.0044747090801944,1.0184219617171328
TUN,64T66,1.0024644692930973,0.9995694064876164,1.0184219617171328
TUN,68,1.0156389343113286,1.002339096991616,1.0184219617171328
TUN,69T75,1.0064311252844207,1.005969238437544,1.0184219617171328
TUN,77T82,1.0057074384404292,1.0057618387434302,1.0184219617171328
TUN,84,1.0171423110788078,0.9991667178824984,1.0184219617171328
TUN,85,1.0173083522123858,1.0008660879117781,1.0184219617171328
TUN,86T88,1.0145761307169354,1.0047148278886182,1.0184219617171328
TUN,90T93,1.0062378403890153,1.009332154581978,1.0184219617171328
TUN,94T98,1.017552775656535,1.0010323986762244,1.0184219617171328
TUR,01T02,1.0058139724803332,1.017417841607045,1.0189679132469007
TUR,03,1.0043516908182883,1.0083513284132541,1.0189679132469007
TUR,05T06,0.8930592294664732,1.014236532328863,1.0189679132469007
TUR,07T08,0.9678207513025172,1.0089838777524909,1.0189679132469007
TUR,10T12,1.0078447262494623,1.022563015754393,1.0189679132469007
TUR,13T15,1.0041666609680093,1.0117287963803823,1.0189679132469007
TUR,16,0.9791737730039212,1.0217802195793242,1.0189679132469007
TUR,17T18,0.9980845134343618,1.0138964787288915,1.0189679132469007
TUR,19,0.978409520587241,1.019959063036227,1.0189679132469007
TUR,20,0.9353522359166114,1.0171716976847094,1.0189679132469007
TUR,21,0.9955557440536584,1.0131785957915005,1.0189679132469007
TUR,22,1.002402929881378,1.0205971740081532,1.0189679132469007
TUR,23,0.8870856189304667,1.0329797535404244,1.0189679132469007
TUR,24,0.9820579946045813,1.0248756334104179,1.0189679132469007
TUR,25,1.00940314492025,1.0187135431645065,1.0189679132469007
TUR,26,1.0183736985020386,1.0073646289053706,1.0189679132469007
TUR,27,1.0055428547525183,1.020462916324,1.0189679132469007
TUR,28,1.0094224987507718,1.0167667594331795,1.0189679132469007
TUR,29T30,1.0144693194741299,1.0138104400906527,1.0189679132469007
TUR,31T33,1.0128465387240437,1.0145582702277833,1.0189679132469007
TUR,35,0.8633283652727344,1.102259661356848,1.0189679132469007
TUR,36T39,0.9952789001593036,1.0161732850653526,1.0189679132469007
TUR,41T43,1.0145519924418647,1.022040121882369,1.0189679132469007
TUR,45T47,1.0030431362671324,1.0071666595408946,1.0189679132469007
TUR,49,0.9949042055518917,1.0106474012973925,1.0189679132469007
TUR,50,0.9914362271505989,1.0080081348322807,1.0189679132469007
TUR,51,0.9177142467129179,1.0077013202924407,1.0189679132469007
TUR,52,0.9992179839376436,1.0048495035415828,1.0189679132469007
TUR,53,1.002128959591713,1.0079836360984729,1.0189679132469007
TUR,55T56,1.0118976998042417,1.011072201391851,1.0189679132469007
TUR,58T60,1.0079032174171783,1.0077758872679123,1.0189679132469007
TUR,61,1.0127628281626078,1.0081979690557348,1.0189679132469007
TUR,62T63,1.0071100881297945,1.0015266784497774,1.0189679132469007
TUR,64T66,1.00110421242795,1.0041547339122847,1.0189679132469007
TUR,68,1.012094387620188,1.0136815194211855,1.0189679132469007
TUR,69T75,1.0042153247800896,1.005917704822658,1.0189679132469007
TUR,77T82,1.0056458186661303,1.0048596452414968,1.0189679132469007
TUR,84,1.0142479092826246,1.0081171766079047,1.0189679132469007
TUR,85,1.0165774221992114,1.0037915338872563,1.0189679132469007
TUR,86T88,1.0172529525702085,1.0090864032208027,1.0189679132469007
TUR,90T93,1.0133814916635062,1.0072854921424852,1.0189679132469007
TUR,94T98,1.0147190326234214,1.0092510755486601,1.0189679132469007
TWN,01T02,1.051201718727609,1.0124613333751342,1.0221750138772465
TWN,03,0.9869573088252693,1.0170411564716708,1.0221750138772465
TWN,05T06,0.8915460754105752,1.0151851501119726,1.0221750138772465
TWN,07T08,0.9019627737633145,1.01773122316664,1.0221750138772465
TWN,10T12,1.025660934655327,1.017840779323129,1.0221750138772465
TWN,13T15,0.9723282507541966,1.0217057546915902,1.0221750138772465
TWN,16,1.0216230175187835,1.0211075433841266,1.0221750138772465
TWN,17T18,0.9882498897363063,1.0220802025998301,1.0221750138772465
TWN,19,0.9574182174500054,1.0227013530264144,1.0221750138772465
TWN,20,0.9597746901568306,1.0338442780956774,1.0221750138772465
TWN,21,1.0092379454088354,1.0144596386280977,1.0221750138772465
TWN,22,1.0077533232526352,1.0252220544369606,1.0221750138772465
TWN,23,0.985223128893446,1.0333380848913063,1.0221750138772465
TWN,24,0.8905351727622093,1.0421154150202994,1.0221750138772465
TWN,25,0.9806153975269565,1.0331406258018354,1.0221750138772465
TWN,26,1.006469819004259,1.0171336583935524,1.0221750138772465
TWN,27,1.0081530851875402,1.0227741112087025,1.0221750138772465
TWN,28,0.9962853981648861,1.0262331402949019,1.0221750138772465
TWN,29T30,1.0057890318040175,1.0187976096116484,1.0221750138772465
TWN,31T33,1.0019866533260233,1.018685372034302,1.0221750138772465
TWN,35,0.8377918637567269,1.0258096603156166,1.0221750138772465
TWN,36T39,0.9732954608335587,1.018979166686408,1.0221750138772465
TWN,41T43,1.0169916650721071,1.0269767257463984,1.0221750138772465
TWN,45T47,1.005645712470566,1.0081114447283042,1.0221750138772465
TWN,49,0.9790250466286503,1.01414368868636,1.0221750138772465
TWN,50,0.9489814090066373,1.0238811068884324,1.0221750138772465
TWN,51,0.9470772143811087,1.0183803953144293,1.0221750138772465
TWN,52,0.9869836447628194,1.0101175244576432,1.0221750138772465
TWN,53,1.0086633451228026,1.0133943457533852,1.0221750138772465
TWN,55T56,1.0175146091090612,1.0130804303419445,1.0221750138772465
TWN,58T60,1.006782135168825,1.0110076513292796,1.0221750138772465
TWN,61,1.0146526074174123,1.0090212957461435,1.0221750138772465
TWN,62T63,1.0073879488038369,1.0071076343155527,1.0221750138772465
TWN,64T66,1.0134360304210153,1.005187622879051,1.0221750138772465
TWN,68,1.0192346754764197,1.005959133248484,1.0221750138772465
TWN,69T75,1.0060162811396296,1.0095485071848593,1.0221750138772465
TWN,77T82,1.0038012761320099,1.0076505119743038,1.0221750138772465
TWN,84,1.0205048096249336,1.0071471911023608,1.0221750138772465
TWN,85,1.0215577090433285,1.0074895130848034,1.0221750138772465
TWN,86T88,1.019839958024976,1.0106186752422868,1.0221750138772465
TWN,90T93,1.0166961657390108,1.0097686307617397,1.0221750138772465
TWN,94T98,1.0203329139641766,1.008911126792053,1.0221750138772465
USA,01T02,0.9761718817176044,1.0223746371371707,1.0132068244992485
USA,03,1.0138045429154012,1.0080979629484816,1.0132068244992485
USA,05T06,0.9604414437619534,1.0131432457907974,1.0132068244992485
USA,07T08,1.001963204541967,1.0142661736173784,1.0132068244992485
USA,10T12,1.0076461500859097,1.0245961909502166,1.0132068244992485
USA,13T15,1.003500105745392,1.0142395370793418,1.0132068244992485
USA,16,1.0148503200973529,1.0185130814738361,1.0132068244992485
USA,17T18,1.0044821680973812,1.0154172037134432,1.0132068244992485
USA,19,0.9954689418606025,1.023768419134735,1.0132068244992485
USA,20,0.9968846418244672,1.016862800475716,1.0132068244992485
USA,21,1.0048585105069263,1.010070018810837,1.0132068244992485
USA,22,1.0161834484656371,1.0163748311517262,1.0132068244992485
USA,23,1.000044513198902,1.0165948892392336,1.0132068244992485
USA,24,1.033919690100676,1.0203615420535475,1.0132068244992485
USA,25,1.0158526255537441,1.0152832145838897,1.0132068244992485
USA,26,1.0159156987581475,1.0081316420631348,1.0132068244992485
USA,27,1.0206707104129549,1.013004869396265,1.0132068244992485
USA,28,1.0114386313193826,1.0127805140956105,1.0132068244992485
USA,29T30,1.0130300903820133,1.0126294299458356,1.0132068244992485
USA,31T33,1.0275109637524331,1.0114288681365347,1.0132068244992485
USA,35,0.8968791557674365,1.0146256704957108,1.0132068244992485
USA,36T39,1.0057184201025577,1.0097316495064628,1.0132068244992485
USA,41T43,1.0098490626842416,1.012505539182696,1.0132068244992485
USA,45T47,1.0071845223261073,1.0100917391581454,1.0132068244992485
USA,49,0.9948220204666126,1.0107071183099905,1.0132068244992485
USA,50,0.9903068688086804,1.0113994438257408,1.0132068244992485
USA,51,0.9794150400675546,1.0100364456677022,1.0132068244992485
USA,52,0.998019492423981,1.013633476671619,1.0132068244992485
USA,53,0.9954513380232372,1.0108486106567507,1.0132068244992485
USA,55T56,1.0104534382904646,1.0116270159239698,1.0132068244992485
USA,58T60,1.0105582055924545,1.0081924519351144,1.0132068244992485
USA,61,1.0097760413663857,1.0088887298478344,1.0132068244992485
USA,62T63,1.0071196172893524,1.0080371665812369,1.0132068244992485
USA,64T66,1.0077914935457684,1.008008524569149,1.0132068244992485
USA,68,1.0109266430244375,1.0104703132656014,1.0132068244992485
USA,69T75,1.0075043393806598,1.0085774644025116,1.0132068244992485
USA,77T82,1.0058233002589314,1.0087498888507629,1.0132068244992485
USA,84,1.0096811082123802,1.0100068119441714,1.0132068244992485
USA,85,1.010477932243654,1.0093238883911235,1.0132068244992485
USA,86T88,1.0127281458375654,1.0088998825095385,1.0132068244992485
USA,90T93,1.0112561721532825,1.0093610440597487,1.0132068244992485
USA,94T98,1.0118849777191772,1.0090463931857772,1.0132068244992485
VNM,01T02,0.9818159875413238,1.019744866726196,1.0258089725033814
VNM,03,1.0031390485088767,1.0171414719110654,1.0258089725033814
VNM,05T06,0.9332263857789976,1.010000412899207,1.0258089725033814
VNM,07T08,0.7377782618996922,1.03130060730456,1.0258089725033814
VNM,10T12,0.9988018153364878,1.0335735715606686,1.0258089725033814
VNM,13T15,1.0080028222584843,1.0130949791323844,1.0258089725033814
VNM,16,0.9531479937138568,1.0431807988589827,1.0258089725033814
VNM,17T18,0.974106179048696,1.022926774541112,1.0258089725033814
VNM,19,0.9334228956606885,1.024480406120859,1.0258089725033814
VNM,20,0.9698274711258492,1.0285314569286392,1.0258089725033814
VNM,21,1.0135484312415517,1.0112851565781245,1.0258089725033814
VNM,22,0.9946697275864748,1.0273580397010433,1.0258089725033814
VNM,23,0.8422920146927396,1.0499869616979622,1.0258089725033814
VNM,24,0.9173195504197654,1.0464305761880788,1.0258089725033814
VNM,25,0.9441284070028193,1.0393989773321604,1.0258089725033814
VNM,26,1.009777454345685,1.0130633659821304,1.0258089725033814
VNM,27,0.9947291893917143,1.0253646097820786,1.0258089725033814
VNM,28,1.0079891595820982,1.016000693290048,1.0258089725033814
VNM,29T30,1.0134076855198222,1.0167322021471372,1.0258089725033814
VNM,31T33,0.974892013047054,1.0253705200576568,1.0258089725033814
VNM,35,0.7262409806787989,1.0192379622130006,1.0258089725033814
VNM,36T39,0.9993429616581976,1.0135922726977578,1.0258089725033814
VNM,41T43,1.0188632167880645,1.0406174750449961,1.0258089725033814
VNM,45T47,0.9962055657555695,1.0051966897483913,1.0258089725033814
VNM,49,0.9541442289764215,1.0140870345287956,1.0258089725033814
VNM,50,0.8639920173246872,1.0166353981064704,1.0258089725033814
VNM,51,0.9353772546550125,1.0166093252536517,1.0258089725033814
VNM,52,0.9854926348811053,1.003004345157431,1.0258089725033814
VNM,53,0.9923382506626877,1.0075311437181345,1.0258089725033814
VNM,55T56,1.0090706500001507,1.0175781327977256,1.0258089725033814
VNM,58T60,1.00767990958457,1.008653966215152,1.0258089725033814
VNM,61,1.01489868371668,1.0100910699618213,1.0258089725033814
VNM,62T63,1.0268430763053116,0.9954520924570099,1.0258089725033814
VNM,64T66,1.0015832757096956,0.995948861402788,1.0258089725033814
VNM,68,1.018034418045627,1.0058337602356593,1.0258089725033814
VNM,69T75,1.000482342268735,1.001899210431144,1.0258089725033814
VNM,77T82,1.0048109020851828,1.0021564034625354,1.0258089725033814
VNM,84,1.0217663888326796,1.0039856282909205,1.0258089725033814
VNM,85,1.0224496100146891,0.9981995308812259,1.0258089725033814
VNM,86T88,1.0241600522186907,1.0048709918480314,1.0258089725033814
VNM,90T93,1.0237820589747328,1.0005031881552842,1.0258089725033814
VNM,94T98,1.0209302762094203,1.009560940687493,1.0258089725033814
ZAF,01T02,0.9414974078109688,1.0021767548962026,0.9899032969888725
ZAF,03,0.994379046904649,0.9780651999639194,0.9899032969888725
ZAF,05T06,0.8943094535008793,0.9939041787580666,0.9899032969888725
ZAF,07T08,0.8746158006171293,1.0097889296327975,0.9899032969888725
ZAF,10T12,1.0023462837194164,1.004626952474059,0.9899032969888725
ZAF,13T15,1.0397762637392984,0.9958255487210745,0.9899032969888725
ZAF,16,0.9983406499833806,1.0017898141349222,0.9899032969888725
ZAF,17T18,1.006828808808078,0.9917076848589012,0.9899032969888725
ZAF,19,0.9108338455829709,1.0058116083226194,0.9899032969888725
ZAF,20,0.947979711299326,1.0160115976976913,0.9899032969888725
ZAF,21,0.991561575399188,1.0010462022728808,0.9899032969888725
ZAF,22,0.919645649303076,1.0037977267147518,0.9899032969888725
ZAF,23,0.8878713240964791,1.0145808925263156,0.9899032969888725
ZAF,24,0.5306357055628599,1.0594234331440067,0.9899032969888725
ZAF,25,0.9074338833099989,1.0530605882114639,0.9899032969888725
ZAF,26,1.0063312682734815,0.9989717006806191,0.9899032969888725
ZAF,27,0.9407929671691199,1.0280409796924033,0.9899032969888725
ZAF,28,0.9825996433229691,1.01389104052645,0.9899032969888725
ZAF,29T30,0.9832673485496874,1.0192276275680427,0.9899032969888725
ZAF,31T33,0.8367027053144774,1.0075200139974754,0.9899032969888725
ZAF,35,0.6621321760584457,1.0176908118019439,0.9899032969888725
ZAF,36T39,0.9740028072940513,0.9776609970991093,0.9899032969888725
ZAF,41T43,0.9794414423102277,1.0021487724736384,0.9899032969888725
ZAF,45T47,0.9798279009871185,0.9749461610376594,0.9899032969888725
ZAF,49,0.9684051318018636,0.9817933016100736,0.9899032969888725
ZAF,50,0.6605687856501696,0.9800195560789872,0.9899032969888725
ZAF,51,0.9660809663533375,0.989241346861782,0.9899032969888725
ZAF,52,0.9316179728672256,0.9871619927071075,0.9899032969888725
ZAF,53,0.9794203772201442,0.9793579502273354,0.9899032969888725
ZAF,55T56,1.0027001417163086,0.9784949299504362,0.9899032969888725
ZAF,58T60,0.9938524757484629,0.9807857075338113,0.9899032969888725
ZAF,61,0.9916726793611963,0.9831305158988555,0.9899032969888725
ZAF,62T63,0.9710556942301392,0.9817397366968003,0.9899032969888725
ZAF,64T66,0.9840422382120629,0.967094850048158,0.9899032969888725
ZAF,68,0.985035899291277,0.9743734034270581,0.9899032969888725
ZAF,69T75,0.9777831744731377,0.9782460794133423,0.9899032969888725
ZAF,77T82,0.9716176541882775,0.9809485978377969,0.9899032969888725
ZAF,84,0.9873313340957176,0.97236308828925,0.9899032969888725
ZAF,85,0.9869584478010502,0.9673196577757449,0.9899032969888725
ZAF,86T88,0.986349365657011,0.9740648774662829,0.9899032969888725
ZAF,90T93,0.960689411362624,0.9784650348669334,0.9899032969888725
ZAF,94T98,0.9858892906593788,0.9629811183983692,0.9899032969888725
