country,sector,output_hat,price_hat,spending_hat
ARG,01T02,0.8186414457339447,1.0279413616541797,1.0102243852221342
ARG,03,0.9988421242563232,0.9932423417349837,1.0102243852221342
ARG,05T06,0.9070198243520958,1.0031656005704732,1.0102243852221342
ARG,07T08,1.0042111546838803,0.9946154606685302,1.0102243852221342
ARG,10T12,0.9880351447439214,1.0581446386250533,1.0102243852221342
ARG,13T15,0.9901218515835849,1.0112101552522588,1.0102243852221342
ARG,16,1.0079776703455596,1.0049382437248349,1.0102243852221342
ARG,17T18,1.0140961449267878,1.0000816860055373,1.0102243852221342
ARG,19,0.9660011420588838,1.035459549530548,1.0102243852221342
ARG,20,0.9997576289688845,1.0079110617389833,1.0102243852221342
ARG,21,1.0170508430696554,0.9984226952553008,1.0102243852221342
ARG,22,0.9801463082885113,1.0071307848505844,1.0102243852221342
ARG,23,0.9531914623352229,1.004459928484792,1.0102243852221342
ARG,24,0.9939856586715787,1.0111526666261075,1.0102243852221342
ARG,25,1.0282087593178475,1.0056036547997254,1.0102243852221342
ARG,26,1.0188325113572807,1.0061006610409022,1.0102243852221342
ARG,27,1.0239673725158978,1.0075150503069024,1.0102243852221342
ARG,28,1.018777860368135,1.0030980661685045,1.0102243852221342
ARG,29T30,1.0015556157901147,1.0064567075840274,1.0102243852221342
ARG,31T33,1.0107541931527364,0.9989899323348109,1.0102243852221342
ARG,35,0.9304687833102641,1.0204418350664808,1.0102243852221342
ARG,36T39,1.0028890535324921,0.9960689355726705,1.0102243852221342
ARG,41T43,1.0069697035088014,1.0004470951116424,1.0102243852221342
ARG,45T47,1.0008598171596743,0.9909970456196525,1.0102243852221342
ARG,49,0.9829980128000436,0.9972438002959967,1.0102243852221342
ARG,50,0.9721441063982986,0.9982115117443588,1.0102243852221342
ARG,51,0.9630141973608886,1.0105362774046687,1.0102243852221342
ARG,52,0.9929263775952851,1.0004573176009353,1.0102243852221342
ARG,53,1.015504854007356,0.9945669938343263,1.0102243852221342
ARG,55T56,1.0105311354396103,1.0070548995606428,1.0102243852221342
ARG,58T60,1.015911252882032,0.9943582103288352,1.0102243852221342
ARG,61,1.0123505410775433,0.9931533504879424,1.0102243852221342
ARG,62T63,1.0204917081826246,0.9933429317348638,1.0102243852221342
ARG,64T66,1.0063718197419391,0.9906879188152158,1.0102243852221342
ARG,68,1.0117281412787476,0.9880510521027758,1.0102243852221342
ARG,69T75,1.010432513310174,0.9922157646846006,1.0102243852221342
ARG,77T82,1.0034057082225851,0.9904801551342058,1.0102243852221342
ARG,84,1.0084248930516349,0.992108001671372,1.0102243852221342
ARG,85,1.0099003651862286,0.9902096238377707,1.0102243852221342
ARG,86T88,1.0095541621939161,0.991036480775104,1.0102243852221342
ARG,90T93,1.0126703115843425,0.9944540020569661,1.0102243852221342
ARG,94T98,1.0092767078409364,0.9926844312324198,1.0102243852221342
AUS,01T02,0.859505910643918,1.0224754714615643,1.0070637725549754
AUS,03,0.9815222695880929,1.0236463917986875,1.0070637725549754
AUS,05T06,0.9262683580057426,1.0025581600558704,1.0070637725549754
AUS,07T08,1.0266192550650393,1.0056140187172597,1.0070637725549754
AUS,10T12,0.9869212819716734,1.0442271981586464,1.0070637725549754
AUS,13T15,0.9609569989725705,1.0278842288470724,1.0070637725549754
AUS,16,1.0092945179267432,1.0228779138290502,1.0070637725549754
AUS,17T18,1.0076131204659156,1.0108315463907667,1.0070637725549754
AUS,19,0.8965512777940766,1.015143775457558,1.0070637725549754
AUS,20,0.9509092571038227,1.0171015877880827,1.0070637725549754
AUS,21,0.999497810279589,1.0110421266532863,1.0070637725549754
AUS,22,1.0318867634651345,1.0163114332881515,1.0070637725549754
AUS,23,0.995583182117226,1.0119926777128023,1.0070637725549754
AUS,24,1.0910996849115564,1.0191639676450568,1.0070637725549754
AUS,25,1.018724341325806,1.015793329173444,1.0070637725549754
AUS,26,1.020507595498874,1.0044737890267432,1.0070637725549754
AUS,27,1.032400602937087,1.009396224880045,1.0070637725549754
AUS,28,1.0173512971482948,1.0086777195289496,1.0070637725549754
AUS,29T30,1.0190403569966733,1.0108979016019266,1.0070637725549754
AUS,31T33,1.0134354717478748,1.0070850432803802,1.0070637725549754
AUS,35,0.8519607826364481,1.048775092520586,1.0070637725549754
AUS,36T39,0.9938373427402774,1.0022786656113705,1.0070637725549754
AUS,41T43,1.0019106783562468,1.0078233154757583,1.0070637725549754
AUS,45T47,0.9996427202323912,1.0036061460900885,1.0070637725549754
AUS,49,0.979466434764895,1.0066078502757783,1.0070637725549754
AUS,50,0.9842501006563988,1.0056300455818972,1.0070637725549754
AUS,51,0.9762491364661388,1.0078623361353916,1.0070637725549754
AUS,52,0.9963877558283549,1.0009401063758065,1.0070637725549754
AUS,53,0.9951075710365929,1.00580855971892,1.0070637725549754
AUS,55T56,1.0087190705054174,1.0085752109401194,1.0070637725549754
AUS,58T60,1.0117160922209092,1.0013013132799156,1.0070637725549754
AUS,61,1.0035992673395242,1.0017244434196508,1.0070637725549754
AUS,62T63,1.0035443497417307,0.9979798456423364,1.0070637725549754
AUS,64T66,0.9963993361334071,0.9958924747088084,1.0070637725549754
AUS,68,1.0056350005731047,0.9959674674948455,1.0070637725549754
AUS,69T75,0.9985457269244048,0.9987681252849189,1.0070637725549754
AUS,77T82,0.9985811179892012,1.0000238251561604,1.0070637725549754
AUS,84,1.005218918439071,1.0021393819496969,1.0070637725549754
AUS,85,1.0088755052697507,0.9978315926484118,1.0070637725549754
AUS,86T88,1.006841379108062,0.9983614743661401,1.0070637725549754
AUS,90T93,1.0077320748725416,0.9988707059123049,1.0070637725549754
AUS,94T98,1.005836405823073,0.9983565151672208,1.0070637725549754
AUT,01T02,1.003108100788861,1.0254110963997276,1.0227231561364716
AUT,03,1.0190165193623517,1.0204087240373896,1.0227231561364716
AUT,05T06,0.9212018013161815,1.0219529472288895,1.0227231561364716
AUT,07T08,0.9925738614242157,1.0235482698285778,1.0227231561364716
AUT,10T12,1.0223430282537829,1.0254497354116305,1.0227231561364716
AUT,13T15,1.0081284593416957,1.0186830816422614,1.0227231561364716
AUT,16,1.0118371496572935,1.0260916416541557,1.0227231561364716
AUT,17T18,0.987383839309992,1.0232445233942191,1.0227231561364716
AUT,19,0.9991924722373959,1.0334735778594133,1.0227231561364716
AUT,20,1.0106116139854535,1.0260069023917002,1.0227231561364716
AUT,21,1.0086425953122944,1.018553068928556,1.0227231561364716
AUT,22,1.0275039298079924,1.0218657928380661,1.0227231561364716
AUT,23,1.0131628487313564,1.023395358588124,1.0227231561364716
AUT,24,1.0200895491576174,1.030057109204681,1.0227231561364716
AUT,25,1.0166063829348846,1.023550615265948,1.0227231561364716
AUT,26,1.0148955262393102,1.018202686195949,1.0227231561364716
AUT,27,1.0199145045725118,1.0205067328130064,1.0227231561364716
AUT,28,1.015270069102284,1.0196674025689472,1.0227231561364716
AUT,29T30,1.0139177345378902,1.0198479621255632,1.0227231561364716
AUT,31T33,1.016835396313279,1.02169950238159,1.0227231561364716
AUT,35,1.0179564932196057,1.0325428540388142,1.0227231561364716
AUT,36T39,1.014822316632069,1.018122872309677,1.0227231561364716
AUT,41T43,1.0189065788769096,1.0202574708548795,1.0227231561364716
AUT,45T47,1.0104410970011886,1.0167158661412354,1.0227231561364716
AUT,49,1.0001611914997088,1.0180992641008728,1.0227231561364716
AUT,50,1.0271931471591311,1.0196511964718857,1.0227231561364716
AUT,51,0.9973035655974124,1.018398250788108,1.0227231561364716
AUT,52,1.0088501900754907,1.0165409581487541,1.0227231561364716
AUT,53,1.0117768118389332,1.016035069847189,1.0227231561364716
AUT,55T56,1.0189234160370169,1.0175802005870738,1.0227231561364716
AUT,58T60,1.0065165641043317,1.0173001100159573,1.0227231561364716
AUT,61,1.0107342700363386,1.0160285546788759,1.0227231561364716
AUT,62T63,1.0032615947135528,1.0149726735946856,1.0227231561364716
AUT,64T66,1.0103081640263314,1.0154421755702356,1.0227231561364716
AUT,68,1.0194482859421028,1.0161885171467113,1.0227231561364716
AUT,69T75,1.0082344712602667,1.016143649256036,1.0227231561364716
AUT,77T82,1.0135228266273388,1.0162652711544982,1.0227231561364716
AUT,84,1.0210063860241279,1.0163774742650598,1.0227231561364716
AUT,85,1.0208647080642625,1.0159396421579863,1.0227231561364716
AUT,86T88,1.0212902738576517,1.0168017651811232,1.0227231561364716
AUT,90T93,1.0185128659376173,1.016593264404374,1.0227231561364716
AUT,94T98,1.0197702455159432,1.0165275528464381,1.0227231561364716
BEL,01T02,0.9829528035221218,1.0263293931133572,1.0202795295812634
BEL,03,1.0166330551267941,1.018200734286246,1.0202795295812634
BEL,05T06,0.032742176638056925,1.1052534383438517,1.0202795295812634
BEL,07T08,0.9960117634668318,1.0195639206886566,1.0202795295812634
BEL,10T12,1.0093905528558524,1.0287250171881757,1.0202795295812634
BEL,13T15,1.0005619313461904,1.01895230572418,1.0202795295812634
BEL,16,1.0225793414460942,1.0229796585505346,1.0202795295812634
BEL,17T18,1.0080775334773813,1.0207585337076732,1.0202795295812634
BEL,19,0.9987960347814053,1.0287298384424206,1.0202795295812634
BEL,20,0.9934872369701494,1.022655382820102,1.0202795295812634
BEL,21,1.0090886264560426,1.0157615292455284,1.0202795295812634
BEL,22,1.0184760414283482,1.0245162275696573,1.0202795295812634
BEL,23,0.9944765907822652,1.0209321270616387,1.0202795295812634
BEL,24,1.0811649541205657,1.0293949432989085,1.0202795295812634
BEL,25,1.0199091093866646,1.0224941443273063,1.0202795295812634
BEL,26,1.0147170485915253,1.0173639114568103,1.0202795295812634
BEL,27,1.0171886779895964,1.0216449753681878,1.0202795295812634
BEL,28,1.0147669921030644,1.0195003227599748,1.0202795295812634
BEL,29T30,1.0173436445411823,1.0182984343536758,1.0202795295812634
BEL,31T33,1.0312938108565708,1.0170928009786828,1.0202795295812634
BEL,35,0.9890225542433547,1.0230632735353775,1.0202795295812634
BEL,36T39,1.0296637722400102,1.0173528323853003,1.0202795295812634
BEL,41T43,1.0175055223731493,1.0192336614098845,1.0202795295812634
BEL,45T47,1.009352992912759,1.0150388319502714,1.0202795295812634
BEL,49,1.0088702342843108,1.016606660384805,1.0202795295812634
BEL,50,0.8560822925096081,1.0243862351791222,1.0202795295812634
BEL,51,0.9990027794564583,1.0221284732652556,1.0202795295812634
BEL,52,1.0001951884618863,1.0170735118589134,1.0202795295812634
BEL,53,1.0055215651843206,1.017163988264442,1.0202795295812634
BEL,55T56,1.014889081321635,1.0182867966113698,1.0202795295812634
BEL,58T60,1.0051619525429043,1.0145883548505361,1.0202795295812634
BEL,61,1.0082660524696432,1.013498639803907,1.0202795295812634
BEL,62T63,1.005209440223227,1.0141730155482902,1.0202795295812634
BEL,64T66,1.0079871689633746,1.0117273866142653,1.0202795295812634
BEL,68,1.0171114332538136,1.0131565127364066,1.0202795295812634
BEL,69T75,1.0075234162458586,1.013820648451455,1.0202795295812634
BEL,77T82,1.0082177916104247,1.015631943850529,1.0202795295812634
BEL,84,1.0189353706349376,1.0134157788613756,1.0202795295812634
BEL,85,1.0191319340597458,1.0128599195050652,1.0202795295812634
BEL,86T88,1.019315945065966,1.0147396528968378,1.0202795295812634
BEL,90T93,1.015902236564244,1.0152863106755898,1.0202795295812634
BEL,94T98,1.016812733679383,1.0148172927357637,1.0202795295812634
BGR,01T02,0.8658518758066679,1.0219730757890066,1.0246975770934788
BGR,03,1.006279472655865,1.0269535584602814,1.0246975770934788
BGR,05T06,0.9280539345497183,1.034581087590481,1.0246975770934788
BGR,07T08,0.9884591294603354,1.0195684747579767,1.0246975770934788
BGR,10T12,1.0063685940383789,1.0289958707426128,1.0246975770934788
BGR,13T15,1.0290449851914965,1.0124960503906961,1.0246975770934788
BGR,16,0.9802927669697931,1.0328021562665348,1.0246975770934788
BGR,17T18,0.9985421669129143,1.0197960547412668,1.0246975770934788
BGR,19,0.9636980682543976,1.0231351407559783,1.0246975770934788
BGR,20,0.7951133206026548,1.0319598020537224,1.0246975770934788
BGR,21,0.86126626734968,1.0281172392428664,1.0246975770934788
BGR,22,1.0322361619076446,1.0204082167644946,1.0246975770934788
BGR,23,0.8717310744929266,1.0307405781746222,1.0246975770934788
BGR,24,1.1011378651391261,1.0345098939854074,1.0246975770934788
BGR,25,1.02489584731738,1.0187028881251872,1.0246975770934788
BGR,26,1.0192472788471247,1.014376126948284,1.0246975770934788
BGR,27,1.0204004458836162,1.019663784531574,1.0246975770934788
BGR,28,1.015875392338477,1.0182993487094916,1.0246975770934788
BGR,29T30,1.0224442692324274,1.015516314584768,1.0246975770934788
BGR,31T33,1.0393515705150016,1.012126928013014,1.0246975770934788
BGR,35,0.7902644486330798,1.016364931035442,1.0246975770934788
BGR,36T39,1.0093047682439398,1.0261033810989721,1.0246975770934788
BGR,41T43,1.0156362258224656,1.0202839930289456,1.0246975770934788
BGR,45T47,1.0036105371980915,1.0083154094338118,1.0246975770934788
BGR,49,0.9663226598877701,1.0139583272395423,1.0246975770934788
BGR,50,0.9513495153228126,1.0165274592450828,1.0246975770934788
BGR,51,1.0412924707272917,1.0157972422658919,1.0246975770934788
BGR,52,0.996112882738834,1.0130159053530943,1.0246975770934788
BGR,53,1.0118746503672986,1.0059218260648826,1.0246975770934788
BGR,55T56,1.0152878635954532,1.012190584603754,1.0246975770934788
BGR,58T60,1.0294670294323698,1.0024825994903181,1.0246975770934788
BGR,61,1.0197624628692727,1.0077545604004068,1.0246975770934788
BGR,62T63,1.0176821063049752,1.0019983623627755,1.0246975770934788
BGR,64T66,1.0105317212496043,1.000740286517256,1.0246975770934788
BGR,68,1.0204772371378694,1.0042037059388647,1.0246975770934788
BGR,69T75,1.0162629302431905,1.0032432520509633,1.0246975770934788
BGR,77T82,1.0130738557081926,1.0060721950507387,1.0246975770934788
BGR,84,1.0232696575337532,1.0044608965888693,1.0246975770934788
BGR,85,1.0236455848995012,0.9987218813307283,1.0246975770934788
BGR,86T88,1.022083501041491,1.0062470079608772,1.0246975770934788
BGR,90T93,1.0200801882228148,1.0053756814270516,1.0246975770934788
BGR,94T98,1.0169654580195537,1.0090079995165084,1.0246975770934788
BRA,01T02,0.6061293390893752,0.999526757713644,0.9891607719110894
BRA,03,0.987868605910781,0.9723825906460182,0.9891607719110894
BRA,05T06,0.9174163038768182,0.9857687437757385,0.9891607719110894
BRA,07T08,1.023664242065923,0.9807383737088209,0.9891607719110894
BRA,10T12,0.9536018925684719,1.0689886121509395,0.9891607719110894
BRA,13T15,1.0121856975435708,0.9920647870317193,0.9891607719110894
BRA,16,1.0091295862446388,1.0071615107415852,0.9891607719110894
BRA,17T18,1.0047959772284394,0.9995266496965455,0.9891607719110894
BRA,19,0.9425441789372837,1.016071758431386,0.9891607719110894
BRA,20,0.9104625866549344,1.0184606624277102,0.9891607719110894
BRA,21,1.0019263859081364,0.9796874158631542,0.9891607719110894
BRA,22,0.9995119425818924,0.9996093081034274,0.9891607719110894
BRA,23,0.8865732363580564,0.9932391284410675,0.9891607719110894
BRA,24,0.9732779231240157,1.0001643602102361,0.9891607719110894
BRA,25,1.0027221092939222,0.9972267917423954,0.9891607719110894
BRA,26,1.0124353224245823,0.9860870554163799,0.9891607719110894
BRA,27,1.0148977558170351,0.9940628644530018,0.9891607719110894
BRA,28,1.0190058813731113,0.9885023639120404,0.9891607719110894
BRA,29T30,1.0281244685246145,0.9907460872273163,0.9891607719110894
BRA,31T33,1.0043960840280288,0.9859714081854508,0.9891607719110894
BRA,35,0.9468223294452259,0.9849671516909069,0.9891607719110894
BRA,36T39,0.9857801762000961,0.9761110970170729,0.9891607719110894
BRA,41T43,0.9881748611341401,0.9891460049798334,0.9891607719110894
BRA,45T47,0.9890661570237462,0.9753159490291261,0.9891607719110894
BRA,49,0.9621434920134276,0.9851990001714593,0.9891607719110894
BRA,50,0.9602018637657863,0.985948701306163,0.9891607719110894
BRA,51,0.9682358985099778,0.9898461995748276,0.9891607719110894
BRA,52,1.0001437257722905,0.975403366802786,0.9891607719110894
BRA,53,0.9893514662404634,0.974434247110299,0.9891607719110894
BRA,55T56,0.9938367184109026,0.9944240357938297,0.9891607719110894
BRA,58T60,1.024455067366413,0.9831830314729217,0.9891607719110894
BRA,61,0.9940083710672116,0.9734744646936772,0.9891607719110894
BRA,62T63,1.0170069756860265,0.9718112756838403,0.9891607719110894
BRA,64T66,0.9856437147965125,0.9706557694861201,0.9891607719110894
BRA,68,0.9913438687404541,0.9687000976120776,0.9891607719110894
BRA,69T75,1.0041390575672235,0.9726797653243187,0.9891607719110894
BRA,77T82,0.9964243183375677,0.9736932307939176,0.9891607719110894
BRA,84,0.9892515360832109,0.9714693996810025,0.9891607719110894
BRA,85,0.9895489810863702,0.9707911931431095,0.9891607719110894
BRA,86T88,0.9894798789015983,0.9742444976274218,0.9891607719110894
BRA,90T93,1.0004958919611158,0.9744423592510467,0.9891607719110894
BRA,94T98,0.9890042002929316,0.9797452825229523,0.9891607719110894
BRN,01T02,1.006289248590012,0.9918023303422745,0.9746568722746606
BRN,03,1.0120603339498404,0.9851201471226759,0.9746568722746606
BRN,05T06,0.95950937228419,0.9798710570413798,0.9746568722746606
BRN,07T08,1.0921617572862945,0.9776312248403131,0.9746568722746606
BRN,10T12,1.1082999707824643,0.9972511758941105,0.9746568722746606
BRN,13T15,1.0819257571083791,0.9895062133871028,0.9746568722746606
BRN,16,1.1128122082967375,0.9904492147378201,0.9746568722746606
BRN,17T18,1.0241426162991516,0.9933615405296192,0.9746568722746606
BRN,19,0.9898117599339337,0.9789722199720307,0.9746568722746606
BRN,20,1.1720843047538887,0.9793695383275961,0.9746568722746606
BRN,21,1.0857714162161582,0.9809049651816776,0.9746568722746606
BRN,22,1.0608438400345692,0.9941236801334893,0.9746568722746606
BRN,23,1.0664864901158815,0.9884818130983137,0.9746568722746606
BRN,24,1.3728689287817715,0.9793859236882341,0.9746568722746606
BRN,25,1.0599777223997557,1.009072369251009,0.9746568722746606
BRN,26,1.0098959458453365,0.9879107504998265,0.9746568722746606
BRN,27,1.0588473552916544,0.989665003924313,0.9746568722746606
BRN,28,1.051155055709041,0.9874957971871332,0.9746568722746606
BRN,29T30,1.0300849006111368,0.9858600905219216,0.9746568722746606
BRN,31T33,0.8188922585569384,0.9912197900378361,0.9746568722746606
BRN,35,0.9834055565515519,0.9825108640619233,0.9746568722746606
BRN,36T39,0.9766490807418664,0.9828920084889743,0.9746568722746606
BRN,41T43,0.9749667511273149,0.993638372898774,0.9746568722746606
BRN,45T47,0.996201367341762,0.9855645985597047,0.9746568722746606
BRN,49,1.0122725645666524,0.9822184848140483,0.9746568722746606
BRN,50,0.9888260436989967,0.982545888914776,0.9746568722746606
BRN,51,1.0082044456216805,0.9811200305069879,0.9746568722746606
BRN,52,1.0427419237331372,0.9846177913884662,0.9746568722746606
BRN,53,1.025651165142814,0.9896840181961507,0.9746568722746606
BRN,55T56,1.0144899670852865,0.9970206056784185,0.9746568722746606
BRN,58T60,1.029167723655036,0.9816388086599276,0.9746568722746606
BRN,61,0.9833597012414359,0.9876746375892687,0.9746568722746606
BRN,62T63,1.01563011385925,0.9854090112020338,0.9746568722746606
BRN,64T66,0.9902597066588827,0.9807492831461805,0.9746568722746606
BRN,68,0.9894023955500002,0.9786866244010608,0.9746568722746606
BRN,69T75,0.9948384743323568,0.9845031538367506,0.9746568722746606
BRN,77T82,1.0061144438696759,0.9861780787408023,0.9746568722746606
BRN,84,0.976003837300744,0.9837969486909074,0.9746568722746606
BRN,85,0.9773652764842276,0.9854226255235707,0.9746568722746606
BRN,86T88,0.9780325677698092,0.9882560808696299,0.9746568722746606
BRN,90T93,1.0085680457640365,0.9920970378944568,0.9746568722746606
BRN,94T98,1.0075944317876242,0.9822892299760556,0.9746568722746606
CAN,01T02,0.8208177035187461,1.0299022813653476,1.008748705082012
CAN,03,0.9934112141636293,1.010399437536887,1.008748705082012
CAN,05T06,0.9110986339006022,1.0077692631108504,1.008748705082012
CAN,07T08,1.014268563286857,1.0074295165012388,1.008748705082012
CAN,10T12,0.9894050997298863,1.0388950901180714,1.008748705082012
CAN,13T15,1.040115380884361,1.008315054482061,1.008748705082012
CAN,16,0.953163972676076,1.0459683219802787,1.008748705082012
CAN,17T18,0.9918574551342212,1.0186999951387958,1.008748705082012
CAN,19,0.912526892269264,1.0326498098167207,1.008748705082012
CAN,20,0.9568066753380855,1.0182255670801077,1.008748705082012
CAN,21,1.0117243016721373,1.0085955351267584,1.008748705082012
CAN,22,1.0049502902934913,1.0155981585687144,1.008748705082012
CAN,23,0.9861250444663823,1.0179331642114888,1.008748705082012
CAN,24,1.0526057795497565,1.0237522469051064,1.008748705082012
CAN,25,1.0392000759433606,1.013777462843118,1.008748705082012
CAN,26,1.0230275830368305,1.0061849624791894,1.008748705082012
CAN,27,1.0288110918082696,1.014033386896603,1.008748705082012
CAN,28,1.0199574483611922,1.0101982796588278,1.008748705082012
CAN,29T30,1.0241144962427078,1.0117909890862504,1.008748705082012
CAN,31T33,1.0162615184235082,1.0094080099720035,1.008748705082012
CAN,35,0.9588333673475036,1.001732408160066,1.008748705082012
CAN,36T39,0.9986861037885901,1.003038206248304,1.008748705082012
CAN,41T43,1.0035252785222617,1.0110657859661982,1.008748705082012
CAN,45T47,1.0077715534088718,1.000991916917171,1.008748705082012
CAN,49,0.9640496785440026,1.0078011710106225,1.008748705082012
CAN,50,0.9176172544892056,1.0204187990808666,1.008748705082012
CAN,51,0.9016835762106289,1.0100760126462598,1.008748705082012
CAN,52,0.9880511857981129,1.0063213174736174,1.008748705082012
CAN,53,1.0058842886816535,1.0064211464115622,1.008748705082012
CAN,55T56,1.008326697920627,1.0101520451520454,1.008748705082012
CAN,58T60,1.0147790778665928,1.0034505209199491,1.008748705082012
CAN,61,1.0053628813518427,1.001101044059536,1.008748705082012
CAN,62T63,1.008073717449155,1.0004265814095255,1.008748705082012
CAN,64T66,1.0026035938727211,1.0003904162751245,1.008748705082012
CAN,68,1.0074427503109817,0.9987962842762244,1.008748705082012
CAN,69T75,1.0006259043655712,1.0012846922715426,1.008748705082012
CAN,77T82,1.000434053614371,1.0021147448506278,1.008748705082012
CAN,84,1.0068326878970253,1.0019941372739825,1.008748705082012
CAN,85,1.008310351386855,1.0000175183759696,1.008748705082012
CAN,86T88,1.0069907237445221,1.0009046223753568,1.008748705082012
CAN,90T93,1.0086630986061043,1.0038863997361043,1.008748705082012
CAN,94T98,1.005310268824645,1.0031649112557421,1.008748705082012
CHE,01T02,1.0353353217502717,1.0250950964088457,1.0237278745966996
CHE,03,1.0121428358582631,1.0157314898694574,1.0237278745966996
CHE,05T06,0.9859241301399989,1.021694002381542,1.0237278745966996
CHE,07T08,1.0336357437283386,1.0211260203328782,1.0237278745966996
CHE,10T12,1.0207833003344675,1.0261273258108892,1.0237278745966996
CHE,13T15,1.0100893888246314,1.0184592650953936,1.0237278745966996
CHE,16,1.0333885536195384,1.02065024359369,1.0237278745966996
CHE,17T18,1.0136864086325295,1.0201256813170523,1.0237278745966996
CHE,19,1.0162325845789417,1.0263782939370372,1.0237278745966996
CHE,20,1.0361588456833881,1.0219862336882133,1.0237278745966996
CHE,21,1.014093996639124,1.0187958308621352,1.0237278745966996
CHE,22,1.0258153022651442,1.0217308736558908,1.0237278745966996
CHE,23,1.0173263865302102,1.0245968847189737,1.0237278745966996
CHE,24,1.1618840294232444,1.0268464735064589,1.0237278745966996
CHE,25,1.0279353055879055,1.020592535386233,1.0237278745966996
CHE,26,1.0121027807191327,1.0193484220398472,1.0237278745966996
CHE,27,1.018124446976366,1.0216722563058365,1.0237278745966996
CHE,28,1.0146558517825017,1.0198301337869513,1.0237278745966996
CHE,29T30,1.0125180498599171,1.019240872952313,1.0237278745966996
CHE,31T33,1.0371820509987602,1.019789048212766,1.0237278745966996
CHE,35,1.0461495316766887,1.0214241451853316,1.0237278745966996
CHE,36T39,1.0239248568977497,1.0194265506500382,1.0237278745966996
CHE,41T43,1.0226002455038208,1.0205466944731205,1.0237278745966996
CHE,45T47,1.0086589528071643,1.0190550475090205,1.0237278745966996
CHE,49,1.0167370689975712,1.0201644206973752,1.0237278745966996
CHE,50,1.0193086954081536,1.0246037321341024,1.0237278745966996
CHE,51,0.9925545265708077,1.0226477325748493,1.0237278745966996
CHE,52,1.0019710819112821,1.0214911333419645,1.0237278745966996
CHE,53,1.011393678887426,1.017853366359518,1.0237278745966996
CHE,55T56,1.0138060301759932,1.0200127694123127,1.0237278745966996
CHE,58T60,0.9983960148173379,1.0173219354792293,1.0237278745966996
CHE,61,1.0141642323950504,1.0170006515205845,1.0237278745966996
CHE,62T63,1.0014800396843961,1.0153092100099346,1.0237278745966996
CHE,64T66,1.006247570794169,1.0163610371499678,1.0237278745966996
CHE,68,1.021119510517932,1.0166887918407514,1.0237278745966996
CHE,69T75,1.0118821603706885,1.01715355535687,1.0237278745966996
CHE,77T82,1.0142499654727943,1.017384291314971,1.0237278745966996
CHE,84,1.0208955140625062,1.0175716035378193,1.0237278745966996
CHE,85,1.0186362238719253,1.0186594572005985,1.0237278745966996
CHE,86T88,1.0229988280691746,1.01754454349156,1.0237278745966996
CHE,90T93,1.0156541475493557,1.0176400181580363,1.0237278745966996
CHE,94T98,1.020255625333276,1.0171527246282126,1.0237278745966996
CHL,01T02,1.01998227894772,1.0305996503623536,1.0325520399296964
CHL,03,1.0107598885711302,1.0280151676839262,1.0325520399296964
CHL,05T06,0.7519803690385918,1.0252600089726072,1.0325520399296964
CHL,07T08,0.9602562231345538,1.0291958665382908,1.0325520399296964
CHL,10T12,1.0212339189143467,1.0337260314534125,1.0325520399296964
CHL,13T15,0.9991726085564056,1.0266168751849987,1.0325520399296964
CHL,16,1.0000315927968049,1.0355487845602396,1.0325520399296964
CHL,17T18,0.9712027789201826,1.036196285998964,1.0325520399296964
CHL,19,0.9815051606804293,1.0463377491012513,1.0325520399296964
CHL,20,0.9954527430330863,1.0348088748445667,1.0325520399296964
CHL,21,1.0120755132053376,1.0260297005928791,1.0325520399296964
CHL,22,0.9488933733816678,1.0327905746220758,1.0325520399296964
CHL,23,0.9842600603730203,1.042505645633145,1.0325520399296964
CHL,24,1.1746092332513396,1.0333755529213715,1.0325520399296964
CHL,25,1.0186109136278239,1.0323851849609937,1.0325520399296964
CHL,26,1.0226682436236563,1.0256936717882554,1.0325520399296964
CHL,27,1.0077954032361367,1.0316022766217745,1.0325520399296964
CHL,28,1.0066969506883434,1.0308255995182554,1.0325520399296964
CHL,29T30,1.0031769601985445,1.026824024235084,1.0325520399296964
CHL,31T33,0.992737126552566,1.0274857235607495,1.0325520399296964
CHL,35,0.9366492470277658,1.060467784925418,1.0325520399296964
CHL,36T39,1.0255113983158735,1.0266874150795222,1.0325520399296964
CHL,41T43,1.02890533244892,1.0290161799164288,1.0325520399296964
CHL,45T47,1.0096011997346155,1.0241654264403133,1.0325520399296964
CHL,49,0.9911541192449487,1.0281146574478868,1.0325520399296964
CHL,50,0.8846543648952205,1.0268015998287707,1.0325520399296964
CHL,51,0.8898357455008121,1.0263289309065848,1.0325520399296964
CHL,52,0.9993196826961727,1.023377619886357,1.0325520399296964
CHL,53,1.01069837839437,1.0265808436139439,1.0325520399296964
CHL,55T56,1.0213855636379274,1.0267924506252528,1.0325520399296964
CHL,58T60,1.0079722915454123,1.0248122580857775,1.0325520399296964
CHL,61,1.0246157998226748,1.025099717273472,1.0325520399296964
CHL,62T63,1.0095301237629548,1.0215768890677246,1.0325520399296964
CHL,64T66,1.0178630157293471,1.0214824867652856,1.0325520399296964
CHL,68,1.02468324520131,1.0216324516019277,1.0325520399296964
CHL,69T75,1.018405507619678,1.021619541369044,1.0325520399296964
CHL,77T82,1.0078486399693916,1.0217109183207473,1.0325520399296964
CHL,84,1.0301780007654362,1.0230704213377422,1.0325520399296964
CHL,85,1.031356706123121,1.0221569445311398,1.0325520399296964
CHL,86T88,1.0309199408571383,1.023289539086323,1.0325520399296964
CHL,90T93,1.0254071347146494,1.0217406018064987,1.0325520399296964
CHL,94T98,1.0232817189795553,1.0224774517301503,1.0325520399296964
CHN,01T02,0.9897580043140238,1.020139594369529,1.024510331728329
CHN,03,1.013110802811387,1.0118023481355043,1.024510331728329
CHN,05T06,0.8667030786231384,1.0313462120863857,1.024510331728329
CHN,07T08,0.880933007926375,1.0419523736897818,1.024510331728329
CHN,10T12,1.0091712427953645,1.0271770502995081,1.024510331728329
CHN,13T15,0.9972715387751415,1.0226178182218042,1.024510331728329
CHN,16,0.9937011040230583,1.030004774392179,1.024510331728329
CHN,17T18,0.997322991575232,1.0257022646337488,1.024510331728329
CHN,19,0.9269318401824449,1.026620885791979,1.024510331728329
CHN,20,0.9548007732984531,1.037020361530091,1.024510331728329
CHN,21,1.0019725623290647,1.0200949844060436,1.024510331728329
CHN,22,0.9770969432530323,1.0341860507477303,1.024510331728329
CHN,23,0.9393352863856426,1.044490456901074,1.024510331728329
CHN,24,0.9109843153589612,1.0539174036007724,1.024510331728329
CHN,25,0.9866081225351692,1.0452181133464422,1.024510331728329
CHN,26,1.004730591208865,1.021126915020817,1.024510331728329
CHN,27,0.9880495914943849,1.0383670993760563,1.024510331728329
CHN,28,0.9956072978404393,1.0333875852091443,1.024510331728329
CHN,29T30,1.0098431550895473,1.024067955009055,1.024510331728329
CHN,31T33,0.9868136382751846,1.023478509825146,1.024510331728329
CHN,35,0.7899989723656137,1.065968017350084,1.024510331728329
CHN,36T39,0.9760736191477949,1.0252826679885378,1.024510331728329
CHN,41T43,1.0227738562671251,1.0420285938264406,1.024510331728329
CHN,45T47,1.0037079991823148,1.000515160579878,1.024510331728329
CHN,49,0.9839763538073446,1.0145272816762734,1.024510331728329
CHN,50,0.8929709529939537,1.0249570486437947,1.024510331728329
CHN,51,0.9711630469718355,1.016692271512052,1.024510331728329
CHN,52,0.9729270423962707,1.0169993840383986,1.024510331728329
CHN,53,0.9920168425940646,1.0094551546349342,1.024510331728329
CHN,55T56,1.0094302013775172,1.013604968357026,1.024510331728329
CHN,58T60,1.0186635668003652,1.0065947449257973,1.024510331728329
CHN,61,1.0122800635331421,1.0090568970015195,1.024510331728329
CHN,62T63,1.019363216730937,0.9976667561308682,1.024510331728329
CHN,64T66,0.9953678265362188,0.9928640368199391,1.024510331728329
CHN,68,1.0196014868301015,0.9935881060443748,1.024510331728329
CHN,69T75,1.002358065666199,1.0080393932478138,1.024510331728329
CHN,77T82,0.9995176544585344,1.0071332095052226,1.024510331728329
CHN,84,1.0233421517221086,0.9984605278952018,1.024510331728329
CHN,85,1.0240802096174044,0.9974365470485996,1.024510331728329
CHN,86T88,1.0233009417195391,1.0022099666812425,1.024510331728329
CHN,90T93,1.0207234585674518,0.9993655850028785,1.024510331728329
CHN,94T98,1.0182164257950046,1.0012480936607009,1.024510331728329
COL,01T02,0.7810599729744093,1.0057292985545696,1.0066232757710032
COL,03,1.0032745330190809,1.0179339888300074,1.0066232757710032
COL,05T06,0.9473986659876672,0.9993620969055218,1.0066232757710032
COL,07T08,0.9828759629362024,0.9942857984978957,1.0066232757710032
COL,10T12,0.9692082843648151,1.056708553298729,1.0066232757710032
COL,13T15,1.0159626615026074,0.9999349310315769,1.0066232757710032
COL,16,0.9814871403691,1.0289033337863205,1.0066232757710032
COL,17T18,0.9940603205974188,1.002990078698249,1.0066232757710032
COL,19,0.9583053228938956,1.0142863042178596,1.0066232757710032
COL,20,1.0217687806787568,1.005945331617121,1.0066232757710032
COL,21,1.0314660088110148,0.9970558152205793,1.0066232757710032
COL,22,1.0284452816297909,1.0082694094194278,1.0066232757710032
COL,23,0.9710298169051782,1.0034770241927133,1.0066232757710032
COL,24,1.0623723999401182,1.013772428588187,1.0066232757710032
COL,25,1.0250826754232298,1.0071504560314153,1.0066232757710032
COL,26,1.0215965767998314,1.0039676519053518,1.0066232757710032
COL,27,1.0273577815336286,1.0069588244049694,1.0066232757710032
COL,28,1.0206216694833896,1.0059102102190915,1.0066232757710032
COL,29T30,1.032672770076968,1.0014518693210326,1.0066232757710032
COL,31T33,1.01502283214803,0.9992195409637536,1.0066232757710032
COL,35,0.9575740796455063,1.0049601491711355,1.0066232757710032
COL,36T39,1.0013614302560083,0.9930524773642838,1.0066232757710032
COL,41T43,1.0046765483391344,1.0039893363197987,1.0066232757710032
COL,45T47,1.000791528494476,0.9906686663455713,1.0066232757710032
COL,49,0.9803461053410322,0.9971966859354073,1.0066232757710032
COL,50,0.981478776575328,0.9969596610793685,1.0066232757710032
COL,51,0.9920544964130394,1.0009795938555184,1.0066232757710032
COL,52,1.001403967964316,0.9890657997064444,1.0066232757710032
COL,53,1.0058578906258269,0.9936131779558176,1.0066232757710032
COL,55T56,1.0070785011749621,1.009646211971368,1.0066232757710032
COL,58T60,1.0247670001094813,0.9911311102180351,1.0066232757710032
COL,61,1.0076029131968909,0.9878590973097247,1.0066232757710032
COL,62T63,1.0152641943596912,0.9870113237907683,1.0066232757710032
COL,64T66,1.008600765170569,0.9877213015448699,1.0066232757710032
COL,68,1.0068414480720087,0.9845712398200461,1.0066232757710032
COL,69T75,1.0074479116292068,0.9872785668620889,1.0066232757710032
COL,77T82,1.0036159452750277,0.9864752139029802,1.0066232757710032
COL,84,1.0055959937312384,0.9902287534633558,1.0066232757710032
COL,85,1.0070896387098427,0.9874805618224274,1.0066232757710032
COL,86T88,1.0060431135929842,0.9904052994285202,1.0066232757710032
COL,90T93,1.0091165231067674,0.988768558782915,1.0066232757710032
COL,94T98,1.0069197169070783,0.9888635230209607,1.0066232757710032
CRI,01T02,1.0363311862128441,1.0146811879906026,1.0139464400136853
CRI,03,1.01296556997067,1.0153056441969626,1.0139464400136853
CRI,05T06,1.0175793523043102,1.0149648614273787,1.0139464400136853
CRI,07T08,1.010600816815806,1.0150951838253328,1.0139464400136853
CRI,10T12,1.017847877407689,1.0147253817193296,1.0139464400136853
CRI,13T15,1.0056978534058922,1.0139981258282718,1.0139464400136853
CRI,16,1.022670011149919,1.0151492537093196,1.0139464400136853
CRI,17T18,1.004125963221255,1.0138536689722848,1.0139464400136853
CRI,19,1.024436438666158,1.0149156761875942,1.0139464400136853
CRI,20,1.0285641913370223,1.014911993154454,1.0139464400136853
CRI,21,0.9915060243919565,1.014336347917832,1.0139464400136853
CRI,22,1.0343095321370401,1.0154345827381428,1.0139464400136853
CRI,23,1.012157301761907,1.015123695314174,1.0139464400136853
CRI,24,1.072234239101541,1.0186456068168837,1.0139464400136853
CRI,25,1.029004824824863,1.0165700106074391,1.0139464400136853
CRI,26,1.015499648978772,1.0145452639383012,1.0139464400136853
CRI,27,1.0253492856560729,1.0157621456011323,1.0139464400136853
CRI,28,1.0196044024322013,1.0157536939535674,1.0139464400136853
CRI,29T30,1.023382469784911,1.015656970104815,1.0139464400136853
CRI,31T33,1.0310268622774932,1.0149101668805807,1.0139464400136853
CRI,35,1.0162860888490362,1.0143593700613514,1.0139464400136853
CRI,36T39,1.0165426506620285,1.0144983557032714,1.0139464400136853
CRI,41T43,1.0136625196976352,1.0153242257645296,1.0139464400136853
CRI,45T47,1.0080978421284315,1.0143828335581233,1.0139464400136853
CRI,49,1.0073127941376925,1.0152210282761973,1.0139464400136853
CRI,50,0.9871792458069867,1.0156152990841287,1.0139464400136853
CRI,51,1.0441888644049087,1.0157966892505457,1.0139464400136853
CRI,52,1.0080548639253324,1.0146694214133543,1.0139464400136853
CRI,53,1.012530912281994,1.0142440043135807,1.0139464400136853
CRI,55T56,1.013940160779263,1.014461520701807,1.0139464400136853
CRI,58T60,1.0090719261378296,1.0139668342758992,1.0139464400136853
CRI,61,1.0105695820580416,1.0141870269387656,1.0139464400136853
CRI,62T63,1.005394801896265,1.0142055414564097,1.0139464400136853
CRI,64T66,1.0107875410079574,1.014144513547413,1.0139464400136853
CRI,68,1.013222396528698,1.014347355607957,1.0139464400136853
CRI,69T75,1.009827385482795,1.0142440278276972,1.0139464400136853
CRI,77T82,1.0119565243354411,1.01434821463933,1.0139464400136853
CRI,84,1.013903031394267,1.0143113671105495,1.0139464400136853
CRI,85,1.013587041942876,1.0143083060595546,1.0139464400136853
CRI,86T88,1.0136456371410947,1.0143049550761587,1.0139464400136853
CRI,90T93,1.0085251149901664,1.0143835896701923,1.0139464400136853
CRI,94T98,1.012931534470318,1.0144369235237207,1.0139464400136853
CYP,01T02,1.0238394294870035,1.0169155583469769,1.0154228463739021
CYP,03,1.0088236259192935,1.0115190463794062,1.0154228463739021
CYP,05T06,0.9285889653046598,1.0248079943619564,1.0154228463739021
CYP,07T08,0.9462901212539138,1.0323414425548847,1.0154228463739021
CYP,10T12,1.0130948163996838,1.0238166379655647,1.0154228463739021
CYP,13T15,1.0296175686667803,1.0128027291589377,1.0154228463739021
CYP,16,1.0249703024960102,1.0152859827387617,1.0154228463739021
CYP,17T18,1.0108382699493783,1.0149995875345919,1.0154228463739021
CYP,19,0.5675434268657752,1.0101780344488418,1.0154228463739021
CYP,20,1.0573038242608963,1.0174028936545099,1.0154228463739021
CYP,21,1.020650940685469,1.0151833242970663,1.0154228463739021
CYP,22,1.013534070782946,1.0239511539371655,1.0154228463739021
CYP,23,0.7914909169966069,1.0529470166110733,1.0154228463739021
CYP,24,1.0845364424051809,1.0264555227169232,1.0154228463739021
CYP,25,1.0092643896373925,1.0241459751266437,1.0154228463739021
CYP,26,0.9993783188183415,1.02790750159075,1.0154228463739021
CYP,27,1.0260259195856645,1.015771207117655,1.0154228463739021
CYP,28,1.0197185143150325,1.0158213787607442,1.0154228463739021
CYP,29T30,1.020462368885301,1.0157047974798887,1.0154228463739021
CYP,31T33,1.0103316825561608,1.0149245808951899,1.0154228463739021
CYP,35,0.8574511950604841,1.0163746112792267,1.0154228463739021
CYP,36T39,1.0080342032965113,1.0234707900478295,1.0154228463739021
CYP,41T43,1.008049449530896,1.0219335847905389,1.0154228463739021
CYP,45T47,1.004101709250626,1.011841969033918,1.0154228463739021
CYP,49,0.9944257468301977,1.0124987784761126,1.0154228463739021
CYP,50,1.0756441274360828,1.009170384028826,1.0154228463739021
CYP,51,0.9501631813501591,1.0143257993499732,1.0154228463739021
CYP,52,0.9997837686833392,1.01146918213402,1.0154228463739021
CYP,53,1.002391119748041,1.0113443756846578,1.0154228463739021
CYP,55T56,1.0037274178571498,1.0158169875876244,1.0154228463739021
CYP,58T60,1.0027852776313306,1.0097686827460013,1.0154228463739021
CYP,61,1.0039359463441642,1.0108723414224337,1.0154228463739021
CYP,62T63,0.9876413028599247,1.007282636478959,1.0154228463739021
CYP,64T66,0.9952581601104211,1.0066513262733798,1.0154228463739021
CYP,68,1.0110096834577522,1.0071068006278932,1.0154228463739021
CYP,69T75,1.0046780776741624,1.0075516969276015,1.0154228463739021
CYP,77T82,1.0025049207655616,1.008396029161629,1.0154228463739021
CYP,84,1.0138712106127803,1.0092955860241233,1.0154228463739021
CYP,85,1.0138386434531927,1.007224902118129,1.0154228463739021
CYP,86T88,1.0137405914822992,1.0109915294836405,1.0154228463739021
CYP,90T93,1.0116302958241992,1.011259598774085,1.0154228463739021
CYP,94T98,1.0117890313006126,1.0091635554519256,1.0154228463739021
CZE,01T02,1.0020991841260587,1.0214858375059932,1.0257321898449372
CZE,03,0.9922665420777336,1.0313520760832628,1.0257321898449372
CZE,05T06,0.8654883275122087,1.0197450194410473,1.0257321898449372
CZE,07T08,0.9699372561705671,1.0235376666885063,1.0257321898449372
CZE,10T12,1.0108398096316973,1.0288465497213668,1.0257321898449372
CZE,13T15,0.9894175626828225,1.0216313048891696,1.0257321898449372
CZE,16,1.0001600438916995,1.0278970174404891,1.0257321898449372
CZE,17T18,0.9979428985413937,1.0234417462892487,1.0257321898449372
CZE,19,0.9363764746253099,1.040216888064603,1.0257321898449372
CZE,20,0.9783796906460874,1.0239261126244368,1.0257321898449372
CZE,21,0.9949071506160022,1.016670769348329,1.0257321898449372
CZE,22,1.0220532382016077,1.022032344649476,1.0257321898449372
CZE,23,0.9538827827565863,1.0321278316667795,1.0257321898449372
CZE,24,0.9681646269601916,1.0338369669348273,1.0257321898449372
CZE,25,1.0125975002325092,1.0226376736705614,1.0257321898449372
CZE,26,1.0098054547886999,1.0218020499934937,1.0257321898449372
CZE,27,1.0123937616585854,1.0229000729738436,1.0257321898449372
CZE,28,1.0061800091406354,1.0235165972682818,1.0257321898449372
CZE,29T30,1.0137492586994552,1.019460696907019,1.0257321898449372
CZE,31T33,1.0174544831382621,1.0180313890614932,1.0257321898449372
CZE,35,0.8663925085480929,1.040492445350431,1.0257321898449372
CZE,36T39,0.9995905510464648,1.0185518349886316,1.0257321898449372
CZE,41T43,1.017660254598277,1.018086298611799,1.0257321898449372
CZE,45T47,1.004977986423669,1.0133970977904283,1.0257321898449372
CZE,49,0.9860342807242642,1.0162532349488171,1.0257321898449372
CZE,50,0.9509197044318703,1.0210272578490893,1.0257321898449372
CZE,51,1.0201484533284368,1.022919691885856,1.0257321898449372
CZE,52,0.996996030705495,1.0175136176908544,1.0257321898449372
CZE,53,1.0097744777907136,1.0124076159386541,1.0257321898449372
CZE,55T56,1.0168315111153876,1.0165048512860642,1.0257321898449372
CZE,58T60,1.015320479419554,1.0119315694360855,1.0257321898449372
CZE,61,1.0146251466748035,1.0112671366293398,1.0257321898449372
CZE,62T63,1.0148104172865626,1.0086585027847228,1.0257321898449372
CZE,64T66,1.0105595382117414,1.0096314944688878,1.0257321898449372
CZE,68,1.0189751575599155,1.0154959286472667,1.0257321898449372
CZE,69T75,1.0085236435940956,1.012689939066571,1.0257321898449372
CZE,77T82,1.007781858542087,1.0156569812367704,1.0257321898449372
CZE,84,1.0225905522953842,1.011951575892062,1.0257321898449372
CZE,85,1.0235202218363888,1.0110242406507284,1.0257321898449372
CZE,86T88,1.0244067390025071,1.0132370198555922,1.0257321898449372
CZE,90T93,1.0208962345240054,1.0142714848163088,1.0257321898449372
CZE,94T98,1.019741793730233,1.012521145933544,1.0257321898449372
DEU,01T02,0.9775502783443885,1.0231814082177557,1.0239079395935078
DEU,03,1.0081026976223566,1.0180979791573366,1.0239079395935078
DEU,05T06,0.9357412598500674,1.0235140605719626,1.0239079395935078
DEU,07T08,0.9954376676236016,1.0175024065776885,1.0239079395935078
DEU,10T12,1.0157332675541493,1.029334762128121,1.0239079395935078
DEU,13T15,1.0032942698864014,1.0200986937641865,1.0239079395935078
DEU,16,1.0118956537673942,1.0284823940101886,1.0239079395935078
DEU,17T18,1.0042352712489742,1.0218944334281495,1.0239079395935078
DEU,19,0.9842043965626708,1.0277476308273268,1.0239079395935078
DEU,20,1.0124838858015413,1.0229763178629951,1.0239079395935078
DEU,21,1.0079607531964292,1.0180959858720287,1.0239079395935078
DEU,22,1.0257182411704762,1.0221566000378526,1.0239079395935078
DEU,23,1.0091375020035094,1.0243305078939078,1.0239079395935078
DEU,24,0.9937290939011787,1.03349781028682,1.0239079395935078
DEU,25,1.0228722249176818,1.0223000302655936,1.0239079395935078
DEU,26,1.0145826744067796,1.0181528361363261,1.0239079395935078
DEU,27,1.0220832846652548,1.0197877901319152,1.0239079395935078
DEU,28,1.0157066422570793,1.0196142319271768,1.0239079395935078
DEU,29T30,1.0160826660413953,1.0193227793669755,1.0239079395935078
DEU,31T33,1.0224627664174355,1.0195245151215178,1.0239079395935078
DEU,35,0.9505272934695836,1.0296960309357748,1.0239079395935078
DEU,36T39,1.0149233180432584,1.0177672492438525,1.0239079395935078
DEU,41T43,1.0192262150069755,1.02016772549486,1.0239079395935078
DEU,45T47,1.008911889923005,1.0171106515621136,1.0239079395935078
DEU,49,1.0114619767208066,1.0187596997558062,1.0239079395935078
DEU,50,1.031240139128275,1.0261793035737752,1.0239079395935078
DEU,51,0.9560808101048774,1.0215314389287502,1.0239079395935078
DEU,52,1.0058471032310523,1.0182991690231733,1.0239079395935078
DEU,53,1.009707786872508,1.0180682735121378,1.0239079395935078
DEU,55T56,1.015558735806068,1.0196005777170885,1.0239079395935078
DEU,58T60,1.0103028405138685,1.016118723431842,1.0239079395935078
DEU,61,1.0148625414769152,1.016595643043027,1.0239079395935078
DEU,62T63,1.0071214148196723,1.014260597255397,1.0239079395935078
DEU,64T66,1.0131777650718805,1.0151722132445722,1.0239079395935078
DEU,68,1.01936809472059,1.0151771467945387,1.0239079395935078
DEU,69T75,1.0109333741167443,1.015493869767138,1.0239079395935078
DEU,77T82,1.0125574304991063,1.0167633065901929,1.0239079395935078
DEU,84,1.019790195984184,1.0161514596910535,1.0239079395935078
DEU,85,1.0223671345573502,1.0148638281298945,1.0239079395935078
DEU,86T88,1.0232410321569039,1.0162984138647773,1.0239079395935078
DEU,90T93,1.0198498042850423,1.0160001419174647,1.0239079395935078
DEU,94T98,1.0212834559097366,1.0159119977337872,1.0239079395935078
DNK,01T02,0.9662163496900631,1.0257448733774817,1.0204751921732074
DNK,03,0.9773852590095985,1.017513364034938,1.0204751921732074
DNK,05T06,0.9713555802265428,1.0168024837767826,1.0204751921732074
DNK,07T08,0.9886666202852775,1.0227816450126739,1.0204751921732074
DNK,10T12,1.0100180540932653,1.0274684006906671,1.0204751921732074
DNK,13T15,1.0118069563034386,1.01816858142118,1.0204751921732074
DNK,16,1.0361357983889412,1.023364594988686,1.0204751921732074
DNK,17T18,1.0250566354160666,1.0180743728339543,1.0204751921732074
DNK,19,0.9904460793041079,1.0271311522473086,1.0204751921732074
DNK,20,1.0459593526188076,1.0189641061649617,1.0204751921732074
DNK,21,1.0240582308138455,1.0149576419214963,1.0204751921732074
DNK,22,1.0330184074805977,1.0196645469304533,1.0204751921732074
DNK,23,0.9953046294365991,1.0225949779796566,1.0204751921732074
DNK,24,1.1224458154866672,1.0266975897686212,1.0204751921732074
DNK,25,1.0232227404440555,1.020891186829873,1.0204751921732074
DNK,26,1.0151400339145888,1.0167558275312787,1.0204751921732074
DNK,27,1.0253589596957464,1.017988672917598,1.0204751921732074
DNK,28,1.01550616949711,1.0188163366964411,1.0204751921732074
DNK,29T30,1.0140239575595078,1.0192278145895912,1.0204751921732074
DNK,31T33,1.0265251855294337,1.0177851082700884,1.0204751921732074
DNK,35,0.9650675816795157,1.0199051906468821,1.0204751921732074
DNK,36T39,1.0162579557126379,1.0157690043573393,1.0204751921732074
DNK,41T43,1.016834717231464,1.018967881447548,1.0204751921732074
DNK,45T47,1.0096389570520765,1.0150770707764936,1.0204751921732074
DNK,49,0.9977901486825302,1.0219250218960219,1.0204751921732074
DNK,50,0.9889037861122694,1.0188854470499742,1.0204751921732074
DNK,51,0.9975060030488311,1.017876970797247,1.0204751921732074
DNK,52,0.9975245713330592,1.016189404348085,1.0204751921732074
DNK,53,1.0089535231364608,1.016191257927598,1.0204751921732074
DNK,55T56,1.0149225611477675,1.0183582463477152,1.0204751921732074
DNK,58T60,1.0108377620438438,1.0144055925700786,1.0204751921732074
DNK,61,1.0116666616541226,1.0151028430496394,1.0204751921732074
DNK,62T63,1.007821853444625,1.014196143598563,1.0204751921732074
DNK,64T66,1.0116765050049523,1.0135611554780688,1.0204751921732074
DNK,68,1.0177432222437397,1.014236209810243,1.0204751921732074
DNK,69T75,1.010481128600778,1.0144855330427416,1.0204751921732074
DNK,77T82,1.0103261190419806,1.0173401956635377,1.0204751921732074
DNK,84,1.0192762281306538,1.0146208765589324,1.0204751921732074
DNK,85,1.0197737043605382,1.014301170080984,1.0204751921732074
DNK,86T88,1.0202088170213108,1.0147889467147995,1.0204751921732074
DNK,90T93,1.0185471876930392,1.0150895386520251,1.0204751921732074
DNK,94T98,1.0171787888135373,1.0145853283671462,1.0204751921732074
ESP,01T02,1.0304257295376742,1.020241436414145,1.0222782083719069
ESP,03,0.9976151159559922,1.018619924544152,1.0222782083719069
ESP,05T06,0.7261788293433252,1.0161366484563912,1.0222782083719069
ESP,07T08,0.9801225266458473,1.0228304759479532,1.0222782083719069
ESP,10T12,1.0141271841191588,1.0303052409595894,1.0222782083719069
ESP,13T15,1.0099969812023586,1.0182862205509207,1.0222782083719069
ESP,16,1.012353736798968,1.0226518233099549,1.0222782083719069
ESP,17T18,1.0060751434991997,1.0219834902604146,1.0222782083719069
ESP,19,0.9796360810330524,1.0335353427100504,1.0222782083719069
ESP,20,1.0026180926006243,1.0258745441952504,1.0222782083719069
ESP,21,0.9985174877737082,1.0200568300547221,1.0222782083719069
ESP,22,1.0219011766469723,1.0229282585972133,1.0222782083719069
ESP,23,0.9711801976711505,1.0277418021084732,1.0222782083719069
ESP,24,1.049872409139886,1.0281378783065878,1.0222782083719069
ESP,25,1.011935554970693,1.025452230924918,1.0222782083719069
ESP,26,1.0134126875686935,1.0184157000809932,1.0222782083719069
ESP,27,1.0121870504502186,1.0235112325134248,1.0222782083719069
ESP,28,1.009251473162181,1.0217548778575238,1.0222782083719069
ESP,29T30,1.0108492368053186,1.0213763431834841,1.0222782083719069
ESP,31T33,1.0207917004151137,1.018562539289304,1.0222782083719069
ESP,35,0.9720906599208843,1.026134454827966,1.0222782083719069
ESP,36T39,1.0185554479488876,1.018779400516284,1.0222782083719069
ESP,41T43,1.0184016479635731,1.0199723928816908,1.0222782083719069
ESP,45T47,1.0109412518117038,1.0163232808231046,1.0222782083719069
ESP,49,0.993895885114776,1.0198271533728813,1.0222782083719069
ESP,50,0.7465001464778921,1.0186553635878517,1.0222782083719069
ESP,51,0.9521859931214615,1.0213644991641235,1.0222782083719069
ESP,52,1.002987909700215,1.0189630166063601,1.0222782083719069
ESP,53,1.007970608790209,1.0171877318504259,1.0222782083719069
ESP,55T56,1.0171620138079112,1.018378630364852,1.0222782083719069
ESP,58T60,1.0081978344739373,1.015945486532521,1.0222782083719069
ESP,61,1.0113540634086737,1.0176158396521326,1.0222782083719069
ESP,62T63,1.0042701575835091,1.0157934023079986,1.0222782083719069
ESP,64T66,1.0130089187787967,1.0143227717971968,1.0222782083719069
ESP,68,1.0190403186922425,1.0138166951136363,1.0222782083719069
ESP,69T75,1.0103774458391186,1.0157639319003693,1.0222782083719069
ESP,77T82,1.0079971643969947,1.0164698930363185,1.0222782083719069
ESP,84,1.0188983645778722,1.0154724790242144,1.0222782083719069
ESP,85,1.0200187834570746,1.014381034958938,1.0222782083719069
ESP,86T88,1.021053403621757,1.0156867946104002,1.0222782083719069
ESP,90T93,1.0180800778916324,1.0156422485475565,1.0222782083719069
ESP,94T98,1.0189942779502945,1.014660478531649,1.0222782083719069
EST,01T02,0.8583151720093102,1.0286988632239416,1.0152988925425952
EST,03,1.0112400379083812,1.0061679527224794,1.0152988925425952
EST,05T06,0.6571798391431231,1.0134512769748398,1.0152988925425952
EST,07T08,0.8063039889008242,1.0159072471397255,1.0152988925425952
EST,10T12,0.9971174849720768,1.0328272068469113,1.0152988925425952
EST,13T15,1.0325420258385465,1.0118359352911261,1.0152988925425952
EST,16,0.9251716659539245,1.04037658416203,1.0152988925425952
EST,17T18,0.9775988608284487,1.0306068124839847,1.0152988925425952
EST,19,0.4693439582454575,1.0455269658029045,1.0152988925425952
EST,20,1.0179082192589803,1.0255256531535646,1.0152988925425952
EST,21,1.037980569241465,1.0076079717639475,1.0152988925425952
EST,22,1.0268935062130493,1.018104756164605,1.0152988925425952
EST,23,0.9801101702992399,1.024237002673186,1.0152988925425952
EST,24,1.089117716182448,1.0372010533325173,1.0152988925425952
EST,25,1.0154112150836703,1.0194935279681816,1.0152988925425952
EST,26,1.0131541677412288,1.0131722337103595,1.0152988925425952
EST,27,1.0321332610726066,1.0135599106855633,1.0152988925425952
EST,28,1.0155992079185712,1.0148293765156022,1.0152988925425952
EST,29T30,1.0272061478955108,1.0114946678420302,1.0152988925425952
EST,31T33,1.0134472646012742,1.015163465661561,1.0152988925425952
EST,35,0.7719098731884566,1.0387767802536207,1.0152988925425952
EST,36T39,1.0131039697901625,1.0181121286279207,1.0152988925425952
EST,41T43,1.0092489922248808,1.0140472849336997,1.0152988925425952
EST,45T47,1.0052458633079981,1.002904488489545,1.0152988925425952
EST,49,0.9922668819030886,1.004194401672357,1.0152988925425952
EST,50,0.9808627288163605,1.0079016804310925,1.0152988925425952
EST,51,1.0782664732299274,1.0161707754277594,1.0152988925425952
EST,52,0.9944158183823547,1.0112527722986846,1.0152988925425952
EST,53,1.0218076946385266,1.0037706995827358,1.0152988925425952
EST,55T56,1.0171520591815038,1.011863703826713,1.0152988925425952
EST,58T60,1.0251052440976545,1.0029293380052682,1.0152988925425952
EST,61,1.0223676727025817,0.9999807721859754,1.0152988925425952
EST,62T63,1.0251880359123027,0.9971376113534577,1.0152988925425952
EST,64T66,1.014076033068599,0.9960929500989866,1.0152988925425952
EST,68,1.0109676991563927,1.000398199804159,1.0152988925425952
EST,69T75,1.0130616721105636,1.0004426233908787,1.0152988925425952
EST,77T82,1.0071889381321968,1.0010046587630044,1.0152988925425952
EST,84,1.0141252257064777,0.99947790026515,1.0152988925425952
EST,85,1.0147056114405792,1.001311028949614,1.0152988925425952
EST,86T88,1.0150349533465708,1.0009131448831667,1.0152988925425952
EST,90T93,1.013919397110564,1.0060966394907596,1.0152988925425952
EST,94T98,1.0106308798224592,1.0084388710253485,1.0152988925425952
FIN,01T02,0.9635761701301816,1.0208854484293564,1.0190716894677665
FIN,03,0.983623062261459,1.015290656427274,1.0190716894677665
FIN,05T06,0.5978765020576189,1.0234293760504851,1.0190716894677665
FIN,07T08,0.9996864819982588,1.022844183843527,1.0190716894677665
FIN,10T12,1.0136080936218017,1.0280920605148314,1.0190716894677665
FIN,13T15,1.0166951374293836,1.015993876878843,1.0190716894677665
FIN,16,0.9914789174697255,1.0370053663050924,1.0190716894677665
FIN,17T18,0.9750974079776394,1.0286215691030465,1.0190716894677665
FIN,19,0.9934125475476068,1.0200564165937556,1.0190716894677665
FIN,20,0.9962685220709097,1.0243806572668004,1.0190716894677665
FIN,21,1.019831940812519,1.011554232990265,1.0190716894677665
FIN,22,1.0213886360226818,1.0216328636024805,1.0190716894677665
FIN,23,1.0153832742522342,1.022107478850775,1.0190716894677665
FIN,24,1.0506987676676822,1.0291080102982935,1.0190716894677665
FIN,25,1.0221337280875504,1.0215499388974312,1.0190716894677665
FIN,26,1.0154643358534894,1.0128863653584337,1.0190716894677665
FIN,27,1.0222229770290094,1.0177845649696753,1.0190716894677665
FIN,28,1.0155161268469872,1.015927677345663,1.0190716894677665
FIN,29T30,1.0161826648489953,1.0179769878786515,1.0190716894677665
FIN,31T33,1.01516511090404,1.0150583264805833,1.0190716894677665
FIN,35,0.9574412738897492,1.030144940162474,1.0190716894677665
FIN,36T39,1.019304375452623,1.0151475219998314,1.0190716894677665
FIN,41T43,1.0150898299984783,1.018161751253196,1.0190716894677665
FIN,45T47,1.0068010447710891,1.013135172001621,1.0190716894677665
FIN,49,1.0034531049810227,1.014479503700449,1.0190716894677665
FIN,50,0.9764403041080028,1.015983043740092,1.0190716894677665
FIN,51,0.9721621754919666,1.0164709630500472,1.0190716894677665
FIN,52,1.0021607993880106,1.016306394648744,1.0190716894677665
FIN,53,1.0078786879479082,1.0139302708096027,1.0190716894677665
FIN,55T56,1.0119433188347093,1.016710773592208,1.0190716894677665
FIN,58T60,1.0062447229936446,1.013038789987611,1.0190716894677665
FIN,61,1.012150495496875,1.0118367993174722,1.0190716894677665
FIN,62T63,1.0025195964810245,1.0113279352535416,1.0190716894677665
FIN,64T66,1.0099576335934495,1.0116876239563708,1.0190716894677665
FIN,68,1.0160743797117646,1.0119412808991823,1.0190716894677665
FIN,69T75,1.0072118881119578,1.0120726674303042,1.0190716894677665
FIN,77T82,1.0085525847782715,1.013067493399578,1.0190716894677665
FIN,84,1.0159092030490335,1.0132993520107472,1.0190716894677665
FIN,85,1.018087118201724,1.0116975173088294,1.0190716894677665
FIN,86T88,1.0185461074870965,1.012221109647048,1.0190716894677665
FIN,90T93,1.0159383965067035,1.0155038515300283,1.0190716894677665
FIN,94T98,1.0158161287444543,1.0157256360740476,1.0190716894677665
FRA,01T02,0.9914334665471862,1.0240265272320852,1.0183586496139907
FRA,03,0.9925799001809901,1.0189760661145524,1.0183586496139907
FRA,05T06,0.522908958097364,1.0142815758219188,1.0183586496139907
FRA,07T08,0.990909531352536,1.0205438760294552,1.0183586496139907
FRA,10T12,1.014738146143373,1.0261459576548821,1.0183586496139907
FRA,13T15,1.0119456209558564,1.0172053412225925,1.0183586496139907
FRA,16,1.0136888606760819,1.0251653514944685,1.0183586496139907
FRA,17T18,1.013476308993779,1.01806593403322,1.0183586496139907
FRA,19,1.00621504854037,1.0256994221964457,1.0183586496139907
FRA,20,1.0171494758619752,1.0202499673404999,1.0183586496139907
FRA,21,1.0090266436721937,1.0167764681847842,1.0183586496139907
FRA,22,1.0293071845556696,1.0198468409366934,1.0183586496139907
FRA,23,1.0051722514524752,1.0220620280561257,1.0183586496139907
FRA,24,0.9661659213121649,1.025254758033145,1.0183586496139907
FRA,25,1.0200773932810119,1.021297113061837,1.0183586496139907
FRA,26,1.0132517855506278,1.0171031980186935,1.0183586496139907
FRA,27,1.0200432485334947,1.0198925977437707,1.0183586496139907
FRA,28,1.01345499506927,1.0193041065268653,1.0183586496139907
FRA,29T30,1.0154309275238407,1.01851997432863,1.0183586496139907
FRA,31T33,1.0227424715249311,1.018214335632482,1.0183586496139907
FRA,35,1.006720223735222,1.022515302962064,1.0183586496139907
FRA,36T39,1.0114676763465986,1.0169396084476003,1.0183586496139907
FRA,41T43,1.017084008315318,1.0189113776100323,1.0183586496139907
FRA,45T47,1.0099001822189864,1.0151446511252844,1.0183586496139907
FRA,49,1.0116808842802951,1.0160074987319243,1.0183586496139907
FRA,50,1.0091233658624548,1.020955074417159,1.0183586496139907
FRA,51,0.979988712167937,1.0191719896330866,1.0183586496139907
FRA,52,1.0098018286825368,1.0150844104370638,1.0183586496139907
FRA,53,1.0120407322641247,1.0142616013507721,1.0183586496139907
FRA,55T56,1.014667177986853,1.0175494748183613,1.0183586496139907
FRA,58T60,1.0092001634322936,1.0159940192167007,1.0183586496139907
FRA,61,1.010747389855116,1.0150201462005801,1.0183586496139907
FRA,62T63,1.0115975786977596,1.0140706772603427,1.0183586496139907
FRA,64T66,1.0108521994543103,1.014200082976871,1.0183586496139907
FRA,68,1.01629053893208,1.0136557385805147,1.0183586496139907
FRA,69T75,1.0113526764297047,1.0146254164572486,1.0183586496139907
FRA,77T82,1.0103191433264873,1.0145367387122772,1.0183586496139907
FRA,84,1.01713189183025,1.0144471993208615,1.0183586496139907
FRA,85,1.016720174723001,1.0142458834896946,1.0183586496139907
FRA,86T88,1.0177594293981238,1.0143607381060942,1.0183586496139907
FRA,90T93,1.0159214900904887,1.015556641375209,1.0183586496139907
FRA,94T98,1.0159540877550532,1.0148003365071563,1.0183586496139907
GBR,01T02,0.9756119285372391,1.0247052783600876,1.0159176458835757
GBR,03,0.9968408959299173,1.0180905154147464,1.0159176458835757
GBR,05T06,0.9584426585095015,1.01576372940489,1.0159176458835757
GBR,07T08,1.0100477103485834,1.0204296303878102,1.0159176458835757
GBR,10T12,1.0161070283186036,1.0251994169486462,1.0159176458835757
GBR,13T15,1.016793528548092,1.0139388041469655,1.0159176458835757
GBR,16,1.0249962094777305,1.023100797792637,1.0159176458835757
GBR,17T18,1.015545551719336,1.0173906683684995,1.0159176458835757
GBR,19,0.974750407987463,1.0269146236380786,1.0159176458835757
GBR,20,1.0107221817329217,1.0199594094380804,1.0159176458835757
GBR,21,1.0177407570056274,1.0145561159050445,1.0159176458835757
GBR,22,1.018428153830892,1.0195547487166718,1.0159176458835757
GBR,23,1.011422196185126,1.0190631743338021,1.0159176458835757
GBR,24,1.0001421954826857,1.0248337494982074,1.0159176458835757
GBR,25,1.023268694500264,1.0179625985423044,1.0159176458835757
GBR,26,1.0134516312055655,1.0142291028468495,1.0159176458835757
GBR,27,1.022903634876387,1.0174824539625213,1.0159176458835757
GBR,28,1.0129366884712951,1.0169846157839373,1.0159176458835757
GBR,29T30,1.01526030649254,1.0178998371351877,1.0159176458835757
GBR,31T33,1.0166566467924578,1.0156775845108152,1.0159176458835757
GBR,35,0.9842274198426992,1.0317553233366556,1.0159176458835757
GBR,36T39,1.0125631534958397,1.013414509954021,1.0159176458835757
GBR,41T43,1.013925632219575,1.0153219127607653,1.0159176458835757
GBR,45T47,1.0101457436473646,1.0132906299202544,1.0159176458835757
GBR,49,1.0060241800471719,1.0144177003589747,1.0159176458835757
GBR,50,1.0239206741351785,1.0156677974927388,1.0159176458835757
GBR,51,0.9403347898359103,1.0219760393318893,1.0159176458835757
GBR,52,1.0081337673686153,1.0152839982589899,1.0159176458835757
GBR,53,1.008983241476771,1.0127943625461633,1.0159176458835757
GBR,55T56,1.0140921924720412,1.0147200894737305,1.0159176458835757
GBR,58T60,1.0115993129271799,1.0126046809844818,1.0159176458835757
GBR,61,1.0100607004349351,1.011879882977985,1.0159176458835757
GBR,62T63,1.0088698392539848,1.0118525404037952,1.0159176458835757
GBR,64T66,1.0058202939533758,1.0123798667918436,1.0159176458835757
GBR,68,1.0146932458413689,1.0113642334521504,1.0159176458835757
GBR,69T75,1.0078893522179957,1.01239717196692,1.0159176458835757
GBR,77T82,1.0081894254647628,1.0135749016482742,1.0159176458835757
GBR,84,1.0147725270660337,1.0127219355341446,1.0159176458835757
GBR,85,1.0141428720530592,1.0120494789529446,1.0159176458835757
GBR,86T88,1.0153427447411283,1.0127622316026106,1.0159176458835757
GBR,90T93,1.0134064894767607,1.0129419823401313,1.0159176458835757
GBR,94T98,1.014870526672412,1.0118983199402791,1.0159176458835757
GRC,01T02,1.0266393133877143,1.0190031237662562,1.0226646746134234
GRC,03,1.0198576637777605,1.0099084855478833,1.0226646746134234
GRC,05T06,0.5520101464765965,1.0160444596304816,1.0226646746134234
GRC,07T08,0.9770857011810204,1.0200992571666354,1.0226646746134234
GRC,10T12,1.01928977012947,1.0254166332921877,1.0226646746134234
GRC,13T15,1.0004989158175281,1.019074715220571,1.0226646746134234
GRC,16,1.019982027705287,1.020450525093024,1.0226646746134234
GRC,17T18,1.017401530464561,1.016585134193533,1.0226646746134234
GRC,19,0.9523254714297776,1.03019488230722,1.0226646746134234
GRC,20,1.0156404388577018,1.0187604864499704,1.0226646746134234
GRC,21,1.0238905143343904,1.0152994030687459,1.0226646746134234
GRC,22,1.0143867616262852,1.0215749800535987,1.0226646746134234
GRC,23,0.838940772594766,1.038619784881734,1.0226646746134234
GRC,24,0.9737071401496309,1.0463323084299025,1.0226646746134234
GRC,25,1.0056562712238013,1.0251477796094954,1.0226646746134234
GRC,26,1.0164125152621843,1.0163515586691,1.0226646746134234
GRC,27,0.9917820254040421,1.0330480286782902,1.0226646746134234
GRC,28,1.0097305136853416,1.0208003434308421,1.0226646746134234
GRC,29T30,1.0159938314791443,1.016897831897247,1.0226646746134234
GRC,31T33,1.0184430360137497,1.0177601844071313,1.0226646746134234
GRC,35,0.9110226752504041,1.0373889585645166,1.0226646746134234
GRC,36T39,1.0176223785718095,1.03339713234315,1.0226646746134234
GRC,41T43,1.018430619161427,1.029239339109281,1.0226646746134234
GRC,45T47,1.008814235826288,1.010979803357783,1.0226646746134234
GRC,49,1.0082619914731987,1.0148532132089791,1.0226646746134234
GRC,50,0.8867922694883015,1.0407805171991593,1.0226646746134234
GRC,51,1.0136554757886116,1.017911796347843,1.0226646746134234
GRC,52,0.9913596176884932,1.0167662892245577,1.0226646746134234
GRC,53,1.0073777580767476,1.0127813376412431,1.0226646746134234
GRC,55T56,1.0167465667233027,1.015875739278219,1.0226646746134234
GRC,58T60,1.012503442623147,1.0131087381889923,1.0226646746134234
GRC,61,1.0176991262222683,1.0107695319505747,1.0226646746134234
GRC,62T63,1.0138093083128479,1.0097611647998814,1.0226646746134234
GRC,64T66,1.013133368318002,1.0072820946456391,1.0226646746134234
GRC,68,1.0163968187198815,1.00738344195453,1.0226646746134234
GRC,69T75,1.0072841330360947,1.0095057784032506,1.0226646746134234
GRC,77T82,1.014346159702503,1.0119287289823102,1.0226646746134234
GRC,84,1.020965786982579,1.0087102879639984,1.0226646746134234
GRC,85,1.0215323593766552,1.0079887967541246,1.0226646746134234
GRC,86T88,1.021733919967766,1.0111882311049805,1.0226646746134234
GRC,90T93,1.0188472654977838,1.0118995085415834,1.0226646746134234
GRC,94T98,1.0187175798543617,1.0134310882263249,1.0226646746134234
HRV,01T02,1.0135136484738376,1.014624199988377,1.0130634403800072
HRV,03,1.0135410664435784,1.0145993023659332,1.0130634403800072
HRV,05T06,0.9685118204007335,1.011970879234898,1.0130634403800072
HRV,07T08,1.0148802212984556,1.0131020479882678,1.0130634403800072
HRV,10T12,1.024855830818484,1.0143287532561496,1.0130634403800072
HRV,13T15,1.0204096926726243,1.0148767432005534,1.0130634403800072
HRV,16,1.0351850780660132,1.0149603882038962,1.0130634403800072
HRV,17T18,1.0199823184937253,1.0144799951943384,1.0130634403800072
HRV,19,1.02106863301365,1.0077593059345398,1.0130634403800072
HRV,20,0.9432424025049807,1.0157631877934863,1.0130634403800072
HRV,21,1.0084146525590814,1.0144686064366433,1.0130634403800072
HRV,22,1.026362800308035,1.0161524587651296,1.0130634403800072
HRV,23,0.9933339854085872,1.014772986032738,1.0130634403800072
HRV,24,1.0806425662765657,1.0164006114218571,1.0130634403800072
HRV,25,1.0273923005177223,1.0156196003049032,1.0130634403800072
HRV,26,1.01710023490617,1.0140724314827478,1.0130634403800072
HRV,27,1.0249818075830537,1.015554117497542,1.0130634403800072
HRV,28,1.019870342569448,1.0153959745044479,1.0130634403800072
HRV,29T30,1.0168944994633615,1.0155960655173932,1.0130634403800072
HRV,31T33,1.0283989226186994,1.0147923209455385,1.0130634403800072
HRV,35,1.0197562019599355,1.0135761517700417,1.0130634403800072
HRV,36T39,1.0127953542276829,1.014626320332909,1.0130634403800072
HRV,41T43,1.012972506849824,1.0148284374008196,1.0130634403800072
HRV,45T47,1.0116753283524642,1.0139834499617097,1.0130634403800072
HRV,49,1.010423930151114,1.0142510870817198,1.0130634403800072
HRV,50,0.94592028346642,1.014991484450434,1.0130634403800072
HRV,51,1.0692849032446712,1.0134874968323446,1.0130634403800072
HRV,52,1.0151018935814664,1.0141329923192564,1.0130634403800072
HRV,53,1.0118355452713332,1.0139309086555328,1.0130634403800072
HRV,55T56,1.017982752140455,1.0144930564383843,1.0130634403800072
HRV,58T60,1.0062549885409904,1.0135213781109214,1.0130634403800072
HRV,61,1.0108697568771048,1.0137823893572449,1.0130634403800072
HRV,62T63,1.0051870339876354,1.013747012648999,1.0130634403800072
HRV,64T66,1.0115534202236516,1.013689893054493,1.0130634403800072
HRV,68,1.01231741089229,1.0143361954194123,1.0130634403800072
HRV,69T75,1.009714506398648,1.0136664395690766,1.0130634403800072
HRV,77T82,1.0125937320719511,1.0140171313947923,1.0130634403800072
HRV,84,1.0128969354225048,1.0138615978886707,1.0130634403800072
HRV,85,1.0128092258134622,1.0138135137498892,1.0130634403800072
HRV,86T88,1.0129400719863622,1.0142592777938895,1.0130634403800072
HRV,90T93,1.0128954649239421,1.014047051274417,1.0130634403800072
HRV,94T98,1.0125588781134995,1.0140131003655424,1.0130634403800072
HUN,01T02,0.9399200908313828,1.0255049026934155,1.0211065558657038
HUN,03,1.0017051378435375,1.0205415132023599,1.0211065558657038
HUN,05T06,0.7182056368148267,1.0291441628783375,1.0211065558657038
HUN,07T08,0.9796653634364569,1.034577321435332,1.0211065558657038
HUN,10T12,0.9960570947052628,1.0341576730958852,1.0211065558657038
HUN,13T15,1.0158469269789838,1.0159735660311326,1.0211065558657038
HUN,16,1.0002458130969312,1.0249976077514666,1.0211065558657038
HUN,17T18,0.9999786644951992,1.0185444174276206,1.0211065558657038
HUN,19,0.9925316885923631,1.024851505750563,1.0211065558657038
HUN,20,0.9432584257017277,1.0247526913923135,1.0211065558657038
HUN,21,1.0009397074845872,1.0149357158632135,1.0211065558657038
HUN,22,1.0196965910392422,1.0224110664596848,1.0211065558657038
HUN,23,0.9847797931384519,1.026395190616499,1.0211065558657038
HUN,24,1.038101301300707,1.028549732952915,1.0211065558657038
HUN,25,1.0165069928690003,1.0222149852424305,1.0211065558657038
HUN,26,1.0153924169219777,1.0160450679994373,1.0211065558657038
HUN,27,1.0161246185893649,1.021340478630458,1.0211065558657038
HUN,28,1.0140709151226963,1.0186304623300964,1.0211065558657038
HUN,29T30,1.0180920747936957,1.0178324001651728,1.0211065558657038
HUN,31T33,1.0254665099305063,1.0152422891826023,1.0211065558657038
HUN,35,0.877173258416282,1.0194414417252136,1.0211065558657038
HUN,36T39,1.012074647003577,1.0151650040056632,1.0211065558657038
HUN,41T43,1.0164794587157306,1.0196726716287188,1.0211065558657038
HUN,45T47,1.003306327142484,1.0138392741298357,1.0211065558657038
HUN,49,0.9911915331876601,1.0142054660451683,1.0211065558657038
HUN,50,0.8987159881164684,1.017785235268454,1.0211065558657038
HUN,51,0.9520335643991299,1.0175585235551377,1.0211065558657038
HUN,52,1.0033347060272022,1.0122502080508802,1.0211065558657038
HUN,53,1.0132640772834103,1.0106625257510196,1.0211065558657038
HUN,55T56,1.0145964825962193,1.0179106873688015,1.0211065558657038
HUN,58T60,1.0146291697791474,1.01088490490484,1.0211065558657038
HUN,61,1.0168541834701637,1.0092540828856909,1.0211065558657038
HUN,62T63,1.0116413904194934,1.0082361462525788,1.0211065558657038
HUN,64T66,1.0111632535205273,1.0081514893265373,1.0211065558657038
HUN,68,1.015847440241398,1.0094788603098344,1.0211065558657038
HUN,69T75,1.0106584005227792,1.010133049104121,1.0211065558657038
HUN,77T82,1.0069873483622263,1.0116889392930801,1.0211065558657038
HUN,84,1.0189531875142255,1.0094008700306039,1.0211065558657038
HUN,85,1.0196626827445152,1.008885501325678,1.0211065558657038
HUN,86T88,1.0196209348325285,1.0111362708840972,1.0211065558657038
HUN,90T93,1.0175464073728893,1.012396845143118,1.0211065558657038
HUN,94T98,1.0156758869647842,1.0105890184047068,1.0211065558657038
IDN,01T02,0.7332152462079516,0.988738868196332,1.0112725536715668
IDN,03,1.006678211156943,0.967480172331831,1.0112725536715668
IDN,05T06,0.8717125340632961,0.9916805067975523,1.0112725536715668
IDN,07T08,1.0151911387200219,0.9776317307920395,1.0112725536715668
IDN,10T12,0.9700851393445752,1.070120446305389,1.0112725536715668
IDN,13T15,1.0826381641349747,0.9886273830632206,1.0112725536715668
IDN,16,0.9506848134218298,1.0519766167303837,1.0112725536715668
IDN,17T18,1.0025811178059156,1.0033511058592812,1.0112725536715668
IDN,19,0.9559451836619383,1.0157076035821968,1.0112725536715668
IDN,20,0.9262356284610112,1.0139799483865768,1.0112725536715668
IDN,21,0.9835008803992665,1.0171746435362028,1.0112725536715668
IDN,22,0.9093296291142132,1.0579268555432095,1.0112725536715668
IDN,23,0.8273727954428921,1.0161738139754872,1.0112725536715668
IDN,24,1.107957280228288,0.9917406309642925,1.0112725536715668
IDN,25,1.0108014904850005,1.0070123395082216,1.0112725536715668
IDN,26,1.024032806778719,1.0026163619296549,1.0112725536715668
IDN,27,1.0426008704096168,1.00199842943194,1.0112725536715668
IDN,28,1.0182778180758512,1.0101730469294654,1.0112725536715668
IDN,29T30,1.0431983617798013,0.9863744001708931,1.0112725536715668
IDN,31T33,0.9612468287665579,1.0037650593395877,1.0112725536715668
IDN,35,0.7745834705142645,1.0991456250351952,1.0112725536715668
IDN,36T39,1.0042210775924127,0.9936117868112816,1.0112725536715668
IDN,41T43,1.003891870102382,1.0035125161101823,1.0112725536715668
IDN,45T47,1.0037994138308384,0.97738499006844,1.0112725536715668
IDN,49,0.9778302050301473,0.9798145441243115,1.0112725536715668
IDN,50,0.8849446146162986,0.9970787814354252,1.0112725536715668
IDN,51,1.006777097292256,0.9859746602912334,1.0112725536715668
IDN,52,1.0030707084432537,0.986159435361195,1.0112725536715668
IDN,53,1.0138372807293783,0.98711837139076,1.0112725536715668
IDN,55T56,1.0088770109472478,1.0167109290712981,1.0112725536715668
IDN,58T60,1.0140622826661236,0.9890684260552376,1.0112725536715668
IDN,61,1.0043703081861117,0.9731812423762147,1.0112725536715668
IDN,62T63,1.0136464236869078,0.9903386730296335,1.0112725536715668
IDN,64T66,0.9876159251095084,0.9662329585744335,1.0112725536715668
IDN,68,1.010825401757169,0.9695476081637076,1.0112725536715668
IDN,69T75,1.0967327561282063,0.9730563060281221,1.0112725536715668
IDN,77T82,0.9971014495278352,0.9722418239689524,1.0112725536715668
IDN,84,1.0076350391572007,0.9837190450965698,1.0112725536715668
IDN,85,1.0109897564914752,0.9745999651938836,1.0112725536715668
IDN,86T88,1.0092250999690862,0.9938681273908618,1.0112725536715668
IDN,90T93,1.0209579946616827,0.9823702130728921,1.0112725536715668
IDN,94T98,1.0084316631342614,0.9745558501229429,1.0112725536715668
IND,01T02,0.9554673350072741,0.9982864038005959,1.0219101507860957
IND,03,1.0206050143563241,0.9888982183118642,1.0219101507860957
IND,05T06,0.8589473937880124,1.0021296695031898,1.0219101507860957
IND,07T08,0.8287480166229996,1.0119861317944792,1.0219101507860957
IND,10T12,1.0146393472416189,1.0316895866649416,1.0219101507860957
IND,13T15,1.0055630483308677,1.017616047428529,1.0219101507860957
IND,16,0.9948799151509632,1.0127424380983017,1.0219101507860957
IND,17T18,0.9850278018467595,1.0175466425181825,1.0219101507860957
IND,19,0.9479675324501815,1.0202531777046449,1.0219101507860957
IND,20,0.9687576446269316,1.0186321969980925,1.0219101507860957
IND,21,1.0103712003085992,1.0033403639008156,1.0219101507860957
IND,22,0.9194007317900642,1.023013902747592,1.0219101507860957
IND,23,0.8921121558616615,1.023523143524414,1.0219101507860957
IND,24,0.7671996657372742,1.040905098178184,1.0219101507860957
IND,25,0.9642748480328559,1.0390179095254177,1.0219101507860957
IND,26,0.9936825332589909,1.0363452678744303,1.0219101507860957
IND,27,0.9818630470086707,1.0539021415255996,1.0219101507860957
IND,28,0.9902808391530395,1.0384647907425961,1.0219101507860957
IND,29T30,0.9988536400163357,1.0481571182671923,1.0219101507860957
IND,31T33,0.8595444411393456,1.0283189610950538,1.0219101507860957
IND,35,0.7665094009768687,1.0115573456842568,1.0219101507860957
IND,36T39,0.9776918658745486,1.0088438043516195,1.0219101507860957
IND,41T43,1.0155974735209372,1.0295669861138792,1.0219101507860957
IND,45T47,0.9972951523736352,0.9945407367494429,1.0219101507860957
IND,49,0.9758155944276625,1.0067837207140276,1.0219101507860957
IND,50,0.9105703522454026,1.014871906879301,1.0219101507860957
IND,51,0.9345962864831964,1.028074747848494,1.0219101507860957
IND,52,0.9685991772573,1.0156389254316607,1.0219101507860957
IND,53,0.980708771003545,0.9987126893458913,1.0219101507860957
IND,55T56,1.002835624333604,1.0257709505137595,1.0219101507860957
IND,58T60,1.007981648542635,1.0100067061656453,1.0219101507860957
IND,61,0.9910042977870855,1.0304192688836802,1.0219101507860957
IND,62T63,1.0377078130462976,0.9922523903263037,1.0219101507860957
IND,64T66,1.0020854549196319,1.0039113954722452,1.0219101507860957
IND,68,1.0188914570680465,0.989740241892973,1.0219101507860957
IND,69T75,1.0069584976821118,1.0031657986972418,1.0219101507860957
IND,77T82,0.9874355691596366,0.9994265148802074,1.0219101507860957
IND,84,1.0213167088527182,0.9972434458515156,1.0219101507860957
IND,85,1.0204981400032986,0.9901534141973142,1.0219101507860957
IND,86T88,1.021464690160811,0.9948470171422807,1.0219101507860957
IND,90T93,1.0204028943798633,1.0002859275064095,1.0219101507860957
IND,94T98,1.0182500651480098,1.0071687387989199,1.0219101507860957
IRL,01T02,0.8253429041366239,1.0271234966088334,1.0272721892115113
IRL,03,0.9902836255731824,1.026289138902914,1.0272721892115113
IRL,05T06,0.6153662026237036,1.0290216854795882,1.0272721892115113
IRL,07T08,0.9846006578313594,1.0281654545989427,1.0272721892115113
IRL,10T12,1.0054825922163138,1.0277662237298932,1.0272721892115113
IRL,13T15,0.9981464924486226,1.0151752237361922,1.0272721892115113
IRL,16,0.9911961567961225,1.0316475198802353,1.0272721892115113
IRL,17T18,1.0238421930422312,1.0149515188623617,1.0272721892115113
IRL,19,1.033382337460178,1.0174174126494495,1.0272721892115113
IRL,20,1.0516886110906718,1.0166114132365445,1.0272721892115113
IRL,21,1.0279695094116703,1.0140061023378772,1.0272721892115113
IRL,22,1.0442262458251372,1.017188413869302,1.0272721892115113
IRL,23,0.963824569231501,1.0225472800239397,1.0272721892115113
IRL,24,1.0019749270383147,1.0220851791098269,1.0272721892115113
IRL,25,1.0344284297622188,1.0170270669614787,1.0272721892115113
IRL,26,1.0074926740381405,1.0157780473933187,1.0272721892115113
IRL,27,1.025280676664871,1.0182940197983092,1.0272721892115113
IRL,28,1.0110788959054922,1.015933253311848,1.0272721892115113
IRL,29T30,1.0163427436147123,1.0185128780355688,1.0272721892115113
IRL,31T33,1.0397535009078367,1.014555328043378,1.0272721892115113
IRL,35,0.9661255721591425,1.0168384836652442,1.0272721892115113
IRL,36T39,1.0193185059759877,1.0155851747445845,1.0272721892115113
IRL,41T43,1.0191541739363923,1.0194900536153069,1.0272721892115113
IRL,45T47,1.0018731468745943,1.0146648687173458,1.0272721892115113
IRL,49,1.016761580717956,1.0149316334848941,1.0272721892115113
IRL,50,0.9901244974985062,1.0248533994062483,1.0272721892115113
IRL,51,0.7277786021636757,1.0179140471129038,1.0272721892115113
IRL,52,1.0017297853899432,1.0157098177069477,1.0272721892115113
IRL,53,1.0095192371817414,1.0139119472191933,1.0272721892115113
IRL,55T56,1.0220583183562957,1.0151130319202961,1.0272721892115113
IRL,58T60,1.010862927372744,1.0134137717041178,1.0272721892115113
IRL,61,1.009838446733697,1.0139969619112617,1.0272721892115113
IRL,62T63,1.0033563220853663,1.014233733066453,1.0272721892115113
IRL,64T66,0.9999100329654493,1.0132309074264136,1.0272721892115113
IRL,68,1.0136811696745933,1.0129239813076312,1.0272721892115113
IRL,69T75,1.004518636116203,1.013703135980783,1.0272721892115113
IRL,77T82,1.000879398441133,1.014037633136958,1.0272721892115113
IRL,84,1.0248725269892083,1.0143769649756231,1.0272721892115113
IRL,85,1.024854705053843,1.0132135766385075,1.0272721892115113
IRL,86T88,1.0259708584014695,1.0135622750548319,1.0272721892115113
IRL,90T93,1.016570518026658,1.0147605123760495,1.0272721892115113
IRL,94T98,1.0184086483390409,1.0141489174010143,1.0272721892115113
ISL,01T02,1.030925881706707,1.014503492950564,1.0133575644537411
ISL,03,0.9977677813360882,1.0144179269457085,1.0133575644537411
ISL,05T06,1.0152434728517705,1.0141374413431135,1.0133575644537411
ISL,07T08,1.0145161335062423,1.0137651393502956,1.0133575644537411
ISL,10T12,1.0428675767796316,1.0138988983718509,1.0133575644537411
ISL,13T15,1.0196780676352422,1.0143020598349517,1.0133575644537411
ISL,16,1.06141490543313,1.0154049355145884,1.0133575644537411
ISL,17T18,1.0230138355977083,1.014482339805421,1.0133575644537411
ISL,19,1.030587582946752,1.0138755119074312,1.0133575644537411
ISL,20,1.0340330095205763,1.014660350961032,1.0133575644537411
ISL,21,1.0137856163228582,1.0154858679629697,1.0133575644537411
ISL,22,1.0401236139959513,1.0148950735952524,1.0133575644537411
ISL,23,1.0230511874840418,1.014564013788183,1.0133575644537411
ISL,24,1.0154499150610399,1.0169202160296156,1.0133575644537411
ISL,25,1.0294111964086463,1.0150699577437143,1.0133575644537411
ISL,26,1.0158458739460434,1.0148882942991957,1.0133575644537411
ISL,27,1.0284191503138729,1.0158483225958874,1.0133575644537411
ISL,28,1.0198426738283561,1.014845448262397,1.0133575644537411
ISL,29T30,1.0199666438144965,1.0151299208082047,1.0133575644537411
ISL,31T33,1.0232761762469997,1.0148059211551514,1.0133575644537411
ISL,35,1.0150678876175185,1.0141839759464522,1.0133575644537411
ISL,36T39,1.0165123157555822,1.014293052670021,1.0133575644537411
ISL,41T43,1.0133358331480657,1.014969078832966,1.0133575644537411
ISL,45T47,1.011707935757484,1.013978323227808,1.0133575644537411
ISL,49,1.0152099013101419,1.014727773569402,1.0133575644537411
ISL,50,1.0104364742058143,1.0155553072534815,1.0133575644537411
ISL,51,0.990592898257493,1.0149058927520318,1.0133575644537411
ISL,52,1.0058929554343923,1.0138581049580544,1.0133575644537411
ISL,53,1.0118320340228635,1.013787858374912,1.0133575644537411
ISL,55T56,1.018314548302876,1.014023205996899,1.0133575644537411
ISL,58T60,1.0054269313259745,1.0137115599364146,1.0133575644537411
ISL,61,1.0073607915131466,1.0135815192661501,1.0133575644537411
ISL,62T63,1.0067810657156018,1.0133443497375878,1.0133575644537411
ISL,64T66,1.0094096942220483,1.0131906106514073,1.0133575644537411
ISL,68,1.012312469342613,1.0134752858345488,1.0133575644537411
ISL,69T75,1.0116160907528735,1.0134592872013428,1.0133575644537411
ISL,77T82,1.0131410399668719,1.013981785812772,1.0133575644537411
ISL,84,1.0132807488913294,1.013525687419409,1.0133575644537411
ISL,85,1.0132054395688865,1.0135070968283846,1.0133575644537411
ISL,86T88,1.013293838413951,1.013637666669615,1.0133575644537411
ISL,90T93,1.0125525317255066,1.0135636088090378,1.0133575644537411
ISL,94T98,1.0125889214291053,1.013519943925243,1.0133575644537411
ISR,01T02,1.0507107931487538,1.0278748967498448,1.0216476109467463
ISR,03,1.0149589069814944,1.0210159366370992,1.0216476109467463
ISR,05T06,0.6509921222852585,1.0196727000486856,1.0216476109467463
ISR,07T08,0.9874908849673772,1.0174169942627502,1.0216476109467463
ISR,10T12,1.0205289893294653,1.0241555772514082,1.0216476109467463
ISR,13T15,1.002055335319461,1.0183147945816615,1.0216476109467463
ISR,16,1.032194375559852,1.019538756066945,1.0216476109467463
ISR,17T18,1.0212915342167233,1.0183625433327685,1.0216476109467463
ISR,19,0.9877666588370922,1.0275598649669908,1.0216476109467463
ISR,20,1.0320744296817523,1.0198315204716704,1.0216476109467463
ISR,21,1.0194750330204645,1.0175901880120166,1.0216476109467463
ISR,22,0.9868697097816025,1.0209410832800818,1.0216476109467463
ISR,23,1.0008248787617429,1.0238398282956005,1.0216476109467463
ISR,24,1.1044383265680375,1.032302817547211,1.0216476109467463
ISR,25,1.03034092036672,1.0204410680937082,1.0216476109467463
ISR,26,1.0173266999572033,1.0160248201318374,1.0216476109467463
ISR,27,1.027336020831642,1.0188006322569645,1.0216476109467463
ISR,28,1.0190868239670514,1.018756774328549,1.0216476109467463
ISR,29T30,1.0170698447656126,1.0193564153433705,1.0216476109467463
ISR,31T33,0.9870305888387296,1.0166463097392713,1.0216476109467463
ISR,35,0.9226137960591553,1.0257844078334741,1.0216476109467463
ISR,36T39,1.0196886903195188,1.019418493558022,1.0216476109467463
ISR,41T43,1.0205591798807054,1.0196959469191114,1.0216476109467463
ISR,45T47,1.0096382904362515,1.0149023454334347,1.0216476109467463
ISR,49,1.0075622968180258,1.0170718552388225,1.0216476109467463
ISR,50,0.9826149275316468,1.0232734189609376,1.0216476109467463
ISR,51,1.0279487128754954,1.0196624077020906,1.0216476109467463
ISR,52,0.9936467538459438,1.0168533740309018,1.0216476109467463
ISR,53,1.0148140175269118,1.0152952157556214,1.0216476109467463
ISR,55T56,1.0140837604548194,1.020084445424592,1.0216476109467463
ISR,58T60,1.006979028433815,1.0150710961985887,1.0216476109467463
ISR,61,1.014637369790354,1.0140818615480383,1.0216476109467463
ISR,62T63,0.9973853867576685,1.0135984897868406,1.0216476109467463
ISR,64T66,1.0081420937835042,1.014440680347513,1.0216476109467463
ISR,68,1.01941097831965,1.0136694568922073,1.0216476109467463
ISR,69T75,1.0126662669055626,1.0147037948736684,1.0216476109467463
ISR,77T82,1.0138126925268847,1.0135992515750594,1.0216476109467463
ISR,84,1.0208612440316365,1.0170719323929713,1.0216476109467463
ISR,85,1.0210728197568915,1.0144983274988315,1.0216476109467463
ISR,86T88,1.0210874883819845,1.0150186554338594,1.0216476109467463
ISR,90T93,1.0193438589517096,1.0139373850694233,1.0216476109467463
ISR,94T98,1.0169859304736866,1.0176874521489985,1.0216476109467463
ITA,01T02,1.0282191879387113,1.0221978578146698,1.0239288882547042
ITA,03,1.000125327296528,1.0212526982463177,1.0239288882547042
ITA,05T06,0.9555497191203287,1.0211494089400261,1.0239288882547042
ITA,07T08,1.007167874119995,1.0164559093434056,1.0239288882547042
ITA,10T12,1.0207542222378367,1.0270810870803473,1.0239288882547042
ITA,13T15,1.0088518426459294,1.0193445590670964,1.0239288882547042
ITA,16,1.0213909444549982,1.0233064759337762,1.0239288882547042
ITA,17T18,1.0123883812997874,1.021582699990363,1.0239288882547042
ITA,19,0.9968779480498426,1.0293114874784395,1.0239288882547042
ITA,20,1.017195437309636,1.0257035143713071,1.0239288882547042
ITA,21,1.008732814044429,1.021068511135714,1.0239288882547042
ITA,22,1.0229891185251538,1.0240480807066599,1.0239288882547042
ITA,23,1.0063060024926034,1.0278385949343287,1.0239288882547042
ITA,24,1.0538023944336699,1.032282540789506,1.0239288882547042
ITA,25,1.01519306747962,1.0232776136087347,1.0239288882547042
ITA,26,1.0120869316876664,1.0211962242486,1.0239288882547042
ITA,27,1.0130677841492088,1.0233969262960252,1.0239288882547042
ITA,28,1.0105741580667806,1.0216655015803848,1.0239288882547042
ITA,29T30,1.0121430712249144,1.0214152809692922,1.0239288882547042
ITA,31T33,1.022142197416693,1.0211816513143768,1.0239288882547042
ITA,35,0.9671493595054331,1.0376978047388972,1.0239288882547042
ITA,36T39,1.0205111329579042,1.0208467639525982,1.0239288882547042
ITA,41T43,1.021070500361768,1.0203653887767952,1.0239288882547042
ITA,45T47,1.0096635835537655,1.018407951712697,1.0239288882547042
ITA,49,1.00724664778519,1.0207582878560002,1.0239288882547042
ITA,50,0.9215477154711371,1.0210138591049267,1.0239288882547042
ITA,51,1.0055027759313173,1.0202535031906332,1.0239288882547042
ITA,52,1.00908754034808,1.0199450791646918,1.0239288882547042
ITA,53,1.0076010703425384,1.023901693857759,1.0239288882547042
ITA,55T56,1.0178063415172915,1.020251937290786,1.0239288882547042
ITA,58T60,1.0076394106234863,1.0179378059506858,1.0239288882547042
ITA,61,1.0122801946744082,1.0172968289076756,1.0239288882547042
ITA,62T63,1.0119318949622351,1.0167909479249888,1.0239288882547042
ITA,64T66,1.0124073510087999,1.016406180966749,1.0239288882547042
ITA,68,1.020450212079235,1.0160222734238378,1.0239288882547042
ITA,69T75,1.0129218565492424,1.0177060790859576,1.0239288882547042
ITA,77T82,1.01301315618772,1.0187615868347737,1.0239288882547042
ITA,84,1.0224195546562205,1.0177299951245902,1.0239288882547042
ITA,85,1.022164948515056,1.0167908290103242,1.0239288882547042
ITA,86T88,1.0228155904941068,1.018436627871345,1.0239288882547042
ITA,90T93,1.018538750848725,1.0183610708135702,1.0239288882547042
ITA,94T98,1.0213380351349677,1.0189453786173106,1.0239288882547042
JPN,01T02,1.041331637424715,1.0239109919127356,1.0234492606648242
JPN,03,1.0036163044223758,1.0197348717644719,1.0234492606648242
JPN,05T06,0.8904779706581903,1.0212312181671455,1.0234492606648242
JPN,07T08,0.9764432117962809,1.0223642941487852,1.0234492606648242
JPN,10T12,1.0242433510880182,1.0240442074468896,1.0234492606648242
JPN,13T15,1.006293202806358,1.0204460549563439,1.0234492606648242
JPN,16,1.025455929656387,1.0245093175101123,1.0234492606648242
JPN,17T18,1.0044917982757249,1.023460281827048,1.0234492606648242
JPN,19,0.9767274102875325,1.0342422964471951,1.0234492606648242
JPN,20,0.9972427351241399,1.0275613311975322,1.0234492606648242
JPN,21,1.0026114335104952,1.0213511006859752,1.0234492606648242
JPN,22,1.0270600104996574,1.0244058976239392,1.0234492606648242
JPN,23,0.9826921883990436,1.021232990323811,1.0234492606648242
JPN,24,1.0284608087841032,1.0289853189233795,1.0234492606648242
JPN,25,1.0212543778315948,1.0280288212141946,1.0234492606648242
JPN,26,1.0125809041496414,1.0213458128661215,1.0234492606648242
JPN,27,1.0188991116742068,1.0239695383195946,1.0234492606648242
JPN,28,1.015178313723072,1.0222280370999013,1.0234492606648242
JPN,29T30,1.0042494230137275,1.0236591726583297,1.0234492606648242
JPN,31T33,1.0176955238644871,1.0209817749397863,1.0234492606648242
JPN,35,0.9236657289440574,1.0394824125609408,1.0234492606648242
JPN,36T39,1.016170738296312,1.0167912240951287,1.0234492606648242
JPN,41T43,1.0219465536418684,1.0230581338263856,1.0234492606648242
JPN,45T47,1.0084769003287255,1.0183689789109445,1.0234492606648242
JPN,49,1.0129565725569183,1.0181365617994165,1.0234492606648242
JPN,50,0.9255858340996896,1.0365966801985753,1.0234492606648242
JPN,51,0.9770169214545016,1.0240567699929461,1.0234492606648242
JPN,52,1.0059901989982727,1.0175886998787085,1.0234492606648242
JPN,53,1.0089653258981899,1.017359160240997,1.0234492606648242
JPN,55T56,1.0173455147446517,1.0220177120187313,1.0234492606648242
JPN,58T60,1.0100146719107383,1.0178727088459905,1.0234492606648242
JPN,61,1.0192864417198726,1.0171490938910526,1.0234492606648242
JPN,62T63,1.0104413261224527,1.0163862991216976,1.0234492606648242
JPN,64T66,1.013685805469517,1.0161731546853048,1.0234492606648242
JPN,68,1.0204868736412342,1.0147225150608086,1.0234492606648242
JPN,69T75,1.009378782752101,1.01694305614055,1.0234492606648242
JPN,77T82,1.0064233831227039,1.0166696586966462,1.0234492606648242
JPN,84,1.0223182478865336,1.0169442211422224,1.0234492606648242
JPN,85,1.0214447733346712,1.0164220400160409,1.0234492606648242
JPN,86T88,1.02260455562304,1.0176707572181716,1.0234492606648242
JPN,90T93,1.0192850405182523,1.020042864283654,1.0234492606648242
JPN,94T98,1.0198297551460895,1.0186620006223903,1.0234492606648242
KAZ,01T02,0.9222888078204934,0.9876131648940488,0.9977726752572932
KAZ,03,0.9979974760461091,0.9681941984943598,0.9977726752572932
KAZ,05T06,0.9086758164500297,0.9832695659254499,0.9977726752572932
KAZ,07T08,0.8838184518829008,0.994222779633179,0.9977726752572932
KAZ,10T12,1.0024105748624854,1.0001231314448,0.9977726752572932
KAZ,13T15,1.0437161753015503,0.9948869117573829,0.9977726752572932
KAZ,16,0.9553320068932821,1.0067927732731106,0.9977726752572932
KAZ,17T18,1.020164731532636,0.9907210052550105,0.9977726752572932
KAZ,19,0.9220929129405468,0.9955461094104552,0.9977726752572932
KAZ,20,0.9162979209087494,0.9932399501911052,0.9977726752572932
KAZ,21,0.9488159181622864,0.9760869756580561,0.9977726752572932
KAZ,22,0.9799301003284235,0.9999179026443691,0.9977726752572932
KAZ,23,0.6897579535287183,1.0028308181172565,0.9977726752572932
KAZ,24,0.9804345723664122,0.9897542904318127,0.9977726752572932
KAZ,25,1.032311958835565,0.9970627048701558,0.9977726752572932
KAZ,26,1.0044201886558937,0.9875330007016904,0.9977726752572932
KAZ,27,1.0444325295868169,0.9920898117099264,0.9977726752572932
KAZ,28,1.0259590399976244,0.9926931152355758,0.9977726752572932
KAZ,29T30,1.058598339149298,0.9814320161437269,0.9977726752572932
KAZ,31T33,1.0022328117731294,0.9925504534396166,0.9977726752572932
KAZ,35,0.5146823064371412,1.0056560900688798,0.9977726752572932
KAZ,36T39,0.9732746409254026,1.0155716153394145,0.9977726752572932
KAZ,41T43,0.9871752225563901,1.008068341952725,0.9977726752572932
KAZ,45T47,0.9961701427648987,0.9756845408729538,0.9977726752572932
KAZ,49,0.973810158886202,0.9816297000521765,0.9977726752572932
KAZ,50,1.072090766306224,0.9919449420767085,0.9977726752572932
KAZ,51,1.0114094807358973,0.9793466613151915,0.9977726752572932
KAZ,52,1.0051443087565193,0.9786407755759219,0.9977726752572932
KAZ,53,1.0090620328631454,0.975193365256046,0.9977726752572932
KAZ,55T56,1.0221671837855841,0.9833930653565279,0.9977726752572932
KAZ,58T60,1.003052165136305,0.9951102801331223,0.9977726752572932
KAZ,61,0.9987743646133563,0.9828789336959642,0.9977726752572932
KAZ,62T63,0.9818593243176512,0.9871548249717467,0.9977726752572932
KAZ,64T66,0.9870396788118706,0.9728301234721035,0.9977726752572932
KAZ,68,0.9940554824320141,0.9770644326322337,0.9977726752572932
KAZ,69T75,0.9908895247632721,0.9854438897644249,0.9977726752572932
KAZ,77T82,0.9885887367544348,0.9822740157277274,0.9977726752572932
KAZ,84,0.9897116477965804,1.0045937876491715,0.9977726752572932
KAZ,85,0.9947039306343649,1.0024858918956754,0.9977726752572932
KAZ,86T88,0.9935281771379826,0.9985008354506255,0.9977726752572932
KAZ,90T93,0.9927934165937177,1.005971502097427,0.9977726752572932
KAZ,94T98,0.9938119190001186,1.0146511838755323,0.9977726752572932
KHM,01T02,0.6023994529501698,0.9945731272739737,1.0305453740255759
KHM,03,0.9864820538320963,0.9623311014288715,1.0305453740255759
KHM,05T06,1.0176588743099726,0.9761331136430434,1.0305453740255759
KHM,07T08,0.956690014955036,0.9812326509843496,1.0305453740255759
KHM,10T12,0.9361079859208451,1.0840289109186285,1.0305453740255759
KHM,13T15,1.1258636934580208,0.9935075010779748,1.0305453740255759
KHM,16,0.9880332795315689,1.0162303106463668,1.0305453740255759
KHM,17T18,1.011637643687039,1.0210504540226788,1.0305453740255759
KHM,19,0.46638481465003656,1.0018078162436856,1.0305453740255759
KHM,20,1.0233252593343816,1.0262228099580732,1.0305453740255759
KHM,21,1.0988513140058482,0.9894189650505112,1.0305453740255759
KHM,22,0.9424899922317737,1.0416770446802994,1.0305453740255759
KHM,23,0.43844188633058084,0.9930173722291684,1.0305453740255759
KHM,24,1.3340466651355762,0.9902899342681126,1.0305453740255759
KHM,25,1.138454981366472,0.9985749739030079,1.0305453740255759
KHM,26,1.0540948160219235,0.9914300254043983,1.0305453740255759
KHM,27,1.0877848544468174,0.9966602642860789,1.0305453740255759
KHM,28,1.0858729421708264,0.989601198482469,1.0305453740255759
KHM,29T30,1.0674057755553603,0.9942475871591958,1.0305453740255759
KHM,31T33,0.9770428128663015,0.997220909471627,1.0305453740255759
KHM,35,0.7789570647920583,1.0262957030881312,1.0305453740255759
KHM,36T39,1.0156778873742949,1.0133713250456209,1.0305453740255759
KHM,41T43,1.019452362424885,0.989713554910068,1.0305453740255759
KHM,45T47,1.0483152590304294,0.9914405816129243,1.0305453740255759
KHM,49,0.9990056619344259,0.9874922118218648,1.0305453740255759
KHM,50,1.0438563680402824,1.000082507541265,1.0305453740255759
KHM,51,0.8501513018316612,1.006621004837801,1.0305453740255759
KHM,52,1.0653620296955837,0.981655513572217,1.0305453740255759
KHM,53,1.0721303984016657,0.9835741915447929,1.0305453740255759
KHM,55T56,0.9968828615568527,1.0414584034373064,1.0305453740255759
KHM,58T60,1.0546014772880443,0.9916771564895088,1.0305453740255759
KHM,61,1.0340238180121186,0.9847479982733196,1.0305453740255759
KHM,62T63,1.0477643619924593,0.992037860266657,1.0305453740255759
KHM,64T66,1.070901068989444,0.9690168506357558,1.0305453740255759
KHM,68,1.0379945428731892,0.9846261233751515,1.0305453740255759
KHM,69T75,1.0469914450016693,0.9897865301877755,1.0305453740255759
KHM,77T82,1.0370697093944956,0.9901077785915748,1.0305453740255759
KHM,84,1.0251795552340264,0.9995312936853464,1.0305453740255759
KHM,85,1.0368099298574216,0.9767603613923734,1.0305453740255759
KHM,86T88,1.0330636374451956,0.98215262453545,1.0305453740255759
KHM,90T93,1.0423704187872793,0.9823981883560163,1.0305453740255759
KHM,94T98,1.0325652278743014,0.9790000248728102,1.0305453740255759
KOR,01T02,1.0398107041260083,1.0194388953470364,1.0280584268736666
KOR,03,0.9984644293249435,1.0213973122132136,1.0280584268736666
KOR,05T06,0.6230218041835132,1.0180390055119402,1.0280584268736666
KOR,07T08,0.9724961568210239,1.0220939266802982,1.0280584268736666
KOR,10T12,1.0228560229217099,1.028350450808718,1.0280584268736666
KOR,13T15,1.001085607229467,1.024006959647807,1.0280584268736666
KOR,16,1.0245309198799626,1.0280980642584645,1.0280584268736666
KOR,17T18,0.9982997479852509,1.0258624001163223,1.0280584268736666
KOR,19,0.9764995319706676,1.0262279412874318,1.0280584268736666
KOR,20,0.9979974464269428,1.0301858895724387,1.0280584268736666
KOR,21,1.0140580352239985,1.0228313570987062,1.0280584268736666
KOR,22,1.0095497583146154,1.0268152146676537,1.0280584268736666
KOR,23,0.9698150296909562,1.0368933136353347,1.0280584268736666
KOR,24,0.9692548939062531,1.0456827101420816,1.0280584268736666
KOR,25,1.0107177177744011,1.0308519824641904,1.0280584268736666
KOR,26,1.0077795943280226,1.0208373144539895,1.0280584268736666
KOR,27,1.0098460590447487,1.0274071080183236,1.0280584268736666
KOR,28,1.0110494268133698,1.0257108408207904,1.0280584268736666
KOR,29T30,1.0005468787842682,1.0266263578059898,1.0280584268736666
KOR,31T33,1.0155857475071728,1.0240219889492126,1.0280584268736666
KOR,35,0.866605574753738,1.0502122349368381,1.0280584268736666
KOR,36T39,1.0064721508901402,1.0223529292592106,1.0280584268736666
KOR,41T43,1.0260280139809494,1.0275519861479383,1.0280584268736666
KOR,45T47,0.9996781286656435,1.0179799881378542,1.0280584268736666
KOR,49,0.9881389555213618,1.0213981760228648,1.0280584268736666
KOR,50,0.9618660312052997,1.029824102264023,1.0280584268736666
KOR,51,0.9235234555060858,1.0204905128498998,1.0280584268736666
KOR,52,0.9879741787210792,1.0195885696108429,1.0280584268736666
KOR,53,0.9889802722373497,1.0200025816751865,1.0280584268736666
KOR,55T56,1.015416400248892,1.0231640934523685,1.0280584268736666
KOR,58T60,1.0092030739761557,1.0156659837427937,1.0280584268736666
KOR,61,1.0107875764223897,1.0178420471382728,1.0280584268736666
KOR,62T63,1.0099640574610613,1.0135443428310533,1.0280584268736666
KOR,64T66,1.0154495662667136,1.0128785077166005,1.0280584268736666
KOR,68,1.0236453507439152,1.0127697020682656,1.0280584268736666
KOR,69T75,1.0055713264589798,1.0208024323102007,1.0280584268736666
KOR,77T82,1.0046001205934911,1.0137733640190554,1.0280584268736666
KOR,84,1.0260380327504441,1.0135320992205405,1.0280584268736666
KOR,85,1.0252588136910825,1.0167098968730015,1.0280584268736666
KOR,86T88,1.0254767618811211,1.0187261612233978,1.0280584268736666
KOR,90T93,1.019393941689639,1.0204258788154354,1.0280584268736666
KOR,94T98,1.017974631148479,1.0202415490432142,1.0280584268736666
LAO,01T02,0.9360799417069301,0.9768566516800142,0.9747642354651915
LAO,03,0.9820201724620307,0.9743398182397287,0.9747642354651915
LAO,05T06,0.9534347440550361,0.97968160044858,0.9747642354651915
LAO,07T08,0.9870417866440971,0.9785989521379621,0.9747642354651915
LAO,10T12,1.0490185461407886,0.9795679429114281,0.9747642354651915
LAO,13T15,1.0927912550638579,0.9829617476813025,0.9747642354651915
LAO,16,1.0384890369977124,0.9783845316246211,0.9747642354651915
LAO,17T18,1.1623294532523087,0.9790165225892322,0.9747642354651915
LAO,19,1.1063197482723686,0.9875175602144378,0.9747642354651915
LAO,20,1.1372474742890994,0.9867567770778918,0.9747642354651915
LAO,21,1.0286954649375928,0.9795134095388799,0.9747642354651915
LAO,22,0.9696648265820131,0.9905915758184868,0.9747642354651915
LAO,23,1.0667912305837166,0.9834716327607977,0.9747642354651915
LAO,24,1.3250589668688284,0.9949728051027068,0.9747642354651915
LAO,25,1.132819699169055,0.9968159513283341,0.9747642354651915
LAO,26,1.0267880678758954,0.9951513198434281,0.9747642354651915
LAO,27,1.0822359717281935,0.9962673570079886,0.9747642354651915
LAO,28,1.062031772698599,0.9920422456145914,0.9747642354651915
LAO,29T30,1.054049864219461,0.9979435471702149,0.9747642354651915
LAO,31T33,0.9923616230437999,0.9798575512976618,0.9747642354651915
LAO,35,0.626304445443897,0.9806456726572644,0.9747642354651915
LAO,36T39,0.95537761034805,0.9817300523136546,0.9747642354651915
LAO,41T43,0.974802112759138,0.9915442391533091,0.9747642354651915
LAO,45T47,1.0069267926361691,0.9820459963893003,0.9747642354651915
LAO,49,1.0172255904122727,0.9910927798166072,0.9747642354651915
LAO,50,0.9366842049741144,1.0050346105979608,0.9747642354651915
LAO,51,1.011842846004321,0.988097019585728,0.9747642354651915
LAO,52,0.9904765818439549,1.00184753767861,0.9747642354651915
LAO,53,1.0037247498409503,0.9795716129123873,0.9747642354651915
LAO,55T56,1.0129481875641397,0.9813775183671399,0.9747642354651915
LAO,58T60,1.00371341153154,0.982368281490251,0.9747642354651915
LAO,61,0.9904215492528513,0.9795229028276962,0.9747642354651915
LAO,62T63,0.9995955167321009,0.9845891611229959,0.9747642354651915
LAO,64T66,0.9993259293552227,0.9778973872121016,0.9747642354651915
LAO,68,0.9874614742996277,0.9784259698989196,0.9747642354651915
LAO,69T75,1.0062563396471746,0.9834104655128915,0.9747642354651915
LAO,77T82,1.001266055851607,0.9867609505955163,0.9747642354651915
LAO,84,0.9749298157693344,0.9815748941618931,0.9747642354651915
LAO,85,0.9820478245887138,0.9786156693759628,0.9747642354651915
LAO,86T88,0.9856229110471054,0.9853651999863112,0.9747642354651915
LAO,90T93,0.9999562077900336,0.9802258362968603,0.9747642354651915
LAO,94T98,0.9906957498502664,0.9815127350839413,0.9747642354651915
LTU,01T02,0.8459733642784819,1.0222611161474753,1.0203427375130967
LTU,03,1.0087197464502091,1.0143220035587517,1.0203427375130967
LTU,05T06,0.8232914238278382,1.0154347739059195,1.0203427375130967
LTU,07T08,0.9993541277636533,1.0148259742275203,1.0203427375130967
LTU,10T12,1.0065016412689576,1.027844775354935,1.0203427375130967
LTU,13T15,1.026501995801927,1.0116700790245956,1.0203427375130967
LTU,16,1.0185634916671544,1.0251892240936322,1.0203427375130967
LTU,17T18,1.017480844853112,1.015317262249013,1.0203427375130967
LTU,19,1.005212016676313,1.0168462395352391,1.0203427375130967
LTU,20,0.8141076272242868,1.0309644313227209,1.0203427375130967
LTU,21,1.0165835804451415,1.011211369544998,1.0203427375130967
LTU,22,1.0167343302180987,1.0209754261827109,1.0203427375130967
LTU,23,0.963333194874493,1.014429703905532,1.0203427375130967
LTU,24,1.1723482315498202,1.0220366003600505,1.0203427375130967
LTU,25,1.0330070934331672,1.015590477402794,1.0203427375130967
LTU,26,1.020801494329001,1.0112238925588066,1.0203427375130967
LTU,27,1.0238440626482044,1.0167406700205328,1.0203427375130967
LTU,28,1.0147026663906373,1.0155097418823318,1.0203427375130967
LTU,29T30,1.0217162127878026,1.015222455856849,1.0203427375130967
LTU,31T33,1.031693365909763,1.0133089478702235,1.0203427375130967
LTU,35,1.0342713777237287,1.0130623348100325,1.0203427375130967
LTU,36T39,1.0142442337526087,1.011311206163879,1.0203427375130967
LTU,41T43,1.017171066377316,1.0126661342027667,1.0203427375130967
LTU,45T47,1.007744640454798,1.0074020318051244,1.0203427375130967
LTU,49,1.0011446383396592,1.0103383259037821,1.0203427375130967
LTU,50,0.9692392891183327,1.009772288161862,1.0203427375130967
LTU,51,1.0779216110084153,1.0139869667682733,1.0203427375130967
LTU,52,1.0004945673312344,1.0093275810757907,1.0203427375130967
LTU,53,1.0144724459118635,1.0082396463491332,1.0203427375130967
LTU,55T56,1.0153309344175987,1.009555157128437,1.0203427375130967
LTU,58T60,1.004375741883298,1.0110428052250784,1.0203427375130967
LTU,61,1.012593038105317,1.0072559158277472,1.0203427375130967
LTU,62T63,1.0104316186878768,1.0063716525366277,1.0203427375130967
LTU,64T66,1.0111000142416062,1.0056710351249352,1.0203427375130967
LTU,68,1.0111758870790615,1.0083107526892412,1.0203427375130967
LTU,69T75,1.0037711085707082,1.0069454448212687,1.0203427375130967
LTU,77T82,1.0084840170044325,1.0083213182969368,1.0203427375130967
LTU,84,1.0182481921302895,1.0065635525548473,1.0203427375130967
LTU,85,1.0189347112840652,1.0056374079105557,1.0203427375130967
LTU,86T88,1.0191720270149707,1.0070813282891624,1.0203427375130967
LTU,90T93,1.0164859336489704,1.0076688198069172,1.0203427375130967
LTU,94T98,1.015130537410412,1.0073179947076103,1.0203427375130967
LVA,01T02,0.8927200625954186,1.0319886086194614,1.0170494496949947
LVA,03,0.9879389726463198,1.012816472086964,1.0170494496949947
LVA,05T06,0.11263794715257286,1.0181027080440554,1.0170494496949947
LVA,07T08,0.9902989447994436,1.0137074342134111,1.0170494496949947
LVA,10T12,1.00374170638376,1.029121959059668,1.0170494496949947
LVA,13T15,1.0115383227633419,1.014832754832416,1.0170494496949947
LVA,16,0.9867149980907058,1.034070024680537,1.0170494496949947
LVA,17T18,1.0283030133066782,1.012710617486154,1.0170494496949947
LVA,19,0.367127076679288,1.0116420711750131,1.0170494496949947
LVA,20,1.0345498385005325,1.0250589518901723,1.0170494496949947
LVA,21,1.012630513329379,1.0100833466500347,1.0170494496949947
LVA,22,1.0267132437212207,1.0185082655544364,1.0170494496949947
LVA,23,0.9448584257884237,1.0158499904245917,1.0170494496949947
LVA,24,1.1852991139203979,1.0220387312229429,1.0170494496949947
LVA,25,1.019016390436432,1.0192072872610587,1.0170494496949947
LVA,26,1.0194376775589675,1.0110274296333077,1.0170494496949947
LVA,27,1.025609485701276,1.0132633216873417,1.0170494496949947
LVA,28,1.013152451439065,1.0145711016448868,1.0170494496949947
LVA,29T30,1.0067645812128787,1.0198788796223184,1.0170494496949947
LVA,31T33,1.0169730171873859,1.0156814661976359,1.0170494496949947
LVA,35,0.9948644563166207,1.0205838285280149,1.0170494496949947
LVA,36T39,1.0170570684905238,1.011286091034364,1.0170494496949947
LVA,41T43,1.0120511414633695,1.0164895118973578,1.0170494496949947
LVA,45T47,1.002801292932993,1.0079767565697555,1.0170494496949947
LVA,49,0.9790014963856694,1.011388668287128,1.0170494496949947
LVA,50,1.0393240699758675,1.011159563712273,1.0170494496949947
LVA,51,1.0109564204078172,1.0162167061498106,1.0170494496949947
LVA,52,1.0007406822674805,1.0092200697668539,1.0170494496949947
LVA,53,1.0130497760661976,1.0066515232677669,1.0170494496949947
LVA,55T56,1.0146811832260616,1.0107284600398816,1.0170494496949947
LVA,58T60,0.9996569609933184,1.0066345167167772,1.0170494496949947
LVA,61,1.0151475091377566,1.0054667752096846,1.0170494496949947
LVA,62T63,1.0093484332003813,1.0042078603050228,1.0170494496949947
LVA,64T66,1.0073172214207464,1.0042403617425564,1.0170494496949947
LVA,68,1.012254614999286,1.0061988597433673,1.0170494496949947
LVA,69T75,1.0067216566366821,1.0055223398491955,1.0170494496949947
LVA,77T82,1.0046346254932859,1.0102054274408119,1.0170494496949947
LVA,84,1.0154483330915516,1.0056922408084288,1.0170494496949947
LVA,85,1.0157687986948767,1.0069682439960048,1.0170494496949947
LVA,86T88,1.0159306238899504,1.0080005188840102,1.0170494496949947
LVA,90T93,1.0151637561712292,1.0092148106339547,1.0170494496949947
LVA,94T98,1.0152363848291126,1.0085470918488626,1.0170494496949947
MAR,01T02,1.0016892971001707,1.0176603047934014,1.0258416673520123
MAR,03,1.0138509240852696,1.0102503789846158,1.0258416673520123
MAR,05T06,0.9493306628094909,1.0153897815844615,1.0258416673520123
MAR,07T08,0.9634319581636311,1.0154821618672063,1.0258416673520123
MAR,10T12,1.013950623383015,1.030678414598408,1.0258416673520123
MAR,13T15,1.0107508518671913,1.0172857014455476,1.0258416673520123
MAR,16,1.0348979109103638,1.021861320657818,1.0258416673520123
MAR,17T18,0.9998134414626767,1.019531458974934,1.0258416673520123
MAR,19,0.9531182176717019,1.0380018913459381,1.0258416673520123
MAR,20,1.0167561420650981,1.0208232033073958,1.0258416673520123
MAR,21,1.0167331411364737,1.0157448668710576,1.0258416673520123
MAR,22,0.9979831704958206,1.0345999794631067,1.0258416673520123
MAR,23,0.8317315309270316,1.0382249475317042,1.0258416673520123
MAR,24,1.0726007848605847,1.0265458714856635,1.0258416673520123
MAR,25,1.0112439303000633,1.0260903101205083,1.0258416673520123
MAR,26,1.0081829527787711,1.0221126423793903,1.0258416673520123
MAR,27,1.020958152067296,1.0198844871123296,1.0258416673520123
MAR,28,1.0143967611031313,1.0217305204257492,1.0258416673520123
MAR,29T30,1.0111054379808069,1.0207607616893426,1.0258416673520123
MAR,31T33,1.0351764246429778,1.0158567766591442,1.0258416673520123
MAR,35,0.8292576850088518,1.01675543362444,1.0258416673520123
MAR,36T39,1.0065365521377656,1.012542830029238,1.0258416673520123
MAR,41T43,1.0208411846251146,1.0410865930267248,1.0258416673520123
MAR,45T47,1.0037960130866195,1.0129861406050278,1.0258416673520123
MAR,49,0.9722410467227067,1.0151445381678899,1.0258416673520123
MAR,50,0.971728904846934,1.0243559292843123,1.0258416673520123
MAR,51,0.8728301331144321,1.0228332498395079,1.0258416673520123
MAR,52,0.9953263269075072,1.0143887417113289,1.0258416673520123
MAR,53,1.0114477086817393,1.0111449201802454,1.0258416673520123
MAR,55T56,1.014833023899178,1.0167552052174105,1.0258416673520123
MAR,58T60,0.9802066150406552,1.024242827673893,1.0258416673520123
MAR,61,1.0146109650073316,1.0137313531436967,1.0258416673520123
MAR,62T63,1.0246835401537049,1.005342829203427,1.0258416673520123
MAR,64T66,1.0049385254573748,1.007156697910676,1.0258416673520123
MAR,68,1.020874222521014,1.0049514261494366,1.0258416673520123
MAR,69T75,1.0151440008424355,1.0056336284589555,1.0258416673520123
MAR,77T82,1.0117146526709468,1.0061732036696258,1.0258416673520123
MAR,84,1.021182389641984,1.0126986946749912,1.0258416673520123
MAR,85,1.0239903128790353,1.009117274941205,1.0258416673520123
MAR,86T88,1.0234959950311846,1.0109526113756697,1.0258416673520123
MAR,90T93,1.0116474893513456,1.0151264789899697,1.0258416673520123
MAR,94T98,1.0190793292617786,1.009698590086141,1.0258416673520123
MEX,01T02,0.9195226747152073,1.0128068543043476,1.0142133024567117
MEX,03,1.0001133912118298,1.012138193123883,1.0142133024567117
MEX,05T06,0.9053582227252295,1.0093558668205378,1.0142133024567117
MEX,07T08,0.9885060662222639,1.011868399933176,1.0142133024567117
MEX,10T12,1.0121188731235033,1.0286782309106035,1.0142133024567117
MEX,13T15,1.0150346057981936,1.0163608915474838,1.0142133024567117
MEX,16,0.9859979402091842,1.029856824738793,1.0142133024567117
MEX,17T18,0.9999956710640955,1.0183852344257447,1.0142133024567117
MEX,19,0.953008229167991,1.034258955822546,1.0142133024567117
MEX,20,0.8197759221685844,1.0295302617497495,1.0142133024567117
MEX,21,0.9948103078922446,1.0210290699316162,1.0142133024567117
MEX,22,0.9586279287998051,1.0301818275473842,1.0142133024567117
MEX,23,0.8467612501368655,1.0406989677626837,1.0142133024567117
MEX,24,1.0378484989716006,1.0201062984752323,1.0142133024567117
MEX,25,1.0112981147952613,1.0237517562435254,1.0142133024567117
MEX,26,1.0152338139355541,1.014752641806966,1.0142133024567117
MEX,27,1.0176350720156306,1.0208857666688156,1.0142133024567117
MEX,28,1.0189844384114892,1.014269227356611,1.0142133024567117
MEX,29T30,1.0149421944937338,1.0165559386482748,1.0142133024567117
MEX,31T33,0.9753442717505821,1.0173173278792407,1.0142133024567117
MEX,35,0.8531290547239211,1.0095987314174961,1.0142133024567117
MEX,36T39,1.0002105923617852,1.0295041118316668,1.0142133024567117
MEX,41T43,1.0123539873292409,1.0124233130574094,1.0142133024567117
MEX,45T47,1.0085360644391976,1.0020206340279365,1.0142133024567117
MEX,49,0.9865999568260657,1.0080011285112862,1.0142133024567117
MEX,50,0.9321648901056505,1.003089401126422,1.0142133024567117
MEX,51,1.0003381646823974,1.0161361361806291,1.0142133024567117
MEX,52,1.0041707514380498,1.0054417931609452,1.0142133024567117
MEX,53,0.9974026136288467,1.0082795061522987,1.0142133024567117
MEX,55T56,1.0190480778165893,1.0068460089859772,1.0142133024567117
MEX,58T60,1.0137358837072301,1.006510271657723,1.0142133024567117
MEX,61,1.012193539480351,1.0024814156724988,1.0142133024567117
MEX,62T63,1.012588886142967,1.0041872011445598,1.0142133024567117
MEX,64T66,1.014265888743984,0.999848897760698,1.0142133024567117
MEX,68,1.0127559783975366,0.9986056156717031,1.0142133024567117
MEX,69T75,1.0018003471040062,1.002460354360077,1.0142133024567117
MEX,77T82,0.9998939424226472,1.0017619510381475,1.0142133024567117
MEX,84,1.0124348336228768,1.0059616819727029,1.0142133024567117
MEX,85,1.0143333217793171,1.0014106657062913,1.0142133024567117
MEX,86T88,1.0135169221345086,1.0066142745056457,1.0142133024567117
MEX,90T93,1.0148587427774263,1.0045622194271164,1.0142133024567117
MEX,94T98,1.0124603031615447,1.001802055047031,1.0142133024567117
MLT,01T02,1.0418399885048033,1.0161578606857697,1.0245096034109304
MLT,03,1.0100900523277,1.029454283513221,1.0245096034109304
MLT,05T06,0.9681596148046032,1.0227221677960388,1.0245096034109304
MLT,07T08,1.0185713222824615,1.0173215297048988,1.0245096034109304
MLT,10T12,1.0225264342436087,1.0225896341440373,1.0245096034109304
MLT,13T15,0.9889999134733344,1.0244925608375421,1.0245096034109304
MLT,16,1.02028347549925,1.0193880159843969,1.0245096034109304
MLT,17T18,1.0354440777376719,1.019955190492938,1.0245096034109304
MLT,19,1.0007571065638625,1.0266667643380085,1.0245096034109304
MLT,20,1.0447253461327821,1.0236549432814464,1.0245096034109304
MLT,21,0.9971189543234454,1.0250511203509691,1.0245096034109304
MLT,22,1.0277456021303832,1.0196331418821958,1.0245096034109304
MLT,23,1.0521086907994863,1.0242115512021308,1.0245096034109304
MLT,24,1.1496138408918843,1.0205688234237966,1.0245096034109304
MLT,25,0.9981786272874152,1.0248953434968024,1.0245096034109304
MLT,26,1.004115049432809,1.0249224653219613,1.0245096034109304
MLT,27,1.014551556887059,1.0221434262859284,1.0245096034109304
MLT,28,1.0085479779925997,1.023157736671443,1.0245096034109304
MLT,29T30,1.0159895510427386,1.01708224345039,1.0245096034109304
MLT,31T33,1.0162039423714035,1.0188148430259252,1.0245096034109304
MLT,35,0.9491334747161456,1.0489616194633133,1.0245096034109304
MLT,36T39,1.0159785826398615,1.0226309642931943,1.0245096034109304
MLT,41T43,1.0174905056921626,1.019643475119143,1.0245096034109304
MLT,45T47,1.0074995395399908,1.017802535984267,1.0245096034109304
MLT,49,1.0062548877320743,1.0174483982712517,1.0245096034109304
MLT,50,0.6592098562893317,1.0182308184972073,1.0245096034109304
MLT,51,1.0130558154987308,1.021051550423191,1.0245096034109304
MLT,52,0.9847091555413378,1.0174800299887596,1.0245096034109304
MLT,53,0.9990049047083499,1.0314675899901051,1.0245096034109304
MLT,55T56,1.0124734215194127,1.0187836219577062,1.0245096034109304
MLT,58T60,1.0050627828930074,1.0128882848839476,1.0245096034109304
MLT,61,1.0082458700158512,1.0117720304414333,1.0245096034109304
MLT,62T63,0.9991886093761988,1.0144238620438677,1.0245096034109304
MLT,64T66,1.00077630163106,1.0159865050496817,1.0245096034109304
MLT,68,1.015282896874886,1.0129128760496497,1.0245096034109304
MLT,69T75,1.0010200990559366,1.0141591733173057,1.0245096034109304
MLT,77T82,0.9987113618328756,1.01671242632997,1.0245096034109304
MLT,84,1.021121460733607,1.012260270640894,1.0245096034109304
MLT,85,1.0210324889771762,1.0101938856727524,1.0245096034109304
MLT,86T88,1.022542442544306,1.0144567678626302,1.0245096034109304
MLT,90T93,1.0106528533516648,1.0106697340176614,1.0245096034109304
MLT,94T98,1.016720760945018,1.0144000527353183,1.0245096034109304
MMR,01T02,0.7426857759415462,1.0424869328769932,1.0118772571828019
MMR,03,1.004485256422317,0.934352744093462,1.0118772571828019
MMR,05T06,0.8804237929223795,0.9759935591736647,1.0118772571828019
MMR,07T08,1.0446369034237188,0.982692129865099,1.0118772571828019
MMR,10T12,0.9214418775464067,1.0726719120616692,1.0118772571828019
MMR,13T15,1.071949253419666,0.9967700992787312,1.0118772571828019
MMR,16,0.959826277246561,1.0306489092840407,1.0118772571828019
MMR,17T18,1.0462022261013246,0.9923829400203458,1.0118772571828019
MMR,19,0.971653858521197,1.0025326813235766,1.0118772571828019
MMR,20,0.9989974953836759,1.0234491493862465,1.0118772571828019
MMR,21,0.9983854135487037,1.013804580500806,1.0118772571828019
MMR,22,1.0297147690457842,1.0183189530035528,1.0118772571828019
MMR,23,0.9709542711874863,0.9888106437803862,1.0118772571828019
MMR,24,1.3360907043968215,0.994111088236064,1.0118772571828019
MMR,25,1.0744548352557353,0.9862461984049546,1.0118772571828019
MMR,26,1.0322404047281013,0.9794739652863146,1.0118772571828019
MMR,27,1.0663283313586491,0.9863660445019219,1.0118772571828019
MMR,28,1.062783921112681,0.9815222169298403,1.0118772571828019
MMR,29T30,1.07409971020238,0.9801358375682354,1.0118772571828019
MMR,31T33,1.041702382274064,0.9874755142476601,1.0118772571828019
MMR,35,0.6803047715793857,1.0188316137207334,1.0118772571828019
MMR,36T39,1.0131392555951144,0.9814056411226155,1.0118772571828019
MMR,41T43,0.9849424729461307,0.9921345597331064,1.0118772571828019
MMR,45T47,0.9807935875463125,0.9912249514253367,1.0118772571828019
MMR,49,0.968469954422168,0.971851538453545,1.0118772571828019
MMR,50,1.007423184439843,0.9955059609729939,1.0118772571828019
MMR,51,1.0424386903557687,0.9812692420952328,1.0118772571828019
MMR,52,1.0016995160385922,0.9785056536625213,1.0118772571828019
MMR,53,1.0231119728222742,0.959112394555674,1.0118772571828019
MMR,55T56,1.0187702331711979,1.0010676891454042,1.0118772571828019
MMR,58T60,1.0800409741711932,0.9722999526607546,1.0118772571828019
MMR,61,1.0263848401800937,0.950812907716502,1.0118772571828019
MMR,62T63,1.1257914327157477,0.9590358645653394,1.0118772571828019
MMR,64T66,1.0072717944686473,0.9477538338252013,1.0118772571828019
MMR,68,1.0210316134396036,0.9534045102699765,1.0118772571828019
MMR,69T75,1.085771274578671,0.9654964948460308,1.0118772571828019
MMR,77T82,1.0278836994689537,0.9727949011863686,1.0118772571828019
MMR,84,1.0095712176560532,0.976207635289515,1.0118772571828019
MMR,85,1.0113939191180397,0.978529868426329,1.0118772571828019
MMR,86T88,1.010799659917127,0.9837105388776128,1.0118772571828019
MMR,90T93,1.0109529168166782,1.0033533467462936,1.0118772571828019
MMR,94T98,1.010435431849548,0.9954959093034307,1.0118772571828019
NLD,01T02,1.045813594396864,1.0248790061322308,1.022376608127681
NLD,03,0.9620400367743538,1.0160159293228654,1.022376608127681
NLD,05T06,0.964369738113992,1.0222255618407765,1.022376608127681
NLD,07T08,1.002068976109725,1.0271606397177406,1.022376608127681
NLD,10T12,1.012930008504553,1.0286259923210064,1.022376608127681
NLD,13T15,0.994540836575005,1.0222316712192236,1.022376608127681
NLD,16,1.0400574395358746,1.0198293669266196,1.022376608127681
NLD,17T18,1.0163705273195165,1.018410349675566,1.022376608127681
NLD,19,0.9893120744546644,1.0279294575100246,1.022376608127681
NLD,20,0.9735786020677718,1.0253408724343076,1.022376608127681
NLD,21,0.999966166327466,1.015883104061517,1.022376608127681
NLD,22,1.0268582709527534,1.022598647345661,1.022376608127681
NLD,23,1.0454438456334174,1.0214815204787724,1.022376608127681
NLD,24,0.984027643596164,1.0292356099622135,1.022376608127681
NLD,25,1.0206327563775732,1.0223471692563697,1.022376608127681
NLD,26,1.0183645399463765,1.015244227430434,1.022376608127681
NLD,27,1.0242394513343853,1.0177724373687742,1.022376608127681
NLD,28,1.0194721661798758,1.0173839762139654,1.022376608127681
NLD,29T30,1.0181060178093837,1.0180254796881172,1.022376608127681
NLD,31T33,1.0192513173787021,1.0170146801671944,1.022376608127681
NLD,35,0.9043148203744183,1.0253203902780506,1.022376608127681
NLD,36T39,1.0153523900065284,1.0161162135707742,1.022376608127681
NLD,41T43,1.0178723174991018,1.01869476732153,1.022376608127681
NLD,45T47,1.010644726203776,1.0140537837092518,1.022376608127681
NLD,49,1.0086654355364102,1.0168950674875998,1.022376608127681
NLD,50,0.9470500882258084,1.0252516530356792,1.022376608127681
NLD,51,0.9859095459335055,1.0186175732355278,1.022376608127681
NLD,52,1.005661796201182,1.0150235453232992,1.022376608127681
NLD,53,1.013145951429295,1.0137471337493136,1.022376608127681
NLD,55T56,1.0169455542291228,1.017368026624368,1.022376608127681
NLD,58T60,1.0055813362805024,1.0139253906962946,1.022376608127681
NLD,61,1.0105130425647315,1.0141045610109904,1.022376608127681
NLD,62T63,1.005856870959141,1.0128629114116046,1.022376608127681
NLD,64T66,1.013262019598446,1.012425977087668,1.022376608127681
NLD,68,1.0194326462947343,1.0136738576985487,1.022376608127681
NLD,69T75,1.0059777070476028,1.013432072213768,1.022376608127681
NLD,77T82,1.006434850462105,1.0134933057088562,1.022376608127681
NLD,84,1.020412320183792,1.0136001349051436,1.022376608127681
NLD,85,1.020364634003771,1.0131017911146114,1.022376608127681
NLD,86T88,1.0216217955757523,1.0137033455662714,1.022376608127681
NLD,90T93,1.0163322315384908,1.0162464944324772,1.022376608127681
NLD,94T98,1.0184289118156566,1.0152889366287798,1.022376608127681
NOR,01T02,0.9966501373896103,1.0179968507500143,1.0140358843798951
NOR,03,1.0142207479601857,1.0130317228186994,1.0140358843798951
NOR,05T06,0.985778855834947,1.0094434387269127,1.0140358843798951
NOR,07T08,1.0116614940848545,1.0159805900374483,1.0140358843798951
NOR,10T12,1.0174945202661259,1.0243007628078311,1.0140358843798951
NOR,13T15,1.024464458381838,1.0140505005968998,1.0140358843798951
NOR,16,1.035085318184336,1.0207304569280748,1.0140358843798951
NOR,17T18,1.0150787140626294,1.0185249996661772,1.0140358843798951
NOR,19,0.9811841858558232,1.023473285342373,1.0140358843798951
NOR,20,0.9578281719858961,1.0185906262859168,1.0140358843798951
NOR,21,0.9851623472800709,1.0137109306983085,1.0140358843798951
NOR,22,1.0320312965931673,1.019435678599581,1.0140358843798951
NOR,23,1.0140067582988859,1.0209053161060584,1.0140358843798951
NOR,24,0.9955252976761398,1.0288338243193202,1.0140358843798951
NOR,25,1.0163097872405455,1.0213026039651372,1.0140358843798951
NOR,26,1.016099769788409,1.012795655207317,1.0140358843798951
NOR,27,1.0181008959782112,1.0188048038257074,1.0140358843798951
NOR,28,1.0131957886934584,1.016406090057849,1.0140358843798951
NOR,29T30,1.0093054418311531,1.0174260017318746,1.0140358843798951
NOR,31T33,1.0164963269788958,1.0148252624822416,1.0140358843798951
NOR,35,1.027250602137656,1.0082641016805907,1.0140358843798951
NOR,36T39,1.0093754929071599,1.012637929765056,1.0140358843798951
NOR,41T43,1.012820893382773,1.0139502721893086,1.0140358843798951
NOR,45T47,1.0088266270848323,1.0117076847145714,1.0140358843798951
NOR,49,1.0130389665162243,1.015526577098425,1.0140358843798951
NOR,50,0.9544906842982911,1.0264653605994971,1.0140358843798951
NOR,51,0.9653014880383317,1.017557088637048,1.0140358843798951
NOR,52,1.006274259516312,1.0142399210570245,1.0140358843798951
NOR,53,1.0115495138211243,1.0118484157635266,1.0140358843798951
NOR,55T56,1.0145813507124442,1.0126372095531526,1.0140358843798951
NOR,58T60,1.0085917023946351,1.011997792967423,1.0140358843798951
NOR,61,1.0102301672331593,1.0088718900349387,1.0140358843798951
NOR,62T63,1.0100221933347662,1.0093217056557047,1.0140358843798951
NOR,64T66,1.0089046399499415,1.0074168067139921,1.0140358843798951
NOR,68,1.0132939212018484,1.0086408296550429,1.0140358843798951
NOR,69T75,1.0067582579326944,1.0096302294890067,1.0140358843798951
NOR,77T82,1.0061280089438749,1.012380758170341,1.0140358843798951
NOR,84,1.0129756663742069,1.0106336527941269,1.0140358843798951
NOR,85,1.0139091803268663,1.0076455530747497,1.0140358843798951
NOR,86T88,1.0137997235840266,1.0081155745595487,1.0140358843798951
NOR,90T93,1.0132190455892742,1.0109848780810375,1.0140358843798951
NOR,94T98,1.0128013354147634,1.0101017328476398,1.0140358843798951
NZL,01T02,0.8745871525251426,1.0220324065646043,1.0111931011329687
NZL,03,0.984249837057784,1.008289357801071,1.0111931011329687
NZL,05T06,0.9388051954074527,1.0136653421306001,1.0111931011329687
NZL,07T08,1.0032063297630687,0.9984295117784183,1.0111931011329687
NZL,10T12,0.9780095682317185,1.0430048584587408,1.0111931011329687
NZL,13T15,1.0116368044431239,1.0171393194310252,1.0111931011329687
NZL,16,1.008526647802657,1.0234246108187126,1.0111931011329687
NZL,17T18,1.0034037216704965,1.0156863176944322,1.0111931011329687
NZL,19,0.9958413502773674,1.0247034488408115,1.0111931011329687
NZL,20,0.9250643476675027,1.0181574070349193,1.0111931011329687
NZL,21,0.9553370737056237,1.0133021045636386,1.0111931011329687
NZL,22,1.0046001340190962,1.0123799301153888,1.0111931011329687
NZL,23,1.0264851676108948,1.009262525304854,1.0111931011329687
NZL,24,0.9875410650418912,1.0132406803003153,1.0111931011329687
NZL,25,1.0198076623264132,1.0154678510661825,1.0111931011329687
NZL,26,1.0177077836307926,1.00835827883274,1.0111931011329687
NZL,27,1.0379446353977475,1.0084155049938053,1.0111931011329687
NZL,28,1.0163266913420428,1.0132667297531042,1.0111931011329687
NZL,29T30,1.0331683860561758,1.0073632486162907,1.0111931011329687
NZL,31T33,1.032773347702446,1.0073003163580978,1.0111931011329687
NZL,35,0.984051942838451,1.0110319391689766,1.0111931011329687
NZL,36T39,0.997994002473295,1.0011109901639954,1.0111931011329687
NZL,41T43,1.005285009292089,1.0083868732085097,1.0111931011329687
NZL,45T47,1.00376777071306,1.002342690291966,1.0111931011329687
NZL,49,0.9900357616384269,1.00627006324641,1.0111931011329687
NZL,50,0.9618824449070905,1.0071651400683936,1.0111931011329687
NZL,51,0.975477554462808,1.007001805392882,1.0111931011329687
NZL,52,1.0002854640478347,1.0005780760860694,1.0111931011329687
NZL,53,1.004861926727423,1.0044403761607517,1.0111931011329687
NZL,55T56,1.0166058085725425,1.0073948273755446,1.0111931011329687
NZL,58T60,1.0118799828708878,1.0024297111584197,1.0111931011329687
NZL,61,1.012319361750481,1.0011754562958326,1.0111931011329687
NZL,62T63,1.0120517254257657,0.9991780578336931,1.0111931011329687
NZL,64T66,1.0027604861179074,0.998521952586435,1.0111931011329687
NZL,68,1.0080287265739016,0.9994114960886286,1.0111931011329687
NZL,69T75,1.0012899931035177,1.001009741710218,1.0111931011329687
NZL,77T82,0.9974794860563472,1.0016477317466568,1.0111931011329687
NZL,84,1.009623754574822,1.0013526905107126,1.0111931011329687
NZL,85,1.0102139201038591,0.9993270833187199,1.0111931011329687
NZL,86T88,1.0108844951474436,1.0017682850439853,1.0111931011329687
NZL,90T93,1.0100143352858675,1.0029571070059342,1.0111931011329687
NZL,94T98,1.0058130477644018,1.0007255752316024,1.0111931011329687
PER,01T02,0.7117355672404604,1.0207375099000515,1.0281265532042145
PER,03,1.0078840962098636,1.010358493763101,1.0281265532042145
PER,05T06,0.9720599408422831,1.0115230589445734,1.0281265532042145
PER,07T08,1.041955660295488,1.00807075833536,1.0281265532042145
PER,10T12,1.0048044832098812,1.069218784946848,1.0281265532042145
PER,13T15,1.0124330929994991,1.0236926192021025,1.0281265532042145
PER,16,0.9807454278091627,1.041141686798156,1.0281265532042145
PER,17T18,1.0269795114692906,1.0097440734168683,1.0281265532042145
PER,19,1.0210084580544374,1.0292029492764463,1.0281265532042145
PER,20,1.0441011127704434,1.0151459694929557,1.0281265532042145
PER,21,1.0343716536489622,1.0111798243019325,1.0281265532042145
PER,22,0.9657707176013356,1.0181990927329032,1.0281265532042145
PER,23,1.0257937604056633,1.0190147582879965,1.0281265532042145
PER,24,1.2140015672864541,1.0184978189188905,1.0281265532042145
PER,25,1.0386650340418164,1.0124845133904101,1.0281265532042145
PER,26,1.0312053946426802,1.0106169574063497,1.0281265532042145
PER,27,1.0399240213389407,1.0117517734518224,1.0281265532042145
PER,28,1.0331934968975094,1.010979148818787,1.0281265532042145
PER,29T30,1.0394225785834441,1.00883964971033,1.0281265532042145
PER,31T33,0.9507168492722102,1.0229444308738587,1.0281265532042145
PER,35,0.9700888995078154,1.013506324336781,1.0281265532042145
PER,36T39,1.0355529492163935,1.0081380545622323,1.0281265532042145
PER,41T43,1.0261212316090214,1.0148539076502758,1.0281265532042145
PER,45T47,1.0165650743543362,1.0049735478026833,1.0281265532042145
PER,49,1.011485083059217,1.0104611101256398,1.0281265532042145
PER,50,0.9517513937883604,1.0111729925136543,1.0281265532042145
PER,51,1.030353986360056,1.0161690102053718,1.0281265532042145
PER,52,1.0123270519663012,1.0095746689646958,1.0281265532042145
PER,53,1.0157182506508176,1.0084477629615765,1.0281265532042145
PER,55T56,1.0219248354612036,1.024808161723117,1.0281265532042145
PER,58T60,1.0297376373188385,1.0052420791006118,1.0281265532042145
PER,61,1.0280768182901767,1.005532039203444,1.0281265532042145
PER,62T63,1.0294016029153827,1.0035407345469312,1.0281265532042145
PER,64T66,1.0330665454746994,1.0031439854034734,1.0281265532042145
PER,68,1.0259157988763872,1.0025635349699498,1.0281265532042145
PER,69T75,1.0256211040756125,1.005100409716253,1.0281265532042145
PER,77T82,1.0331451933638447,1.0040747052630181,1.0281265532042145
PER,84,1.024459855627491,1.0075264688592287,1.0281265532042145
PER,85,1.027589741176754,1.002657090786431,1.0281265532042145
PER,86T88,1.026782469430268,1.0045567454486002,1.0281265532042145
PER,90T93,1.024932863231293,1.011917703396039,1.0281265532042145
PER,94T98,1.027545628326845,1.0041901558253072,1.0281265532042145
PHL,01T02,0.9681306628097457,1.012073158039261,1.0217123207525454
PHL,03,1.0150021459877696,1.007674411439385,1.0217123207525454
PHL,05T06,0.8489629687515925,1.0079076798877147,1.0217123207525454
PHL,07T08,0.9609845744687457,1.0083745925964613,1.0217123207525454
PHL,10T12,1.020155887661688,1.0254645295880516,1.0217123207525454
PHL,13T15,1.0254160703863293,1.015040628601618,1.0217123207525454
PHL,16,1.0100526382281263,1.0246572672560328,1.0217123207525454
PHL,17T18,0.9314198682811322,1.0280203247348594,1.0217123207525454
PHL,19,0.99113539415975,1.0248602518979733,1.0217123207525454
PHL,20,1.0378300497525967,1.0195591450339527,1.0217123207525454
PHL,21,1.0059052927098056,1.0213792285892944,1.0217123207525454
PHL,22,1.0370055499092528,1.0231224175488023,1.0217123207525454
PHL,23,0.8549991847914303,1.0259383201332912,1.0217123207525454
PHL,24,1.0974397000880765,1.031974875991915,1.0217123207525454
PHL,25,1.022019185895003,1.0322430055047829,1.0217123207525454
PHL,26,1.01204698223917,1.0191343160710253,1.0217123207525454
PHL,27,1.028909793980046,1.0180039962355154,1.0217123207525454
PHL,28,1.0165866864657969,1.0202386016039944,1.0217123207525454
PHL,29T30,1.012316363471435,1.0206689798605308,1.0217123207525454
PHL,31T33,1.022175454565162,1.0199255288811044,1.0217123207525454
PHL,35,0.8877523335982984,1.020565191504834,1.0217123207525454
PHL,36T39,1.014120942616613,1.0157891370422696,1.0217123207525454
PHL,41T43,1.0159847218082538,1.028850242533236,1.0217123207525454
PHL,45T47,1.006630282179237,1.0133710448281006,1.0217123207525454
PHL,49,0.9909236310026385,1.0171415862308566,1.0217123207525454
PHL,50,0.8832508466027812,1.0131200671258578,1.0217123207525454
PHL,51,0.9445409867120056,1.0159033039453824,1.0217123207525454
PHL,52,1.0016081013606775,1.013197719502552,1.0217123207525454
PHL,53,1.0148923847112217,1.0111551097292877,1.0217123207525454
PHL,55T56,1.014213027904348,1.0206973390625036,1.0217123207525454
PHL,58T60,0.9873187446785221,1.0198525116252444,1.0217123207525454
PHL,61,1.0156690389485872,1.010076158533064,1.0217123207525454
PHL,62T63,0.9942652519970393,1.0123938593936654,1.0217123207525454
PHL,64T66,1.0067387571924777,1.0062484394494047,1.0217123207525454
PHL,68,1.0179218564931314,1.007911188913436,1.0217123207525454
PHL,69T75,1.0042285287360926,1.0104488667060056,1.0217123207525454
PHL,77T82,1.0064025398083984,1.0107701561151357,1.0217123207525454
PHL,84,1.0196226164093007,1.006982202981945,1.0217123207525454
PHL,85,1.0166810814276972,1.0070768864656943,1.0217123207525454
PHL,86T88,1.0167980595466648,1.014843661347654,1.0217123207525454
PHL,90T93,1.013473463350822,1.0144594223978332,1.0217123207525454
PHL,94T98,1.0177891374401622,1.012878462630569,1.0217123207525454
POL,01T02,0.9314804822349868,1.0271344988422237,1.023473752710775
POL,03,1.0014686585304968,1.013974306113929,1.023473752710775
POL,05T06,0.7880906050277587,1.01411946908298,1.023473752710775
POL,07T08,0.9594438318445164,1.0244386697684196,1.023473752710775
POL,10T12,1.0034236119477797,1.0311076334174936,1.023473752710775
POL,13T15,1.0200267156393885,1.0150409889230851,1.023473752710775
POL,16,1.0004615961589713,1.0265922843205253,1.023473752710775
POL,17T18,1.0077734262466191,1.0191845882317547,1.023473752710775
POL,19,0.9673325282400427,1.0254115396208405,1.023473752710775
POL,20,0.9274406433685137,1.0266760915944901,1.023473752710775
POL,21,1.000325626972952,1.0079969487626317,1.023473752710775
POL,22,1.018001553760383,1.0227941491604942,1.023473752710775
POL,23,0.9488866488296511,1.029080309349941,1.023473752710775
POL,24,0.9592384509456573,1.0397156256221942,1.023473752710775
POL,25,1.0147438100795059,1.0222427881740503,1.023473752710775
POL,26,1.014757301860423,1.0171680175668723,1.023473752710775
POL,27,1.01614298560466,1.0212246982033706,1.023473752710775
POL,28,1.0116585711602437,1.019462784807248,1.023473752710775
POL,29T30,1.016516584471408,1.0178008571235764,1.023473752710775
POL,31T33,1.0248602190023708,1.016028017980903,1.023473752710775
POL,35,0.8338119623706278,1.0256835129676316,1.023473752710775
POL,36T39,1.0039297584696645,1.0168966430278916,1.023473752710775
POL,41T43,1.0092779376243328,1.0167052926907767,1.023473752710775
POL,45T47,1.0089607472091828,1.0092505562085026,1.023473752710775
POL,49,0.9817116980987468,1.0144645002636055,1.023473752710775
POL,50,1.0324331581848045,1.0129729525544457,1.023473752710775
POL,51,1.0300277215154787,1.0139478599149072,1.023473752710775
POL,52,1.0031053178409948,1.014400950329589,1.023473752710775
POL,53,1.014371037975397,1.0111946726448866,1.023473752710775
POL,55T56,1.0168872414097678,1.01596814846894,1.023473752710775
POL,58T60,1.0201581116483287,1.0086140662135756,1.023473752710775
POL,61,1.0171938300458725,1.008984197733156,1.023473752710775
POL,62T63,1.0178477074564414,1.0054006298390636,1.023473752710775
POL,64T66,1.0124427237010003,1.006368159681188,1.023473752710775
POL,68,1.0139121284046855,1.0289256412064725,1.023473752710775
POL,69T75,1.0135361352232855,1.0068180794983694,1.023473752710775
POL,77T82,1.0079784900443047,1.0113899550916305,1.023473752710775
POL,84,1.0214456424918303,1.005826893096076,1.023473752710775
POL,85,1.0219180207778773,1.0074511587997272,1.023473752710775
POL,86T88,1.021868533067603,1.0102847193004896,1.023473752710775
POL,90T93,1.019569759834609,1.015152482033104,1.023473752710775
POL,94T98,1.0175108326080846,1.009604910352797,1.023473752710775
PRT,01T02,1.0112675409701886,1.0235786037302823,1.021226309554991
PRT,03,0.9958101300462155,1.0162153274438661,1.021226309554991
PRT,05T06,0.595979183078743,1.025519437542801,1.021226309554991
PRT,07T08,0.9881821194690313,1.0221402195746552,1.021226309554991
PRT,10T12,1.0102684230978314,1.0310395141134974,1.021226309554991
PRT,13T15,1.0120679220156101,1.0168568885744478,1.021226309554991
PRT,16,1.002049922412819,1.0275348536988216,1.021226309554991
PRT,17T18,0.9899432471133545,1.0263477344637884,1.021226309554991
PRT,19,0.9827910019027538,1.0337820673338396,1.021226309554991
PRT,20,0.9844696524506708,1.0284439443889295,1.021226309554991
PRT,21,1.0060700961927833,1.018368992220938,1.021226309554991
PRT,22,1.0170436492150108,1.0239802638539568,1.021226309554991
PRT,23,0.9471640174913847,1.027285396796759,1.021226309554991
PRT,24,1.066613875459165,1.0302941431313255,1.021226309554991
PRT,25,1.0129501834294652,1.0226380068388066,1.021226309554991
PRT,26,1.0128020564890599,1.0178415947504333,1.021226309554991
PRT,27,1.0119265451572124,1.0235584507324047,1.021226309554991
PRT,28,1.0085972656545832,1.022215088424659,1.021226309554991
PRT,29T30,1.0149289148847105,1.0195541244517605,1.021226309554991
PRT,31T33,1.0165104859479133,1.0187300743060508,1.021226309554991
PRT,35,0.9496584967773235,1.0475142336446952,1.021226309554991
PRT,36T39,1.0233546929312534,1.0192994426748736,1.021226309554991
PRT,41T43,1.0168567212357495,1.0226207116676305,1.021226309554991
PRT,45T47,1.0091187718428978,1.014695777307334,1.021226309554991
PRT,49,0.979978012179875,1.0182903450920204,1.021226309554991
PRT,50,0.9247833720013672,1.019103418593272,1.021226309554991
PRT,51,0.985879364974706,1.0188278566857365,1.021226309554991
PRT,52,1.0050358589273631,1.0142361940429536,1.021226309554991
PRT,53,1.0132692090700008,1.0130549029406541,1.021226309554991
PRT,55T56,1.0141422268875306,1.0182726562233557,1.021226309554991
PRT,58T60,1.0096985877141829,1.0144857544327348,1.021226309554991
PRT,61,1.0138969484694542,1.013867563411339,1.021226309554991
PRT,62T63,1.0105474112280113,1.012543386451498,1.021226309554991
PRT,64T66,1.0135914298722453,1.011649453933172,1.021226309554991
PRT,68,1.019726000117289,1.0114669159707945,1.021226309554991
PRT,69T75,1.009047545337136,1.0133038415946123,1.021226309554991
PRT,77T82,1.0085669552184884,1.013250192753268,1.021226309554991
PRT,84,1.0190922106048124,1.0136936143783557,1.021226309554991
PRT,85,1.0203046466297707,1.011866897512477,1.021226309554991
PRT,86T88,1.0199228817157968,1.0150722144367608,1.021226309554991
PRT,90T93,1.0167459041463878,1.0150723829371648,1.021226309554991
PRT,94T98,1.0190877535281466,1.01432079343041,1.021226309554991
ROU,01T02,0.971011120368109,1.0233674267167727,1.0208154662839914
ROU,03,1.0203782121205986,1.0181434410134336,1.0208154662839914
ROU,05T06,0.8977890560433434,1.0181104680792123,1.0208154662839914
ROU,07T08,0.9347407759074048,1.0188015340703358,1.0208154662839914
ROU,10T12,1.0188579462698495,1.025766306738128,1.0208154662839914
ROU,13T15,1.0217289941422758,1.0145926170508544,1.0208154662839914
ROU,16,1.0050978437818778,1.0255102594342647,1.0208154662839914
ROU,17T18,1.0094507302124076,1.0185296456537456,1.0208154662839914
ROU,19,0.9883759253554885,1.0280210912595475,1.0208154662839914
ROU,20,0.8001110859464283,1.0295407731102322,1.0208154662839914
ROU,21,0.946235375170527,1.0169980869493915,1.0208154662839914
ROU,22,1.0151473284027912,1.02339870731773,1.0208154662839914
ROU,23,0.9004921765681212,1.023581477193613,1.0208154662839914
ROU,24,0.9569882105979226,1.0280774400611896,1.0208154662839914
ROU,25,1.000050010417976,1.021899487211803,1.0208154662839914
ROU,26,1.0142311246543796,1.0174489608819295,1.0208154662839914
ROU,27,1.017209292426957,1.0196626191846745,1.0208154662839914
ROU,28,1.0080107630542912,1.0223733324878912,1.0208154662839914
ROU,29T30,1.0111980511297594,1.019736470504979,1.0208154662839914
ROU,31T33,1.0248824402117964,1.0166984510653772,1.0208154662839914
ROU,35,0.9407426579992241,1.0297914031591127,1.0208154662839914
ROU,36T39,1.0160028543335349,1.017021705018352,1.0208154662839914
ROU,41T43,1.0161972422327743,1.0257341631964152,1.0208154662839914
ROU,45T47,1.0068171925649705,1.0134066092238248,1.0208154662839914
ROU,49,1.0075597307231874,1.0150914722017574,1.0208154662839914
ROU,50,1.044981529801632,1.0134361852159448,1.0208154662839914
ROU,51,1.013047186079572,1.016380711218197,1.0208154662839914
ROU,52,1.006846437251553,1.013296624133826,1.0208154662839914
ROU,53,1.0107540960500896,1.0131569856066671,1.0208154662839914
ROU,55T56,1.0155409920717748,1.0138280945647475,1.0208154662839914
ROU,58T60,1.0157074106416577,1.0109753835509416,1.0208154662839914
ROU,61,1.0129650961049999,1.0138036642485013,1.0208154662839914
ROU,62T63,1.0083863677350107,1.0098177914231425,1.0208154662839914
ROU,64T66,1.007688716007485,1.008716527387741,1.0208154662839914
ROU,68,1.0175732902468795,1.0079097984738934,1.0208154662839914
ROU,69T75,1.0075412974770095,1.0122961002599558,1.0208154662839914
ROU,77T82,1.0088451564326133,1.0122305530078932,1.0208154662839914
ROU,84,1.0191713201943111,1.007460263745389,1.0208154662839914
ROU,85,1.0176459857850186,1.0079244504289746,1.0208154662839914
ROU,86T88,1.0191289636087744,1.0105095315771815,1.0208154662839914
ROU,90T93,1.0184834339765199,1.0119299680846254,1.0208154662839914
ROU,94T98,1.0164124798026641,1.0119654598384513,1.0208154662839914
ROW,01T02,0.980942730235511,0.9968210153070144,0.9953675160617935
ROW,03,1.0015102095356518,0.9970328585494506,0.9953675160617935
ROW,05T06,0.9386731578221779,0.9962181867453102,0.9953675160617935
ROW,07T08,1.0254248209530077,0.9967466365316232,0.9953675160617935
ROW,10T12,1.0261826392255666,0.9982928322737251,0.9953675160617935
ROW,13T15,1.0376370420388399,0.9996859035069192,0.9953675160617935
ROW,16,1.0390495914705242,0.9984949736390939,0.9953675160617935
ROW,17T18,1.0252063217903569,0.9997316260441209,0.9953675160617935
ROW,19,1.0214442315927752,0.9967208898376257,0.9953675160617935
ROW,20,1.0049445281663663,1.0001647260204705,0.9953675160617935
ROW,21,1.020444060471493,0.9994516771550788,0.9953675160617935
ROW,22,0.9947292426911742,1.0020896147626892,0.9953675160617935
ROW,23,1.0026703182325147,0.9984579866573723,0.9953675160617935
ROW,24,1.120632898478,1.001833056780228,0.9953675160617935
ROW,25,1.0438442976344908,1.00240161917843,0.9953675160617935
ROW,26,1.0133298359587366,1.0019299041739986,0.9953675160617935
ROW,27,1.0296114205186275,1.0033525469839066,0.9953675160617935
ROW,28,1.022632836456456,1.002682212770825,0.9953675160617935
ROW,29T30,1.0262910127726608,1.0023257147032074,0.9953675160617935
ROW,31T33,0.9726223213825445,1.0005857519470303,0.9953675160617935
ROW,35,0.9983748321521259,0.9968070717772064,0.9953675160617935
ROW,36T39,1.0047285480036894,0.9974521687249585,0.9953675160617935
ROW,41T43,0.9958850700639117,0.9996882881183369,0.9953675160617935
ROW,45T47,1.006437248322528,0.9968223178237129,0.9953675160617935
ROW,49,1.0037176856382783,0.9978204033237228,0.9953675160617935
ROW,50,1.02968654851863,0.9997277931159667,0.9953675160617935
ROW,51,0.9742623410301576,0.9991306354356556,0.9953675160617935
ROW,52,1.0133010935697213,0.99784377156528,0.9953675160617935
ROW,53,1.0074445728486696,0.9971089896503544,0.9953675160617935
ROW,55T56,1.0124495896100276,0.9976942173868164,0.9953675160617935
ROW,58T60,1.0140994243994317,0.9977743110609608,0.9953675160617935
ROW,61,1.0004768652623177,0.9971504204154366,0.9953675160617935
ROW,62T63,1.0095755025090019,0.9970321027599267,0.9953675160617935
ROW,64T66,1.0078969897475727,0.996543670013058,0.9953675160617935
ROW,68,0.9988763863754813,0.9960016039834867,0.9953675160617935
ROW,69T75,1.0119190750004206,0.9968711546314825,0.9953675160617935
ROW,77T82,1.0083270648540648,0.9970970159137724,0.9953675160617935
ROW,84,0.9958257171687673,0.9969684340844374,0.9953675160617935
ROW,85,0.996390764803275,0.996554201077745,0.9953675160617935
ROW,86T88,0.9962509298151951,0.9974273991785132,0.9953675160617935
ROW,90T93,1.0038016381502044,0.99732082457997,0.9953675160617935
ROW,94T98,0.9977079186633055,0.9974915681408681,0.9953675160617935
RUS,01T02,0.941427621542803,0.9949775100431797,0.9923779416208716
RUS,03,0.9872033495021957,0.9828503529546511,0.9923779416208716
RUS,05T06,0.9098039427165066,0.9774825234279071,0.9923779416208716
RUS,07T08,0.9294770819743091,0.9871337629333217,0.9923779416208716
RUS,10T12,0.9938590606091294,1.010255845099097,0.9923779416208716
RUS,13T15,1.063658770906269,0.9910547526136901,0.9923779416208716
RUS,16,0.9272179139321033,1.0110260263166946,0.9923779416208716
RUS,17T18,0.994906490757847,1.00422682761773,0.9923779416208716
RUS,19,0.9522775809281431,0.994551645535366,0.9923779416208716
RUS,20,0.8237137232876661,1.0156057076410958,0.9923779416208716
RUS,21,1.0002126408009435,0.9894118733857288,0.9923779416208716
RUS,22,0.9586950802432734,1.024843352723734,0.9923779416208716
RUS,23,0.8576837721029025,1.0292246328664467,0.9923779416208716
RUS,24,0.7977492418037635,1.02775202736799,0.9923779416208716
RUS,25,0.9719173766452103,1.0219699745509685,0.9923779416208716
RUS,26,1.0098520857891684,0.992181268247517,0.9923779416208716
RUS,27,0.9802489438072332,1.020300350589868,0.9923779416208716
RUS,28,0.9814446443718859,1.0140994049930594,0.9923779416208716
RUS,29T30,1.0017538174752734,1.003453322640976,0.9923779416208716
RUS,31T33,0.9851283835763409,1.0000535021926846,0.9923779416208716
RUS,35,0.752735534886671,1.0540673677102073,0.9923779416208716
RUS,36T39,0.9225962551351925,1.0200832175901422,0.9923779416208716
RUS,41T43,0.9802347020147582,1.0002905157867508,0.9923779416208716
RUS,45T47,0.9908149798126216,0.9787071551707635,0.9923779416208716
RUS,49,0.9217103659094927,0.9887528065726463,0.9923779416208716
RUS,50,0.8467545102805567,0.985155166815286,0.9923779416208716
RUS,51,0.9629196820820306,0.9935144142635148,0.9923779416208716
RUS,52,0.964758822779124,0.9896365389614259,0.9923779416208716
RUS,53,1.0001371052267525,0.9807503470534745,0.9923779416208716
RUS,55T56,1.01664508390837,0.9864453702350953,0.9923779416208716
RUS,58T60,1.0537751228697467,0.9773030228941344,0.9923779416208716
RUS,61,1.000717692194886,0.977858734682673,0.9923779416208716
RUS,62T63,1.0361456121119839,0.9708558231527652,0.9923779416208716
RUS,64T66,0.9865345932964615,0.9659435059680845,0.9923779416208716
RUS,68,0.9878486712742319,0.9760322395267028,0.9923779416208716
RUS,69T75,1.001009168146215,0.9753923297899447,0.9923779416208716
RUS,77T82,0.9671949448852308,0.9726748060131063,0.9923779416208716
RUS,84,0.9906513337501447,0.9767321333802189,0.9923779416208716
RUS,85,0.9927451846495291,0.9729555584756824,0.9923779416208716
RUS,86T88,0.9918081545206737,0.9792587300699807,0.9923779416208716
RUS,90T93,0.997179258402402,0.9785492820644934,0.9923779416208716
RUS,94T98,0.9963343183871911,0.9704937512866872,0.9923779416208716
SAU,01T02,1.0393216198055166,0.9912531451035627,0.994611867313145
SAU,03,0.992972724399146,0.9979228520926259,0.994611867313145
SAU,05T06,0.964299279067305,0.9733030322744333,0.994611867313145
SAU,07T08,0.9928995708230914,0.9776099705094246,0.994611867313145
SAU,10T12,1.0122062158346685,0.9964166579820076,0.994611867313145
SAU,13T15,1.0118068563848646,1.001588993648605,0.994611867313145
SAU,16,0.8966640246024805,1.0063010720721186,0.994611867313145
SAU,17T18,0.9847269144394465,1.0082874990067765,0.994611867313145
SAU,19,0.9710395544270435,0.9921629381206217,0.994611867313145
SAU,20,0.9024337338866023,0.994315502272833,0.994611867313145
SAU,21,0.9689380080909216,1.001380941171818,0.994611867313145
SAU,22,0.5416612661937666,1.0155268398732948,0.994611867313145
SAU,23,0.8982500027092424,1.0054296000254184,0.994611867313145
SAU,24,1.1036320287485675,1.0021719103324158,0.994611867313145
SAU,25,1.0070882370341832,1.0017753105253584,0.994611867313145
SAU,26,0.9998898129476519,1.0032291577542647,0.994611867313145
SAU,27,1.000721661698256,1.0091647247920355,0.994611867313145
SAU,28,0.991964638255513,1.0049912481920154,0.994611867313145
SAU,29T30,1.0384515459588863,1.0013384278216477,0.994611867313145
SAU,31T33,0.6189265464060987,1.006865744846281,0.994611867313145
SAU,35,0.7215767190778094,0.9948456028690414,0.994611867313145
SAU,36T39,0.9785441155869073,0.9943251361146507,0.994611867313145
SAU,41T43,0.9787781561581939,1.0070025932381266,0.994611867313145
SAU,45T47,0.9839228622124783,0.9940902645738181,0.994611867313145
SAU,49,0.8648668415559461,0.9941351215531216,0.994611867313145
SAU,50,0.8934048470778437,0.9989615108876685,0.994611867313145
SAU,51,0.9728102606065809,1.0024249985209386,0.994611867313145
SAU,52,0.9811210922053296,1.0012113081526794,0.994611867313145
SAU,53,0.9507879244868143,1.0088157742815265,0.994611867313145
SAU,55T56,1.004684774374995,0.9991558755104439,0.994611867313145
SAU,58T60,1.0350147508759737,0.9943573740093047,0.994611867313145
SAU,61,0.9804270499836386,0.9952207648518985,0.994611867313145
SAU,62T63,0.9989033383730683,0.9946570117358969,0.994611867313145
SAU,64T66,1.00859708610553,0.9782553051448322,0.994611867313145
SAU,68,0.9944141308146885,0.9773152339184983,0.994611867313145
SAU,69T75,0.9750386837209354,1.012329477792797,0.994611867313145
SAU,77T82,0.9731939476875742,1.0178374049129475,0.994611867313145
SAU,84,0.9913422013047117,0.9776404133820025,0.994611867313145
SAU,85,0.9939745323124666,0.9788565620399621,0.994611867313145
SAU,86T88,0.9878053038162596,0.9929436789007702,0.994611867313145
SAU,90T93,0.9994544269965164,0.9834141779706614,0.994611867313145
SAU,94T98,0.9895725242513536,0.9800910550091141,0.994611867313145
SGP,01T02,0.8939943728443932,1.0112549978017848,1.0229404338273091
SGP,03,0.9820156332459685,1.012202899475775,1.0229404338273091
SGP,05T06,0.9038759185546571,1.0045945942294259,1.0229404338273091
SGP,07T08,0.9992888685050704,1.0113477535909836,1.0229404338273091
SGP,10T12,0.9797355508886519,1.0493565036749701,1.0229404338273091
SGP,13T15,0.9547785130588343,1.032746138987477,1.0229404338273091
SGP,16,0.9710980516839979,1.0411104958856183,1.0229404338273091
SGP,17T18,1.0041234247256072,1.0254352965740356,1.0229404338273091
SGP,19,0.9878655872547772,1.0281518692344165,1.0229404338273091
SGP,20,0.9750913395008951,1.024080002182278,1.0229404338273091
SGP,21,1.0407281276674845,1.0037521003770007,1.0229404338273091
SGP,22,0.8523794329346863,1.0441819392702032,1.0229404338273091
SGP,23,0.9981542542232166,1.0399554761197138,1.0229404338273091
SGP,24,1.0989209504817228,1.0392913631133132,1.0229404338273091
SGP,25,1.007136322207708,1.0305063552454017,1.0229404338273091
SGP,26,1.0124766213694303,1.0177601345235048,1.0229404338273091
SGP,27,1.0147950922431597,1.0250277872867852,1.0229404338273091
SGP,28,1.021849573037908,1.0157240484699932,1.0229404338273091
SGP,29T30,1.0095059655547278,1.0178071687643688,1.0229404338273091
SGP,31T33,0.9502351902695712,1.017390390088766,1.0229404338273091
SGP,35,0.7999621592429557,1.0448348483723149,1.0229404338273091
SGP,36T39,1.001289200034235,1.015914501254353,1.0229404338273091
SGP,41T43,1.0138273157997688,1.0210329608651703,1.0229404338273091
SGP,45T47,0.9903878918509426,1.0109791872176879,1.0229404338273091
SGP,49,0.9801455418795674,1.0115704575964222,1.0229404338273091
SGP,50,0.9014563323102717,1.0343293479723306,1.0229404338273091
SGP,51,0.9372765644140959,1.0157693774779117,1.0229404338273091
SGP,52,0.9880741874137292,1.0103483719041275,1.0229404338273091
SGP,53,0.999691170308638,1.0098837949102395,1.0229404338273091
SGP,55T56,1.0092768664648373,1.0185772523682795,1.0229404338273091
SGP,58T60,1.0138630343600106,1.0080491513778622,1.0229404338273091
SGP,61,1.0191864752443838,1.0050875790401794,1.0229404338273091
SGP,62T63,1.0109487000663786,1.0050438260330168,1.0229404338273091
SGP,64T66,1.0176509585668108,0.998868869957667,1.0229404338273091
SGP,68,1.01489266132304,1.000341693298904,1.0229404338273091
SGP,69T75,1.0193343823427008,1.0032624689443268,1.0229404338273091
SGP,77T82,1.0109519481059863,1.001146465630371,1.0229404338273091
SGP,84,1.0212000164567445,1.008234808594355,1.0229404338273091
SGP,85,1.022509556943956,1.0025110651224625,1.0229404338273091
SGP,86T88,1.0220301388443818,1.0054990236768564,1.0229404338273091
SGP,90T93,1.017294879246107,1.0079920266383235,1.0229404338273091
SGP,94T98,1.0228153314846877,0.9945259385924076,1.0229404338273091
SVK,01T02,1.0400275778830377,1.0217417908466555,1.0219606184406227
SVK,03,1.000104733873811,1.0199902857911853,1.0219606184406227
SVK,05T06,0.7066444329454655,1.01599242778666,1.0219606184406227
SVK,07T08,0.9142547439450016,1.0220159489581235,1.0219606184406227
SVK,10T12,1.021086444742599,1.0242260059250663,1.0219606184406227
SVK,13T15,1.016528316078974,1.0167263615009365,1.0219606184406227
SVK,16,1.0297987881475894,1.0173885409250258,1.0219606184406227
SVK,17T18,1.0094117304967634,1.0212797305166958,1.0219606184406227
SVK,19,0.9747248312745752,1.0250971180465986,1.0219606184406227
SVK,20,0.8269229732084135,1.025613969305791,1.0219606184406227
SVK,21,0.9292188814787261,1.0187550445217768,1.0219606184406227
SVK,22,1.0167666286927417,1.0242224340736195,1.0219606184406227
SVK,23,0.8763359910619614,1.0301832907312223,1.0219606184406227
SVK,24,0.7727812307623977,1.035564339549241,1.0219606184406227
SVK,25,1.013614769140402,1.0225788350737937,1.0219606184406227
SVK,26,1.0160167660171546,1.0172456402756205,1.0219606184406227
SVK,27,1.0191816506105487,1.0201893129819288,1.0219606184406227
SVK,28,1.0069168398487516,1.0238697068132718,1.0219606184406227
SVK,29T30,1.016157269919457,1.0179532309193817,1.0219606184406227
SVK,31T33,1.0384631059438283,1.0171030127804603,1.0219606184406227
SVK,35,1.0077954545628482,1.0325796550295414,1.0219606184406227
SVK,36T39,1.0107179614087773,1.014242830946809,1.0219606184406227
SVK,41T43,1.0165659216352716,1.0164207104106966,1.0219606184406227
SVK,45T47,1.0062256515716483,1.0137779807092413,1.0219606184406227
SVK,49,0.995512904747765,1.0138545960471907,1.0219606184406227
SVK,50,1.0520693860792936,1.0215127618666273,1.0219606184406227
SVK,51,1.061394246222222,1.0251053130901226,1.0219606184406227
SVK,52,1.0008974338557788,1.016565904367073,1.0219606184406227
SVK,53,1.0147575430627642,1.0116809830587408,1.0219606184406227
SVK,55T56,1.0187659581415782,1.015014770931249,1.0219606184406227
SVK,58T60,1.0161364323168574,1.01192102354133,1.0219606184406227
SVK,61,1.0179020053475145,1.0102942152659968,1.0219606184406227
SVK,62T63,1.0102670902847706,1.010071562171367,1.0219606184406227
SVK,64T66,1.0149007272390467,1.0093547572198214,1.0219606184406227
SVK,68,1.0181076707133636,1.0097195467579239,1.0219606184406227
SVK,69T75,1.0066080144007805,1.0144501478977412,1.0219606184406227
SVK,77T82,1.0111548644260102,1.0126587357965782,1.0219606184406227
SVK,84,1.0199754695001144,1.0100074107160695,1.0219606184406227
SVK,85,1.0205721333251343,1.0106039237454743,1.0219606184406227
SVK,86T88,1.0207737426441537,1.012104492094698,1.0219606184406227
SVK,90T93,1.0191165469944308,1.0132385482209203,1.0219606184406227
SVK,94T98,1.0180788516588668,1.0127579367172894,1.0219606184406227
SVN,01T02,0.9409395162801266,1.0236365688464812,1.0226419901110593
SVN,03,1.023343724384699,1.017040014036603,1.0226419901110593
SVN,05T06,0.7912266061472288,1.0172282434353752,1.0226419901110593
SVN,07T08,0.9542149517335016,1.0236133381565118,1.0226419901110593
SVN,10T12,1.0143459699117368,1.025675311886627,1.0226419901110593
SVN,13T15,1.0154124216775893,1.0156146864534725,1.0226419901110593
SVN,16,0.9682207370113258,1.0264978715743391,1.0226419901110593
SVN,17T18,0.9859202420613151,1.0218263903691085,1.0226419901110593
SVN,19,0.03826528012025155,1.0215025416978236,1.0226419901110593
SVN,20,1.0295940598149258,1.024171154669758,1.0226419901110593
SVN,21,1.0164698765760694,1.0139821510386684,1.0226419901110593
SVN,22,1.0282330793494312,1.0204883173011232,1.0226419901110593
SVN,23,0.8813485638170255,1.0250551175834486,1.0226419901110593
SVN,24,1.076906518507076,1.0304573090286278,1.0226419901110593
SVN,25,1.0245114431743785,1.020440057270096,1.0226419901110593
SVN,26,1.016316241177972,1.015430258461133,1.0226419901110593
SVN,27,1.0145494942047195,1.0214790698787783,1.0226419901110593
SVN,28,1.0107130228553358,1.0211167416962064,1.0226419901110593
SVN,29T30,1.0153439865551277,1.0201675512330277,1.0226419901110593
SVN,31T33,1.023699404984268,1.017940540950526,1.0226419901110593
SVN,35,0.9248898717984028,1.025532117261725,1.0226419901110593
SVN,36T39,1.0210939314604035,1.0198513679920629,1.0226419901110593
SVN,41T43,1.016047198965086,1.0208366383599994,1.0226419901110593
SVN,45T47,1.0099216967117683,1.014505156525609,1.0226419901110593
SVN,49,0.9880420207781561,1.0169620840517055,1.0226419901110593
SVN,50,0.8331103134904586,1.0344980155047057,1.0226419901110593
SVN,51,1.0464059970738595,1.0172816418502624,1.0226419901110593
SVN,52,1.0063488986938074,1.0170657905669054,1.0226419901110593
SVN,53,1.0105986028327596,1.0133550787592651,1.0226419901110593
SVN,55T56,1.0154495848865834,1.0172454567506768,1.0226419901110593
SVN,58T60,1.008313595867496,1.0126182662128247,1.0226419901110593
SVN,61,1.0144066826480589,1.011593688248257,1.0226419901110593
SVN,62T63,1.0097767959422046,1.0114320420681204,1.0226419901110593
SVN,64T66,1.0129928791787992,1.0111450869978338,1.0226419901110593
SVN,68,1.0214656225561625,1.0110981043477603,1.0226419901110593
SVN,69T75,1.009342616358402,1.013797960873,1.0226419901110593
SVN,77T82,1.0105429150550207,1.0139859594601146,1.0226419901110593
SVN,84,1.0206985536143216,1.012460551854848,1.0226419901110593
SVN,85,1.0206215852300253,1.0123316085437335,1.0226419901110593
SVN,86T88,1.0214984294516356,1.0129400625111349,1.0226419901110593
SVN,90T93,1.019919101429333,1.014291547710829,1.0226419901110593
SVN,94T98,1.017291415225736,1.0136807438217086,1.0226419901110593
SWE,01T02,0.8781986501491027,1.0410879605808896,1.0192871182944818
SWE,03,0.9891788196057943,1.0159868746454352,1.0192871182944818
SWE,05T06,0.9396335940157677,1.0203308493870151,1.0192871182944818
SWE,07T08,1.0360648575049547,1.015990822600179,1.0192871182944818
SWE,10T12,1.010458058071532,1.029349872884824,1.0192871182944818
SWE,13T15,1.011762598316655,1.0177595538729463,1.0192871182944818
SWE,16,0.9757447002776642,1.0445977051259274,1.0192871182944818
SWE,17T18,0.9844807898614356,1.0300158392165306,1.0192871182944818
SWE,19,1.008164209546819,1.0262016966403187,1.0192871182944818
SWE,20,0.9720198228695507,1.0203423659824196,1.0192871182944818
SWE,21,1.0226500192895407,1.0158238339185837,1.0192871182944818
SWE,22,1.033074674293469,1.020560899644783,1.0192871182944818
SWE,23,1.0092652407153995,1.0227284211852554,1.0192871182944818
SWE,24,1.0937663035556666,1.0234700431983221,1.0192871182944818
SWE,25,1.0242271764892403,1.0215226904374906,1.0192871182944818
SWE,26,1.0166239962567913,1.0152644027990232,1.0192871182944818
SWE,27,1.0223471361380703,1.0189052500778468,1.0192871182944818
SWE,28,1.0175779133478993,1.0165931576815403,1.0192871182944818
SWE,29T30,1.0185588521258526,1.0169932824938384,1.0192871182944818
SWE,31T33,1.01840383594791,1.017923154893669,1.0192871182944818
SWE,35,1.0186219928771387,1.0173326819820003,1.0192871182944818
SWE,36T39,1.0243519789753432,1.0159368188592919,1.0192871182944818
SWE,41T43,1.0164349504649124,1.0181372882296085,1.0192871182944818
SWE,45T47,1.0100467128207817,1.0137857081461958,1.0192871182944818
SWE,49,1.0077452451652225,1.0157898943447146,1.0192871182944818
SWE,50,0.8933378918500304,1.0204815197650228,1.0192871182944818
SWE,51,0.9902275319517518,1.0177900215687306,1.0192871182944818
SWE,52,1.0053101940358637,1.0179940117677315,1.0192871182944818
SWE,53,1.0106987087789423,1.0137655442667461,1.0192871182944818
SWE,55T56,1.0145986377059317,1.0174337581992983,1.0192871182944818
SWE,58T60,1.0093820634149908,1.0132843428461435,1.0192871182944818
SWE,61,1.0114178023376938,1.013058915148614,1.0192871182944818
SWE,62T63,1.005399435393378,1.012574033880024,1.0192871182944818
SWE,64T66,1.010436792212172,1.0124380146976644,1.0192871182944818
SWE,68,1.016889302325912,1.0142300336812646,1.0192871182944818
SWE,69T75,1.0124898434880374,1.0132714857321397,1.0192871182944818
SWE,77T82,1.0103750391370339,1.0151580014541541,1.0192871182944818
SWE,84,1.0179125698084843,1.0135789336363703,1.0192871182944818
SWE,85,1.0185359436717831,1.0132407426809378,1.0192871182944818
SWE,86T88,1.0188521533520052,1.0132540258591678,1.0192871182944818
SWE,90T93,1.0160713591973234,1.015525182717548,1.0192871182944818
SWE,94T98,1.0167623012044487,1.0138592698341384,1.0192871182944818
THA,01T02,0.9548462726474163,1.0105955514975173,1.0277749894303323
THA,03,1.0021243348918383,1.009672628075066,1.0277749894303323
THA,05T06,0.8530937274074889,1.0082994845720599,1.0277749894303323
THA,07T08,0.9498232338708201,1.0119148927036987,1.0277749894303323
THA,10T12,1.003509233216106,1.0354918784280245,1.0277749894303323
THA,13T15,1.0225882214987556,1.0144822144364802,1.0277749894303323
THA,16,0.9935388415010901,1.0233695156816285,1.0277749894303323
THA,17T18,0.999872668222974,1.0164824759968318,1.0277749894303323
THA,19,0.9695679754170431,1.039044867137398,1.0277749894303323
THA,20,0.9495839214162016,1.0250019890609845,1.0277749894303323
THA,21,1.0070672124964912,1.0204832549356266,1.0277749894303323
THA,22,1.0004346717081327,1.0325945224347115,1.0277749894303323
THA,23,0.8688468553425084,1.0381870946659757,1.0277749894303323
THA,24,0.9538627510411697,1.0333916011920765,1.0277749894303323
THA,25,0.9960637649461185,1.0326092957455182,1.0277749894303323
THA,26,1.01752840193421,1.015113881848245,1.0277749894303323
THA,27,1.0063756647765865,1.027636504665306,1.0277749894303323
THA,28,1.000277708115036,1.0240158004891713,1.0277749894303323
THA,29T30,0.9996441150132299,1.0229529807289865,1.0277749894303323
THA,31T33,1.012358366000912,1.0221661128475292,1.0277749894303323
THA,35,0.9461240063874553,1.02926293765017,1.0277749894303323
THA,36T39,1.011988104840185,1.0095712841649103,1.0277749894303323
THA,41T43,1.0241723276175734,1.045355975846041,1.0277749894303323
THA,45T47,1.0110375197978654,1.0018652809047013,1.0277749894303323
THA,49,0.9426632506991924,1.0247184763902986,1.0277749894303323
THA,50,0.9529722116867142,1.0169491349674065,1.0277749894303323
THA,51,0.9270546715594274,1.0257666938329046,1.0277749894303323
THA,52,0.9895523439861149,1.01768768798138,1.0277749894303323
THA,53,1.011124825469258,1.0035230482155821,1.0277749894303323
THA,55T56,1.0101743153889897,1.0228733557997072,1.0277749894303323
THA,58T60,1.0056389404358275,1.010419326498992,1.0277749894303323
THA,61,1.0216785464073723,1.0038688133963642,1.0277749894303323
THA,62T63,0.9883930872062693,1.0087737587982775,1.0277749894303323
THA,64T66,1.0051777077397044,1.0008757967736772,1.0277749894303323
THA,68,1.0221961342999906,1.0005439371990976,1.0277749894303323
THA,69T75,1.0003718857916715,1.0069721925054458,1.0277749894303323
THA,77T82,0.9932389624485731,1.0085455486859403,1.0277749894303323
THA,84,1.0256887666431684,1.0038310921690414,1.0277749894303323
THA,85,1.0263566710486112,1.002991515188541,1.0277749894303323
THA,86T88,1.0235248275174558,1.01091435223869,1.0277749894303323
THA,90T93,1.0211514096450691,1.0061263637786106,1.0277749894303323
THA,94T98,1.0110372837864614,1.0131797117427113,1.0277749894303323
TUN,01T02,1.0171180264144077,1.0104745831565716,1.0077765283762083
TUN,03,1.0175627205291025,1.010099961596588,1.0077765283762083
TUN,05T06,0.9794160811616991,1.0098763834250777,1.0077765283762083
TUN,07T08,0.999970019786617,1.0100978843646928,1.0077765283762083
TUN,10T12,1.0286658186656903,1.010905950746732,1.0077765283762083
TUN,13T15,1.0247008126026216,1.0125391001685986,1.0077765283762083
TUN,16,1.028055558672301,1.014073408374234,1.0077765283762083
TUN,17T18,1.0118368605469081,1.0132254040106043,1.0077765283762083
TUN,19,1.0473367328616106,1.0025940662298125,1.0077765283762083
TUN,20,1.0183136289015104,1.0125419233482336,1.0077765283762083
TUN,21,1.0084090087542448,1.0120297399828233,1.0077765283762083
TUN,22,0.8835811485590052,1.0145474658639817,1.0077765283762083
TUN,23,0.9815741759009252,1.0111769813737874,1.0077765283762083
TUN,24,1.1160595279109835,1.016829521107553,1.0077765283762083
TUN,25,1.0316117295126885,1.0156712183101138,1.0077765283762083
TUN,26,1.0178486086780019,1.0146287431500494,1.0077765283762083
TUN,27,1.029981933134667,1.0160654941971052,1.0077765283762083
TUN,28,1.0197259587536844,1.0154770894635157,1.0077765283762083
TUN,29T30,1.025946851070751,1.01535543628036,1.0077765283762083
TUN,31T33,0.9524289779979733,1.0141299563296284,1.0077765283762083
TUN,35,1.0099787739163173,1.0055704936520633,1.0077765283762083
TUN,36T39,1.009891664952459,1.0109277845642617,1.0077765283762083
TUN,41T43,1.0075339693893512,1.0130378942965717,1.0077765283762083
TUN,45T47,1.012912795494248,1.0099592167872826,1.0077765283762083
TUN,49,0.9992756104823899,1.010923227177561,1.0077765283762083
TUN,50,1.046878737152178,1.011638311744393,1.0077765283762083
TUN,51,0.8981439783179244,1.0120200901270051,1.0077765283762083
TUN,52,1.001223236383578,1.010379715036053,1.0077765283762083
TUN,53,1.0110699196418316,1.0099573795995656,1.0077765283762083
TUN,55T56,1.0102329798279892,1.010319325640104,1.0077765283762083
TUN,58T60,1.0093687467855077,1.0115416511253486,1.0077765283762083
TUN,61,1.010459268863336,1.0095546427593585,1.0077765283762083
TUN,62T63,1.002554358280599,1.0105896724443852,1.0077765283762083
TUN,64T66,1.00784339339181,1.0097151581860007,1.0077765283762083
TUN,68,1.0075281154442792,1.0100256421066114,1.0077765283762083
TUN,69T75,1.009577659900067,1.0107673127639518,1.0077765283762083
TUN,77T82,1.0081954232904264,1.0108586459202926,1.0077765283762083
TUN,84,1.0078073650708876,1.009864894673813,1.0077765283762083
TUN,85,1.0070220234657923,1.0099826691525253,1.0077765283762083
TUN,86T88,1.008213294520711,1.010433567774566,1.0077765283762083
TUN,90T93,1.0082162558172605,1.0105938760530162,1.0077765283762083
TUN,94T98,1.0079787761370456,1.0101404760723303,1.0077765283762083
TUR,01T02,1.005852389553843,1.0220828289956347,1.02376017027131
TUR,03,1.00505319552545,1.010483835240725,1.02376017027131
TUR,05T06,0.8663792409620346,1.0180506074546358,1.02376017027131
TUR,07T08,0.9587652150954172,1.0113036895647785,1.02376017027131
TUR,10T12,1.0095166115297896,1.0286920081830815,1.02376017027131
TUR,13T15,1.0051603561899185,1.0148071534730125,1.02376017027131
TUR,16,0.9733449199618184,1.0277364083725333,1.02376017027131
TUR,17T18,0.9974556829755387,1.0176026242471352,1.02376017027131
TUR,19,0.9723858139254321,1.0256714571208934,1.02376017027131
TUR,20,0.9177284601708101,1.0217995431058584,1.02376017027131
TUR,21,0.9937786207639607,1.0166676760855065,1.02376017027131
TUR,22,1.0025520185713075,1.026196964080478,1.02376017027131
TUR,23,0.8585810891975034,1.0420931858364275,1.02376017027131
TUR,24,0.9763356722030843,1.0316976423315007,1.02376017027131
TUR,25,1.0116266309514033,1.0237537393051603,1.02376017027131
TUR,26,1.0232319946026562,1.0091719268575243,1.02376017027131
TUR,27,1.0067871340279595,1.0259993996033263,1.02376017027131
TUR,28,1.0117532900411044,1.0212539167970927,1.02376017027131
TUR,29T30,1.0182048694164867,1.0174503495012321,1.02376017027131
TUR,31T33,1.0159330571459015,1.0184296839253109,1.02376017027131
TUR,35,0.8300755846424169,1.1323863760490205,1.02376017027131
TUR,36T39,0.9933667846274644,1.0204968959993606,1.02376017027131
TUR,41T43,1.0181249139352182,1.0280036780581399,1.02376017027131
TUR,45T47,1.003688476300218,1.0089380323492665,1.02376017027131
TUR,49,0.9930993014639891,1.0134674466137048,1.02376017027131
TUR,50,0.9886439824304487,1.010048924610271,1.02376017027131
TUR,51,0.8967550026626335,1.009684798212672,1.02376017027131
TUR,52,0.9989316674706431,1.0059724791973204,1.02376017027131
TUR,53,1.0024221478793447,1.0100137103153137,1.02376017027131
TUR,55T56,1.0148314596028523,1.0139415144035677,1.02376017027131
TUR,58T60,1.0098038346429594,1.0097304256067892,1.02376017027131
TUR,61,1.0158981142839232,1.0102568816197601,1.02376017027131
TUR,62T63,1.0088673668173844,1.0016998981275738,1.02376017027131
TUR,64T66,1.0013948170652198,1.0050740339667035,1.02376017027131
TUR,68,1.0150398071969917,1.0172690569429708,1.02376017027131
TUR,69T75,1.0051250320367269,1.0073380839331991,1.02376017027131
TUR,77T82,1.006907017038881,1.0059789274581628,1.02376017027131
TUR,84,1.0177318564658961,1.010154834047284,1.02376017027131
TUR,85,1.0207065579652268,1.004602045243083,1.02376017027131
TUR,86T88,1.0215574464225547,1.0113939251660446,1.02376017027131
TUR,90T93,1.0166803185761701,1.0090861957025599,1.02376017027131
TUR,94T98,1.0183463236357793,1.0116157970479682,1.02376017027131
TWN,01T02,1.0628827795734404,1.015443524104637,1.027040394634081
TWN,03,0.9822521424462921,1.0214732976070635,1.027040394634081
TWN,05T06,0.8641449307918961,1.0191134878644013,1.027040394634081
TWN,07T08,0.8769012580358178,1.022457041407835,1.027040394634081
TWN,10T12,1.0318175762752224,1.0223145159368676,1.027040394634081
TWN,13T15,0.9647819926138924,1.0273922240332092,1.027040394634081
TWN,16,1.0272223814234904,1.0265993327100902,1.027040394634081
TWN,17T18,0.9848001180325578,1.027869933692912,1.027040394634081
TWN,19,0.9456924484971931,1.029258915558283,1.027040394634081
TWN,20,0.948750422601796,1.043148218604466,1.027040394634081
TWN,21,1.0111857676268234,1.018077817482854,1.027040394634081
TWN,22,1.0098390742655041,1.031939238507923,1.027040394634081
TWN,23,0.980270985285335,1.0423747534813694,1.027040394634081
TWN,24,0.8618694808344064,1.0537263171187297,1.027040394634081
TWN,25,0.9753484850809726,1.0420980778744933,1.027040394634081
TWN,26,1.0079573700417677,1.0215013266853714,1.027040394634081
TWN,27,1.0101703626207459,1.0287624376884275,1.027040394634081
TWN,28,0.994932348713836,1.0332271474407257,1.027040394634081
TWN,29T30,1.0071642825266514,1.0236770239191535,1.027040394634081
TWN,31T33,1.0027966443294203,1.0235368128987745,1.027040394634081
TWN,35,0.7994694242953447,1.0329632854504016,1.027040394634081
TWN,36T39,0.9658038955029016,1.023787139537265,1.027040394634081
TWN,41T43,1.0205742530670117,1.0342084256307138,1.027040394634081
TWN,45T47,1.0068099748573593,1.009882356493988,1.027040394634081
TWN,49,0.972924894020999,1.0177530248804143,1.027040394634081
TWN,50,0.9349480874315593,1.0304666490471641,1.027040394634081
TWN,51,0.932819254905718,1.023366021616624,1.027040394634081
TWN,52,0.9838701708131814,1.012495019823566,1.027040394634081
TWN,53,1.0104044346876104,1.016738614072309,1.027040394634081
TWN,55T56,1.021301908082366,1.0162263451420392,1.027040394634081
TWN,58T60,1.0084013539898282,1.0136641464929703,1.027040394634081
TWN,61,1.0179915371331822,1.011043745461557,1.027040394634081
TWN,62T63,1.0091516670655787,1.0086152954186882,1.027040394634081
TWN,64T66,1.016489258329559,1.0061388926728014,1.027040394634081
TWN,68,1.0234084830346295,1.007126954773057,1.027040394634081
TWN,69T75,1.0075282008751374,1.0117618653601974,1.027040394634081
TWN,77T82,1.004514436096575,1.009319724913807,1.027040394634081
TWN,84,1.0249576295946208,1.0086482056439854,1.027040394634081
TWN,85,1.0262718364656396,1.0090612358688524,1.027040394634081
TWN,86T88,1.0241465926609612,1.013091543159791,1.027040394634081
TWN,90T93,1.0203365425947155,1.0119876239834695,1.027040394634081
TWN,94T98,1.0247605289837587,1.0108968469389608,1.027040394634081
USA,01T02,0.9687530961853559,1.0286936713045873,1.0169161105364803
USA,03,1.0172079441790374,1.0103523166850057,1.0169161105364803
USA,05T06,0.9498747641261234,1.0168397112316063,1.0169161105364803
USA,07T08,1.0022081948628518,1.0182497066297418,1.0169161105364803
USA,10T12,1.009551192555218,1.0315459676579046,1.0169161105364803
USA,13T15,1.0038893436780916,1.0182120002187005,1.0169161105364803
USA,16,1.0187873363252902,1.0237204680120102,1.0169161105364803
USA,17T18,1.0055988107305478,1.01973312506434,1.0169161105364803
USA,19,0.9943309360994333,1.0306108372492915,1.0169161105364803
USA,20,0.9957419335618936,1.0215976646924343,1.0169161105364803
USA,21,1.0058239472625505,1.0128663195228487,1.0169161105364803
USA,22,1.0203131363709492,1.0209660128952243,1.0169161105364803
USA,23,0.999431086054589,1.0212537682009548,1.0169161105364803
USA,24,1.0425829025389786,1.0260702558220631,1.0169161105364803
USA,25,1.0199629605083804,1.0195463533855416,1.0169161105364803
USA,26,1.0200641667917203,1.0103750773087612,1.0169161105364803
USA,27,1.0260744625124245,1.016617186481299,1.0169161105364803
USA,28,1.014402065031188,1.016325469409532,1.0169161105364803
USA,29T30,1.0164789807363923,1.0161256509332715,1.0169161105364803
USA,31T33,1.0347304698198654,1.0146046223445213,1.0169161105364803
USA,35,0.8709683194322655,1.0187294285135802,1.0169161105364803
USA,36T39,1.0073666413157032,1.0124381530195121,1.0169161105364803
USA,41T43,1.0125968921604604,1.0159938352228093,1.0169161105364803
USA,45T47,1.0091202043388718,1.012890828918924,1.0169161105364803
USA,49,0.9932434652621082,1.0137078138808262,1.0169161105364803
USA,50,0.9871939876484126,1.014592236764789,1.0169161105364803
USA,51,0.973556571965699,1.0128455920823805,1.0169161105364803
USA,52,0.9974163568115335,1.0174189942133929,1.0169161105364803
USA,53,0.9940164815664676,1.013890541750507,1.0169161105364803
USA,55T56,1.0133438597280855,1.0148530439000234,1.0169161105364803
USA,58T60,1.0134285013934317,1.0104650954667722,1.0169161105364803
USA,61,1.012494203582572,1.0113506163343533,1.0169161105364803
USA,62T63,1.0090733691175282,1.0102665892056129,1.0169161105364803
USA,64T66,1.009941630503869,1.0102319343413075,1.0169161105364803
USA,68,1.013976109790604,1.0133676195745565,1.0169161105364803
USA,69T75,1.009544208887173,1.0109563970812876,1.0169161105364803
USA,77T82,1.007417560783829,1.011181282011386,1.0169161105364803
USA,84,1.0123778184374672,1.01279929350596,1.0169161105364803
USA,85,1.0133687610726057,1.0119175390787902,1.0169161105364803
USA,86T88,1.0162966534484714,1.0113681695881873,1.0169161105364803
USA,90T93,1.014390321077272,1.011959942433221,1.0169161105364803
USA,94T98,1.0152098589693999,1.0115573305800383,1.0169161105364803
VNM,01T02,0.9737357327185266,1.0250800466646417,1.0313816002657092
VNM,03,1.0025982651126044,1.0218074988748227,1.0313816002657092
VNM,05T06,0.9166596507135409,1.0126893166075017,1.0313816002657092
VNM,07T08,0.6793795673675703,1.03941971031754,1.0313816002657092
VNM,10T12,0.9969929793823286,1.042810371562418,1.0313816002657092
VNM,13T15,1.0101178324439068,1.0164704077583215,1.0313816002657092
VNM,16,0.9399130587811201,1.055020418585804,1.0313816002657092
VNM,17T18,0.9669064505113747,1.0290357093920461,1.0313816002657092
VNM,19,0.9162377444183979,1.0314817507086798,1.0313816002657092
VNM,20,0.9615764371388856,1.0362854583330867,1.0313816002657092
VNM,21,1.0157399929389448,1.0142790600274272,1.0313816002657092
VNM,22,0.9937229858237395,1.0346506329277534,1.0313816002657092
VNM,23,0.8050171072476694,1.0634530314103472,1.0313816002657092
VNM,24,0.8958136786410572,1.0591215705600285,1.0313816002657092
VNM,25,0.9296962972736048,1.0501588621781621,1.0313816002657092
VNM,26,1.0121648409217456,1.0164581675393976,1.0313816002657092
VNM,27,0.9933466965068,1.0322174191171631,1.0313816002657092
VNM,28,1.0099962485854246,1.0202198361032118,1.0313816002657092
VNM,29T30,1.0162012727741443,1.0211803425651742,1.0313816002657092
VNM,31T33,0.9684306281732965,1.0321862966983701,1.0313816002657092
VNM,35,0.6719241500989479,1.0239835370489303,1.0313816002657092
VNM,36T39,0.9984769169132949,1.0169532729514652,1.0313816002657092
VNM,41T43,1.0225587621291945,1.0517742435376327,1.0313816002657092
VNM,45T47,0.994804636105162,1.0063551770585666,1.0313816002657092
VNM,49,0.9411526416402611,1.018060776982406,1.0313816002657092
VNM,50,0.8306304506810991,1.0213087865573174,1.0313816002657092
VNM,51,0.9178831768307983,1.0212618785706433,1.0313816002657092
VNM,52,0.9814790617266423,1.0037058683193767,1.0313816002657092
VNM,53,0.9897763177088865,1.0094861995277042,1.0313816002657092
VNM,55T56,1.0104545822975588,1.0222368919725333,1.0313816002657092
VNM,58T60,1.0091527714284119,1.0108113018577818,1.0313816002657092
VNM,61,1.017792326827627,1.0125894777849385,1.0313816002657092
VNM,62T63,1.0333498693586995,0.9940644211183147,1.0313816002657092
VNM,64T66,1.0014668357316614,0.9946739919444593,1.0313816002657092
VNM,68,1.021739340488639,1.0072290159590729,1.0313816002657092
VNM,69T75,1.0001021097480889,1.0022840606081964,1.0313816002657092
VNM,77T82,1.0054793391315027,1.002654710772708,1.0313816002657092
VNM,84,1.0262840954979284,1.0049017094471984,1.0313816002657092
VNM,85,1.0271827291818398,0.997563247269486,1.0313816002657092
VNM,86T88,1.029333709135292,1.0060947265253455,1.0313816002657092
VNM,90T93,1.029099400957333,1.0004950597132012,1.0313816002657092
VNM,94T98,1.0253234723163895,1.0119260172958828,1.0313816002657092
ZAF,01T02,0.9247519268867413,1.0037089803713823,0.9872418585194568
ZAF,03,0.9921938367917832,0.9736138704997395,0.9872418585194568
ZAF,05T06,0.8715724862761298,0.9933196271504717,0.9872418585194568
ZAF,07T08,0.8457291707498487,1.012970678150724,0.9872418585194568
ZAF,10T12,1.0018676826349173,1.0072435506712,0.9872418585194568
ZAF,13T15,1.047042046287567,0.9958217289138337,0.9872418585194568
ZAF,16,0.9971293715118479,1.0033082302799192,0.9872418585194568
ZAF,17T18,1.0080517866315617,0.9905475400689485,0.9872418585194568
ZAF,19,0.8898161609671894,1.0081021215337322,0.9872418585194568
ZAF,20,0.935320643656149,1.02083498637448,0.9872418585194568
ZAF,21,0.9880809646763125,1.0021126139275764,0.9872418585194568
ZAF,22,0.897635341041638,1.0057080274038532,0.9872418585194568
ZAF,23,0.8591424032196296,1.0193625306631386,0.9872418585194568
ZAF,24,0.4511930830024269,1.0749731880621907,0.9872418585194568
ZAF,25,0.8868472201973446,1.066520421444972,0.9872418585194568
ZAF,26,1.007366888621987,0.9993842416178949,0.9872418585194568
ZAF,27,0.9287005833117637,1.0353147979756692,0.9872418585194568
ZAF,28,0.9784703195803295,1.0178449957852875,0.9872418585194568
ZAF,29T30,0.9791286417943227,1.024387411190785,0.9872418585194568
ZAF,31T33,0.7943760416660578,1.0104178257772558,0.9872418585194568
ZAF,35,0.6016548135161268,1.022727611185986,0.9872418585194568
ZAF,36T39,0.967938898987095,0.9730447095255885,0.9872418585194568
ZAF,41T43,0.9741506704490972,1.003688328043841,0.9872418585194568
ZAF,45T47,0.9751710448826765,0.9696576214215067,0.9872418585194568
ZAF,49,0.9609493694729946,0.9782308024366377,0.9872418585194568
ZAF,50,0.5971496675773392,0.9760896138105994,0.9872418585194568
ZAF,51,0.9562102705751516,0.9876415552436271,0.9872418585194568
ZAF,52,0.9161441387168948,0.9849823826722778,0.9872418585194568
ZAF,53,0.9748064397277476,0.9751523562403276,0.9872418585194568
ZAF,55T56,1.0033985761534137,0.9741256550170222,0.9872418585194568
ZAF,58T60,0.9923148013854473,0.9768881457158087,0.9872418585194568
ZAF,61,0.9894113178208329,0.9797337836072664,0.9872418585194568
ZAF,62T63,0.9644198899058419,0.9781173915009694,0.9872418585194568
ZAF,64T66,0.9801530324752977,0.9599098040306865,0.9872418585194568
ZAF,68,0.9811962445790571,0.9689025230875584,0.9872418585194568
ZAF,69T75,0.9725205341859341,0.9737269705117267,0.9872418585194568
ZAF,77T82,0.9649832628229631,0.9771168797602899,0.9872418585194568
ZAF,84,0.9839336768729576,0.9664248040825444,0.9872418585194568
ZAF,85,0.9837723475399729,0.9601700325079414,0.9872418585194568
ZAF,86T88,0.9827943596551375,0.9685255428839973,0.9872418585194568
ZAF,90T93,0.9522174473705652,0.9739973094843664,0.9872418585194568
ZAF,94T98,0.9823934473522768,0.9548037606007042,0.9872418585194568
