country,sector,output_hat,price_hat,spending_hat
ARG,01T02,0.8148872692117411,1.028636230264975,1.010430828096571
ARG,03,0.9988156244396775,0.9931209826907527,1.010430828096571
ARG,05T06,0.9049171661547333,1.0032848169146058,1.010430828096571
ARG,07T08,1.0043422162632087,0.9945267337506213,1.010430828096571
ARG,10T12,0.9877980063177375,1.0595757201197096,1.010430828096571
ARG,13T15,0.9898421448093498,1.0115116044053327,1.010430828096571
ARG,16,1.008224033083035,1.005094602018212,1.010430828096571
ARG,17T18,1.014454588360779,1.0001269806925528,1.010430828096571
ARG,19,0.9652678654599828,1.0363811180366707,1.010430828096571
ARG,20,0.9998135868407935,1.0081448367481847,1.010430828096571
ARG,21,1.0174454040776442,0.9984243784305222,1.010430828096571
ARG,22,0.979710799275311,1.0073445818635998,1.010430828096571
ARG,23,0.9520758200487541,1.0046101251007529,1.010430828096571
ARG,24,0.9938041483977262,1.0114743374688695,1.010430828096571
ARG,25,1.0288829055341286,1.0057851167749605,1.010430828096571
ARG,26,1.019252941323037,1.006288058937008,1.010430828096571
ARG,27,1.0245228805195576,1.0077446609144671,1.010430828096571
ARG,28,1.0192281265363583,1.0032173465888101,1.010430828096571
ARG,29T30,1.0017001498374805,1.0066679920728066,1.010430828096571
ARG,31T33,1.0109813002299841,0.9990068138467927,1.010430828096571
ARG,35,0.9288116077431487,1.0209803587828858,1.010430828096571
ARG,36T39,1.0029361198372293,0.9960143286759766,1.010430828096571
ARG,41T43,1.0071046000707218,1.000499913868431,1.010430828096571
ARG,45T47,1.0009046593621507,0.9908199603916585,1.010430828096571
ARG,49,0.982602430544633,0.9972218819330386,1.010430828096571
ARG,50,0.9714210319802002,0.9982110551033014,1.010430828096571
ARG,51,0.9620721411804278,1.010833052325265,1.010430828096571
ARG,52,0.9927678853738436,1.0005100332160313,1.010430828096571
ARG,53,1.0158455177932624,0.9944772930111635,1.010430828096571
ARG,55T56,1.0107544042783374,1.0072559423368932,1.010430828096571
ARG,58T60,1.0162636104258176,0.9942610173146186,1.010430828096571
ARG,61,1.0126131888144045,0.9930268933987384,1.010430828096571
ARG,62T63,1.0209714841796516,0.9932208720229299,1.010430828096571
ARG,64T66,1.006499873496538,0.9905015169402486,1.010430828096571
ARG,68,1.0119753177417392,0.987803460522389,1.010430828096571
ARG,69T75,1.010670211915066,0.9920669568525724,1.010430828096571
ARG,77T82,1.0034837857577745,0.9902906024500708,1.010430828096571
ARG,84,1.0085884988678222,0.991957151218356,1.010430828096571
ARG,85,1.0100979395747713,0.9900128037768318,1.010430828096571
ARG,86T88,1.0097449615951077,0.9908595861838219,1.010430828096571
ARG,90T93,1.0129373527879333,0.9943583037173644,1.010430828096571
ARG,94T98,1.0094646016550504,0.9925472802931277,1.010430828096571
AUS,01T02,0.8565031190214482,1.0230481453857256,1.0072476740612257
AUS,03,0.9811104970594069,1.0242484970571093,1.0072476740612257
AUS,05T06,0.9246558292799781,1.0026512311185651,1.0072476740612257
AUS,07T08,1.02713199433441,1.0057806797980917,1.0072476740612257
AUS,10T12,0.9866377121897736,1.045333985030292,1.0072476740612257
AUS,13T15,0.9599986457356735,1.0285860784590095,1.0072476740612257
AUS,16,1.009535796146508,1.0234589751175187,1.0072476740612257
AUS,17T18,1.0078034710309096,1.0111224533146057,1.0072476740612257
AUS,19,0.8941928190935933,1.0155466606194785,1.0072476740612257
AUS,20,0.9497553877993021,1.0175484859842465,1.0072476740612257
AUS,21,0.9994709919100978,1.0113387514277241,1.0072476740612257
AUS,22,1.0326481751944823,1.01673693133625,1.0072476740612257
AUS,23,0.9954302261936917,1.0123141827828965,1.0072476740612257
AUS,24,1.0931119615008855,1.0196615870591677,1.0072476740612257
AUS,25,1.019157486477511,1.0162040335851696,1.0072476740612257
AUS,26,1.0210060905334286,1.0046094557437744,1.0072476740612257
AUS,27,1.033197623499899,1.009651533374876,1.0072476740612257
AUS,28,1.017783625263024,1.0089149937008417,1.0072476740612257
AUS,29T30,1.0195075497338821,1.0111883604675647,1.0072476740612257
AUS,31T33,1.013791976473825,1.0072845552811418,1.0072476740612257
AUS,35,0.848830648538788,1.049987972633015,1.0072476740612257
AUS,36T39,0.993725254579986,1.0023636543072958,1.0072476740612257
AUS,41T43,1.0019744882459771,1.0080418350819458,1.0072476740612257
AUS,45T47,0.9996507374657545,1.0037236856886655,1.0072476740612257
AUS,49,0.978979172700002,1.0068000134981416,1.0072476740612257
AUS,50,0.9839237155003191,1.005801137987276,1.0072476740612257
AUS,51,0.9756664975212976,1.0080842485457677,1.0072476740612257
AUS,52,0.9963317746153085,1.0009942980919162,1.0072476740612257
AUS,53,0.9950027055148227,1.005981205198278,1.0072476740612257
AUS,55T56,1.0089464469964977,1.0088110547894211,1.0072476740612257
AUS,58T60,1.011993248724407,1.0013621837984168,1.0072476740612257
AUS,61,1.0036956227908052,1.0017958335120705,1.0072476740612257
AUS,62T63,1.00364166037314,0.9979625314434707,1.0072476740612257
AUS,64T66,0.9963425406278117,0.9958254598940264,1.0072476740612257
AUS,68,1.0057843376991384,0.9959022335022228,1.0072476740612257
AUS,69T75,0.9985335010166477,0.9987695636677495,1.0072476740612257
AUS,77T82,0.9985697658968559,1.000055066609365,1.0072476740612257
AUS,84,1.0053584885517466,1.0022204114877253,1.0072476740612257
AUS,85,1.0090905316248888,0.9978104928813464,1.0072476740612257
AUS,86T88,1.0070194897355902,0.998352829474021,1.0072476740612257
AUS,90T93,1.0079277518822924,0.9988744314621645,1.0072476740612257
AUS,94T98,1.005989151851559,0.9983480154481776,1.0072476740612257
AUT,01T02,1.0034184958732457,1.0261034542944198,1.023375605291579
AUT,03,1.0198832857168494,1.0209839149469073,1.023375605291579
AUT,05T06,0.9191396527340875,1.0225538668076992,1.023375605291579
AUT,07T08,0.992374300518031,1.0241903719372436,1.023375605291579
AUT,10T12,1.0232263944768838,1.0261410483390274,1.023375605291579
AUT,13T15,1.0085905661911636,1.01920702446196,1.023375605291579
AUT,16,1.012367543312925,1.0268052307168836,1.023375605291579
AUT,17T18,0.9870066077979144,1.0238799211907021,1.023375605291579
AUT,19,0.9995546939396469,1.0343540367417168,1.023375605291579
AUT,20,1.0113904085705412,1.0267128282408404,1.023375605291579
AUT,21,1.0088850467312729,1.0190705132147706,1.023375605291579
AUT,22,1.0283433556892774,1.022466909586515,1.023375605291579
AUT,23,1.0140174007395488,1.0240349339698238,1.023375605291579
AUT,24,1.0204041791230534,1.0308577589885477,1.023375605291579
AUT,25,1.0170381701802875,1.024190974857369,1.023375605291579
AUT,26,1.015317519453809,1.018708668541394,1.023375605291579
AUT,27,1.0204582513275833,1.0210727749419672,1.023375605291579
AUT,28,1.0156810423356033,1.0202117191830176,1.023375605291579
AUT,29T30,1.014285624945657,1.0203961998387547,1.023375605291579
AUT,31T33,1.0175012180704843,1.0222958381744263,1.023375605291579
AUT,35,1.0184306064111948,1.033411099272822,1.023375605291579
AUT,36T39,1.0152177569125669,1.018631806375598,1.023375605291579
AUT,41T43,1.0194681444116347,1.0208202195473393,1.023375605291579
AUT,45T47,1.010763023918264,1.0171881494553103,1.023375605291579
AUT,49,1.0001775209433756,1.018607309046223,1.023375605291579
AUT,50,1.0282913820982855,1.0201981924161436,1.023375605291579
AUT,51,0.9972731446973321,1.0189165313328932,1.023375605291579
AUT,52,1.0091069651793685,1.017009324895532,1.023375605291579
AUT,53,1.0120708803283123,1.0164848640091297,1.023375605291579
AUT,55T56,1.0194977461400596,1.018077597428193,1.023375605291579
AUT,58T60,1.0067071468543147,1.0177850284406065,1.023375605291579
AUT,61,1.0109911067313535,1.0164798902635126,1.023375605291579
AUT,62T63,1.0033323506310057,1.015396763415642,1.023375605291579
AUT,64T66,1.0102072957856647,1.0158798599496086,1.023375605291579
AUT,68,1.0200090407245597,1.0166494154814911,1.023375605291579
AUT,69T75,1.0084440312290834,1.0166002273144057,1.023375605291579
AUT,77T82,1.0139131030268786,1.016727761343302,1.023375605291579
AUT,84,1.021609467861532,1.0168426391665824,1.023375605291579
AUT,85,1.0214564517952762,1.0163947442905192,1.023375605291579
AUT,86T88,1.021904463075508,1.0172775698650043,1.023375605291579
AUT,90T93,1.0190556433909406,1.0170636936067416,1.023375605291579
AUT,94T98,1.02033705642702,1.0169958271728903,1.023375605291579
BEL,01T02,0.982449777775997,1.0270102721542003,1.0207833963811737
BEL,03,1.017064510781659,1.0186895693305122,1.0207833963811737
BEL,05T06,0.030666116624203283,1.1062974240942693,1.0207833963811737
BEL,07T08,0.9960467315629274,1.0200406620751699,1.0207833963811737
BEL,10T12,1.009745304741233,1.0294662429794947,1.0207833963811737
BEL,13T15,1.0007304999435596,1.019460214003087,1.0207833963811737
BEL,16,1.0232566955236166,1.0235838189788204,1.0207833963811737
BEL,17T18,1.008358220946107,1.0213091012920645,1.0207833963811737
BEL,19,0.9989067756799346,1.0294877561197862,1.0207833963811737
BEL,20,0.9934327299644476,1.0232531485165772,1.0207833963811737
BEL,21,1.0093412085635995,1.0161831287983492,1.0207833963811737
BEL,22,1.0190616733405156,1.0251545662193973,1.0207833963811737
BEL,23,0.9945782237037882,1.021477178493928,1.0207833963811737
BEL,24,1.0832838014925128,1.030154220855848,1.0207833963811737
BEL,25,1.0204850992459154,1.0230815085504952,1.0207833963811737
BEL,26,1.0151064456162338,1.0178265703518947,1.0207833963811737
BEL,27,1.0176649668749214,1.0222141915088612,1.0207833963811737
BEL,28,1.0151652543116882,1.0200161136109596,1.0207833963811737
BEL,29T30,1.0178184579309262,1.0187868853254636,1.0207833963811737
BEL,31T33,1.032127373996577,1.0175477866226563,1.0207833963811737
BEL,35,0.9888516658303822,1.0236692925232778,1.0207833963811737
BEL,36T39,1.0304486293550235,1.0178090715882517,1.0207833963811737
BEL,41T43,1.0179523482314197,1.0197384352480598,1.0207833963811737
BEL,45T47,1.00962948280029,1.015441412539119,1.0207833963811737
BEL,49,1.0091511148756316,1.0170498251609028,1.0207833963811737
BEL,50,0.8527066852290568,1.0250248941608036,1.0207833963811737
BEL,51,0.9990217770837202,1.0227121699287363,1.0207833963811737
BEL,52,1.000195915495644,1.0175287665302533,1.0207833963811737
BEL,53,1.005667326524656,1.0176200751588758,1.0207833963811737
BEL,55T56,1.0152955570096216,1.0187716522734211,1.0207833963811737
BEL,58T60,1.0053331736956492,1.0149783507107313,1.0207833963811737
BEL,61,1.0084780896624193,1.013859135324929,1.0207833963811737
BEL,62T63,1.005374859282136,1.0145521807463882,1.0207833963811737
BEL,64T66,1.0081942531476467,1.0120391364143344,1.0207833963811737
BEL,68,1.017542882716582,1.0135117160951104,1.0207833963811737
BEL,69T75,1.0077277231887545,1.0141921014656157,1.0207833963811737
BEL,77T82,1.0084499567353946,1.0160493666365953,1.0207833963811737
BEL,84,1.0194083991344423,1.0137782329838008,1.0207833963811737
BEL,85,1.0196103918045791,1.0132088791224307,1.0207833963811737
BEL,86T88,1.0197961573306913,1.0151361908540932,1.0207833963811737
BEL,90T93,1.0163137455930134,1.015694736198122,1.0207833963811737
BEL,94T98,1.0172397301409912,1.015214642557092,1.0207833963811737
BGR,01T02,0.8621808338980179,1.0225236149830899,1.0252319800213698
BGR,03,1.0065082197871749,1.0276402359387475,1.0252319800213698
BGR,05T06,0.9264576641631581,1.0354082411517687,1.0252319800213698
BGR,07T08,0.9881729166227152,1.0200452033883878,1.0252319800213698
BGR,10T12,1.0066921686218795,1.0297218697770107,1.0252319800213698
BGR,13T15,1.0299865381725088,1.0128178989011996,1.0252319800213698
BGR,16,0.9799377320901433,1.033616273169229,1.0252319800213698
BGR,17T18,0.9985610269641864,1.0202919747082817,1.0252319800213698
BGR,19,0.9624927044909583,1.0237802779159633,1.0252319800213698
BGR,20,0.788296409700235,1.0327644638259506,1.0252319800213698
BGR,21,0.8574475650201502,1.0288037669737866,1.0252319800213698
BGR,22,1.0331777666244701,1.0209222568860448,1.0252319800213698
BGR,23,0.8688126015814088,1.0315242811956369,1.0252319800213698
BGR,24,1.1040156877745715,1.0353719787446611,1.0252319800213698
BGR,25,1.0256304901472557,1.0191658921861055,1.0252319800213698
BGR,26,1.01976271864797,1.01473668323853,1.0252319800213698
BGR,27,1.0210120377190968,1.0201590870039479,1.0252319800213698
BGR,28,1.0163522008600356,1.0187562195904902,1.0252319800213698
BGR,29T30,1.0230811476936499,1.0159110415161057,1.0252319800213698
BGR,31T33,1.0405013358925874,1.0124369949352936,1.0252319800213698
BGR,35,0.7861024767089525,1.0168007362183533,1.0252319800213698
BGR,36T39,1.0095200103282356,1.026730022666182,1.0252319800213698
BGR,41T43,1.0159909479093396,1.0207966952171212,1.0252319800213698
BGR,45T47,1.003685456352788,1.0085256939145513,1.0252319800213698
BGR,49,0.9653869002968596,1.014323181602983,1.0252319800213698
BGR,50,0.9501198953621438,1.0169479826867422,1.0252319800213698
BGR,51,1.0424940427302185,1.0162128827073917,1.0252319800213698
BGR,52,0.9960583116361806,1.0133363677267737,1.0252319800213698
BGR,53,1.0121423086934014,1.006077610633654,1.0252319800213698
BGR,55T56,1.0157227358306438,1.012493360595277,1.0252319800213698
BGR,58T60,1.0302129766138683,1.0025500438624848,1.0252319800213698
BGR,61,1.0202442062832056,1.007941501233324,1.0252319800213698
BGR,62T63,1.0181398164639204,1.0020533916074614,1.0252319800213698
BGR,64T66,1.010793593674042,1.0007626387708477,1.0252319800213698
BGR,68,1.0209355062938335,1.004307505474461,1.0252319800213698
BGR,69T75,1.0166751242531342,1.003330459805667,1.0252319800213698
BGR,77T82,1.0133678864664908,1.006229741151994,1.0252319800213698
BGR,84,1.0237748173473573,1.004571427914635,1.0252319800213698
BGR,85,1.0241713188927843,0.9986959876938272,1.0252319800213698
BGR,86T88,1.0225653958310623,1.0064031659606318,1.0252319800213698
BGR,90T93,1.0205631287393766,1.0055135700312252,1.0252319800213698
BGR,94T98,1.0173565485579317,1.0092349980601205,1.0252319800213698
BRA,01T02,0.5997740608692119,0.9997106260137519,0.9890740044747708
BRA,03,0.9877454890168089,0.9719763427637405,0.9890740044747708
BRA,05T06,0.9155408323133737,0.9856585142290999,0.9890740044747708
BRA,07T08,1.0238456238067086,0.9805158287333091,0.9890740044747708
BRA,10T12,0.9527880428034377,1.0707432586230958,0.9890740044747708
BRA,13T15,1.0124651205263675,0.9920772292084358,0.9890740044747708
BRA,16,1.0093105755819995,1.0075126903209115,0.9890740044747708
BRA,17T18,1.0048191065918237,0.9997108000292317,0.9890740044747708
BRA,19,0.9414216709059037,1.0166427056235379,0.9890740044747708
BRA,20,0.9088658504771313,1.0190646802289323,0.9890740044747708
BRA,21,1.002020684178738,0.9794348767567483,0.9890740044747708
BRA,22,0.9994973447101175,0.9997945955031582,0.9890740044747708
BRA,23,0.8842360657046391,0.9933055421713226,0.9890740044747708
BRA,24,0.9719996743120775,1.0003721337533065,0.9890740044747708
BRA,25,1.0027790645386538,0.9973814989623849,0.9890740044747708
BRA,26,1.012761386873979,0.9859481984084535,0.9890740044747708
BRA,27,1.015230132178545,0.9941301844529842,0.9890740044747708
BRA,28,1.0193834891029243,0.9884439415076872,0.9890740044747708
BRA,29T30,1.028671411375053,0.9907324183933365,0.9890740044747708
BRA,31T33,1.0044547585625614,0.9858545090706688,0.9890740044747708
BRA,35,0.9457744640179898,0.9848511289099008,0.9890740044747708
BRA,36T39,0.9855277791743718,0.9757893405194582,0.9890740044747708
BRA,41T43,0.9880554545789638,0.9891203413776292,0.9890740044747708
BRA,45T47,0.9889199474681775,0.9749732200740567,0.9890740044747708
BRA,49,0.9613853893101624,0.9850790623545455,0.9890740044747708
BRA,50,0.9589579271876164,0.9858394864944633,0.9890740044747708
BRA,51,0.9673058954039805,0.9898200885602487,0.9890740044747708
BRA,52,1.0001689034273482,0.9750597856482732,0.9890740044747708
BRA,53,0.9892160022145129,0.9740716077419876,0.9890740044747708
BRA,55T56,0.993807262600319,0.994490387009077,0.9890740044747708
BRA,58T60,1.0249060843383933,0.9830008812716438,0.9890740044747708
BRA,61,0.9939885274465047,0.9730874804939323,0.9890740044747708
BRA,62T63,1.0173758929955805,0.9713869493189143,0.9890740044747708
BRA,64T66,0.9854643240830446,0.9702094987393931,0.9890740044747708
BRA,68,0.9912845932697001,0.9682155996544825,0.9890740044747708
BRA,69T75,1.0042500021762455,0.9722748911112152,0.9890740044747708
BRA,77T82,0.996408545726897,0.9733154215451701,0.9890740044747708
BRA,84,0.9891616941324203,0.9710422517961629,0.9890740044747708
BRA,85,0.9894652151703511,0.9703500158035403,0.9890740044747708
BRA,86T88,0.9893969403007189,0.9738756472697214,0.9890740044747708
BRA,90T93,1.0005966552335215,0.9740792248539941,0.9890740044747708
BRA,94T98,0.9889014647661414,0.9794976712185,0.9890740044747708
BRN,01T02,1.0065351688335678,0.9916723226266412,0.9742320985771373
BRN,03,1.0124746213272762,0.9848412414674762,0.9742320985771373
BRN,05T06,0.9585974029834455,0.9794747893660993,0.9742320985771373
BRN,07T08,1.0946289198727241,0.9771858176624254,0.9742320985771373
BRN,10T12,1.1110339269708613,0.9972412570686404,0.9742320985771373
BRN,13T15,1.083890464369832,0.9893206781603512,0.9742320985771373
BRN,16,1.1156274011207337,0.9902865228720775,0.9742320985771373
BRN,17T18,1.0248434448813677,0.9932629774724911,0.9742320985771373
BRN,19,0.9896602920255526,0.9785562186802469,0.9742320985771373
BRN,20,1.176381680774792,0.9789622707149641,0.9742320985771373
BRN,21,1.087904836516391,0.9805313647510633,0.9742320985771373
BRN,22,1.062510560118831,0.9940422231404239,0.9742320985771373
BRN,23,1.068152650546045,0.9882750488117864,0.9742320985771373
BRN,24,1.382842185904535,0.9789790274096695,0.9742320985771373
BRN,25,1.061446950918701,1.0093253585189266,0.9742320985771373
BRN,26,1.0102279154854188,0.9876905691775716,0.9742320985771373
BRN,27,1.0603342336578956,0.9894835248373884,0.9742320985771373
BRN,28,1.0524294240778556,0.9872669325737897,0.9742320985771373
BRN,29T30,1.0308713077424256,0.9855950962509744,0.9742320985771373
BRN,31T33,0.8163935655235248,0.9910729979277697,0.9742320985771373
BRN,35,0.9831477238760581,0.9821727576027032,0.9742320985771373
BRN,36T39,0.9762585313120108,0.9825619429573049,0.9742320985771373
BRN,41T43,0.9745479304202184,0.9935454027201742,0.9742320985771373
BRN,45T47,0.9961937342417907,0.9852932356835509,0.9742320985771373
BRN,49,1.0124630549695903,0.9818737677807773,0.9742320985771373
BRN,50,0.9886457496046368,0.9822082250821433,0.9742320985771373
BRN,51,1.0084035278800811,0.9807510647395049,0.9742320985771373
BRN,52,1.0436955479704784,0.9843263065028055,0.9742320985771373
BRN,53,1.0263667012027335,0.9895046926106931,0.9742320985771373
BRN,55T56,1.0149038576148832,0.9970078819413984,0.9742320985771373
BRN,58T60,1.029948680308697,0.9812813836341834,0.9742320985771373
BRN,61,0.9830842169726783,0.9874495346464535,0.9742320985771373
BRN,62T63,1.0160654811278942,0.9851341854692215,0.9742320985771373
BRN,64T66,0.9901417458016664,0.9803716293441912,0.9742320985771373
BRN,68,0.9892856753165773,0.9782642417216153,0.9742320985771373
BRN,69T75,0.9948051399005073,0.9842082977899292,0.9742320985771373
BRN,77T82,1.006323984031994,0.9859203955831417,0.9742320985771373
BRN,84,0.9756044399970714,0.983486974519442,0.9742320985771373
BRN,85,0.976990445397018,0.9851480120105919,0.9742320985771373
BRN,86T88,0.9776696727749039,0.988044973506176,0.9742320985771373
BRN,90T93,1.0088605803751134,0.9919716298860705,0.9742320985771373
BRN,94T98,1.0078716769204596,0.981946179461121,0.9742320985771373
CAN,01T02,0.8170355736064557,1.0306105963692282,1.008903690420479
CAN,03,0.9932674744587326,1.01064067305668,1.008903690420479
CAN,05T06,0.9090566825308084,1.0079441625057433,1.008903690420479
CAN,07T08,1.0146384557208268,1.0075956783422226,1.008903690420479
CAN,10T12,0.9891940422814463,1.0398215790155627,1.008903690420479
CAN,13T15,1.0411358935339194,1.0085070045050104,1.008903690420479
CAN,16,0.9520533211827613,1.0470741469910974,1.008903690420479
CAN,17T18,0.9916384827247184,1.0191397944401719,1.008903690420479
CAN,19,0.910487199117055,1.0334483699794255,1.008903690420479
CAN,20,0.9558077209522344,1.018658610249425,1.008903690420479
CAN,21,1.0120310798373666,1.0087944526298984,1.008903690420479
CAN,22,1.0050337492278576,1.0159661396918813,1.008903690420479
CAN,23,0.9857214608870883,1.0183612260410562,1.008903690420479
CAN,24,1.0538785198221234,1.0243235551644736,1.008903690420479
CAN,25,1.040135013491405,1.0140987494653892,1.008903690420479
CAN,26,1.023577975526378,1.006323388800785,1.008903690420479
CAN,27,1.0294964442656136,1.0143637675371249,1.008903690420479
CAN,28,1.0204413972631055,1.0104338052148567,1.008903690420479
CAN,29T30,1.0246789118441646,1.0120651822119733,1.008903690420479
CAN,31T33,1.01663073908753,1.0096231321235258,1.008903690420479
CAN,35,0.9578085157540746,1.0017593006299812,1.008903690420479
CAN,36T39,0.9986145303881641,1.003097431515996,1.008903690420479
CAN,41T43,1.0035568491240383,1.011320743578648,1.008903690420479
CAN,45T47,1.0079357612751068,1.0010007775867729,1.008903690420479
CAN,49,0.9631866753258345,1.0079785347418158,1.008903690420479
CAN,50,0.9157006919803632,1.0209100539941405,1.008903690420479
CAN,51,0.8993299701966714,1.010309454737825,1.008903690420479
CAN,52,0.987769840462132,1.0064620925447754,1.008903690420479
CAN,53,1.0059949128035628,1.0065634345636616,1.008903690420479
CAN,55T56,1.0084858388242275,1.0103830738604263,1.008903690420479
CAN,58T60,1.0151172571332383,1.0035194837626558,1.008903690420479
CAN,61,1.005452275437919,1.0011131735873984,1.008903690420479
CAN,62T63,1.0082345103930612,1.0004218341026208,1.008903690420479
CAN,64T66,1.0026316152859522,1.0003845530514794,1.008903690420479
CAN,68,1.007568803763994,0.9987513397419191,1.008903690420479
CAN,69T75,1.000619099514749,1.001300740562728,1.008903690420479
CAN,77T82,1.0004288111507662,1.0021512040285743,1.008903690420479
CAN,84,1.0069440678438926,1.0020282835536551,1.008903690420479
CAN,85,1.0084558317309429,1.0000025781367237,1.008903690420479
CAN,86T88,1.0071031488587983,1.0009117775938423,1.008903690420479
CAN,90T93,1.0088289988755714,1.003966231313177,1.008903690420479
CAN,94T98,1.0053888300443463,1.003226643122355,1.008903690420479
CHE,01T02,1.0361265488461744,1.0257869825559098,1.0245304127525356
CHE,03,1.013111702992031,1.0155698086785585,1.0245304127525356
CHE,05T06,0.9856430056844099,1.0223037391547378,1.0245304127525356
CHE,07T08,1.0345465916000638,1.0217240237558183,1.0245304127525356
CHE,10T12,1.0214530518442972,1.0268407650648192,1.0245304127525356
CHE,13T15,1.0103979070434004,1.0189876610770656,1.0245304127525356
CHE,16,1.034378611414101,1.0212468486940927,1.0245304127525356
CHE,17T18,1.0140219128004684,1.020696860041754,1.0245304127525356
CHE,19,1.0167484556912711,1.0271018748232486,1.0245304127525356
CHE,20,1.0370840332632791,1.0226030404716744,1.0245304127525356
CHE,21,1.0143755041438731,1.0193342321242473,1.0245304127525356
CHE,22,1.0264362553544755,1.022342420514631,1.0245304127525356
CHE,23,1.0178649259866492,1.0252812437419476,1.0245304127525356
CHE,24,1.1658854856990661,1.027578020485046,1.0245304127525356
CHE,25,1.0285789023566385,1.0211769205143146,1.0245304127525356
CHE,26,1.0124009852604516,1.0198987708125462,1.0245304127525356
CHE,27,1.0185647696760605,1.0222773544372046,1.0245304127525356
CHE,28,1.0149725643630265,1.0203932938151825,1.0245304127525356
CHE,29T30,1.0127951895274376,1.0197865433354947,1.0245304127525356
CHE,31T33,1.0380255830277576,1.0203525437632492,1.0245304127525356
CHE,35,1.0474135475606536,1.0220254654198286,1.0245304127525356
CHE,36T39,1.0246677063983172,1.0199817739364914,1.0245304127525356
CHE,41T43,1.02335791934374,1.0211336044756527,1.0245304127525356
CHE,45T47,1.0089199790888608,1.0196049435072105,1.0245304127525356
CHE,49,1.0171869709733756,1.0207388738484142,1.0245304127525356
CHE,50,1.0198397241537716,1.025288652134057,1.0245304127525356
CHE,51,0.9923684064937,1.023280678355425,1.0245304127525356
CHE,52,1.0020319288791066,1.0220976729544824,1.0245304127525356
CHE,53,1.011699226773833,1.0183716436213273,1.0245304127525356
CHE,55T56,1.0142423496888862,1.0205844568448124,1.0245304127525356
CHE,58T60,0.9982925324926282,1.0178233166192403,1.0245304127525356
CHE,61,1.0146064602998448,1.0174962852175302,1.0245304127525356
CHE,62T63,1.0015262623036947,1.0157568203318297,1.0245304127525356
CHE,64T66,1.0064157577996702,1.0168425824142449,1.0245304127525356
CHE,68,1.0218296842920056,1.0171830000569466,1.0245304127525356
CHE,69T75,1.0122356399663848,1.0176525955007216,1.0245304127525356
CHE,77T82,1.0146711700211009,1.0178912418201964,1.0245304127525356
CHE,84,1.021593349961155,1.0180852141657812,1.0245304127525356
CHE,85,1.0192566978393096,1.019197569934955,1.0245304127525356
CHE,86T88,1.0237766566777502,1.0180575794843612,1.0245304127525356
CHE,90T93,1.016170290842904,1.0181527189831279,1.0245304127525356
CHE,94T98,1.0209231198258912,1.0176566545044778,1.0245304127525356
CHL,01T02,1.0203649073912766,1.0313779650309804,1.0333692585646772
CHL,03,1.0110298986942547,1.028730552111435,1.0333692585646772
CHL,05T06,0.7471085353807293,1.0259088529065317,1.0333692585646772
CHL,07T08,0.9592842331349254,1.0299428650935156,1.0333692585646772
CHL,10T12,1.0217527392982049,1.0345821923748193,1.0333692585646772
CHL,13T15,0.9991742076487614,1.0272937059704907,1.0333692585646772
CHL,16,1.0000032309213116,1.0364563631105355,1.0333692585646772
CHL,17T18,0.9705133482288205,1.037118683814985,1.0333692585646772
CHL,19,0.9810126753598494,1.0475501381896,1.0333692585646772
CHL,20,0.9953799019924986,1.0356954755179093,1.0333692585646772
CHL,21,1.0123840405313194,1.0266982172845123,1.0333692585646772
CHL,22,0.9476539103183332,1.0336242976115135,1.0333692585646772
CHL,23,0.9838693868494011,1.0435875891762179,1.0333692585646772
CHL,24,1.1790805100408186,1.0342257555056562,1.0333692585646772
CHL,25,1.0190964901266208,1.0332026205864169,1.0333692585646772
CHL,26,1.0232183789294969,1.026352173479399,1.0333692585646772
CHL,27,1.0079906069283815,1.0324051372357674,1.0333692585646772
CHL,28,1.006896460450674,1.0316066649609426,1.0333692585646772
CHL,29T30,1.0032855658926323,1.0275083778071261,1.0333692585646772
CHL,31T33,0.992566592323734,1.0281876968684889,1.0333692585646772
CHL,35,0.9352419455991013,1.0620060134544596,1.0333692585646772
CHL,36T39,1.026156486081743,1.027371468333707,1.0333692585646772
CHL,41T43,1.029632246750573,1.029757080692801,1.0333692585646772
CHL,45T47,1.0098505615097777,1.02478730374215,1.0333692585646772
CHL,49,0.990945809157337,1.028833973161077,1.0333692585646772
CHL,50,0.8820730058393949,1.027489339580387,1.0333692585646772
CHL,51,0.8873754888102405,1.0270035053600517,1.0333692585646772
CHL,52,0.9993468057530901,1.023979998630935,1.0333692585646772
CHL,53,1.01098408745432,1.0272618520615384,1.0333692585646772
CHL,55T56,1.02193115044507,1.027476997800167,1.0333692585646772
CHL,58T60,1.0081751592272672,1.0254489136246208,1.0333692585646772
CHL,61,1.0252372741673197,1.0257436530133672,1.0333692585646772
CHL,62T63,1.009772653923008,1.0221337719861519,1.0333692585646772
CHL,64T66,1.018316970398645,1.0220371927648453,1.0333692585646772
CHL,68,1.0253094674851355,1.0221916014620436,1.0333692585646772
CHL,69T75,1.0188948301527618,1.0221781868299828,1.0333692585646772
CHL,77T82,1.0080752964550752,1.0222718660284944,1.0333692585646772
CHL,84,1.0309369191018878,1.023664614674755,1.0333692585646772
CHL,85,1.0321436130949653,1.0227290593840002,1.0333692585646772
CHL,86T88,1.0316960179712766,1.0238894180426563,1.0333692585646772
CHL,90T93,1.02604844394415,1.0223021658168037,1.0333692585646772
CHL,94T98,1.0238759240620392,1.0230570816642028,1.0333692585646772
CHN,01T02,0.9893580217791721,1.0206275064788097,1.0250368040119375
CHN,03,1.0133934476843935,1.0120881759425908,1.0250368040119375
CHN,05T06,0.8638552893104656,1.032103112600068,1.0250368040119375
CHN,07T08,0.8781337097684626,1.0429613868545977,1.0250368040119375
CHN,10T12,1.0093847820289539,1.0278366970417323,1.0250368040119375
CHN,13T15,0.9972394901993749,1.0231671682578112,1.0250368040119375
CHN,16,0.9936343843674131,1.0307443440398998,1.0250368040119375
CHN,17T18,0.997256665794852,1.0263271137981034,1.0250368040119375
CHN,19,0.925230976615936,1.0272908823159996,1.0250368040119375
CHN,20,0.9537268611436897,1.0379276179343593,1.0250368040119375
CHN,21,1.0019619392367993,1.0205837751001205,1.0250368040119375
CHN,22,0.9765362156678685,1.0350279558262265,1.0250368040119375
CHN,23,0.9378940734417285,1.0455784313147594,1.0250368040119375
CHN,24,0.9088539812634399,1.0552284597926065,1.0250368040119375
CHN,25,0.9863055641100688,1.0463194235256583,1.0250368040119375
CHN,26,1.0048563256998961,1.0216433338721265,1.0250368040119375
CHN,27,0.9878096392212579,1.0393025537854004,1.0250368040119375
CHN,28,0.9954951874623057,1.034200243106211,1.0250368040119375
CHN,29T30,1.0100516537075641,1.0246532680511655,1.0250368040119375
CHN,31T33,0.9865089259177924,1.024052590092065,1.0250368040119375
CHN,35,0.7857984540375852,1.0675565336982262,1.0250368040119375
CHN,36T39,0.9754876534314503,1.0258855747029672,1.0250368040119375
CHN,41T43,1.023257388032319,1.0430607804834073,1.0250368040119375
CHN,45T47,1.0037869222581195,1.000528203530628,1.0250368040119375
CHN,49,0.9835961406383099,1.0148742122711012,1.0250368040119375
CHN,50,0.8905287209787593,1.0255774514494957,1.0250368040119375
CHN,51,0.9704557006955128,1.0171059749438012,1.0250368040119375
CHN,52,0.9722836734830355,1.0174181930964366,1.0250368040119375
CHN,53,0.9918182614513136,1.009686071568762,1.0250368040119375
CHN,55T56,1.0096326118374928,1.0139336330245112,1.0250368040119375
CHN,58T60,1.0190981209640515,1.0067540711395446,1.0250368040119375
CHN,61,1.0125416238423368,1.0092708688703087,1.0250368040119375
CHN,62T63,1.0198002175968601,0.9976115080546712,1.0250368040119375
CHN,64T66,0.9952592669827633,0.9926940137694908,1.0250368040119375
CHN,68,1.0200204969701394,0.9934345768239503,1.0250368040119375
CHN,69T75,1.0023979956420792,1.0082356317052275,1.0250368040119375
CHN,77T82,0.9994925750516854,1.0073070814387213,1.0250368040119375
CHN,84,1.0238402213310585,0.9984244036231358,1.0250368040119375
CHN,85,1.0245955444436288,0.9973759115569364,1.0250368040119375
CHN,86T88,1.0237993821800855,1.002265750906101,1.0250368040119375
CHN,90T93,1.021174399874589,0.9993514192000368,1.0250368040119375
CHN,94T98,1.018602796383584,1.001277206181998,1.0250368040119375
COL,01T02,0.7766824829284366,1.0058515766173508,1.006674198023346
COL,03,1.0032848520426305,1.0183357303570584,1.006674198023346
COL,05T06,0.9461764800286124,0.9993512830519738,1.006674198023346
COL,07T08,0.9823885363891455,0.9941521160856468,1.006674198023346
COL,10T12,0.9685376427284451,1.0580303788608993,1.006674198023346
COL,13T15,1.0162655846134778,0.9999304555195568,1.006674198023346
COL,16,0.9810822888353903,1.0295727531213354,1.006674198023346
COL,17T18,0.9938952634169077,1.0030673920516016,1.006674198023346
COL,19,0.957312370257322,1.0146460575907863,1.006674198023346
COL,20,1.0223793536616985,1.0060876516124295,1.006674198023346
COL,21,1.0322026308677033,0.9969858202689801,1.006674198023346
COL,22,1.0291252529496446,1.0084691721027752,1.006674198023346
COL,23,0.9702525370390639,1.0035697006707591,1.006674198023346
COL,24,1.063791116804552,1.0141164331736638,1.006674198023346
COL,25,1.0256475935429035,1.0073306564551443,1.006674198023346
COL,26,1.0220871254692847,1.0040691115614233,1.006674198023346
COL,27,1.0279756154057125,1.0071343300268796,1.006674198023346
COL,28,1.0211028647369425,1.0060616114698393,1.006674198023346
COL,29T30,1.0334200534974822,1.001499414093141,1.006674198023346
COL,31T33,1.0153565574329264,0.9992043659546366,1.006674198023346
COL,35,0.9565440836617485,1.0050896253781605,1.006674198023346
COL,36T39,1.0013207227787086,0.9928884311866845,1.006674198023346
COL,41T43,1.0046851508259855,1.0040919726204627,1.006674198023346
COL,45T47,1.0007793069986561,0.9904473668559686,1.006674198023346
COL,49,0.9798379538417505,0.997136091151287,1.006674198023346
COL,50,0.9810328703673357,0.9968922983145169,1.006674198023346
COL,51,0.9918242374320544,1.0010107131467536,1.006674198023346
COL,52,1.0014194903175229,0.9888066706502798,1.006674198023346
COL,53,1.0059316608325637,0.993463995076424,1.006674198023346
COL,55T56,1.007159704746696,1.009859202140448,1.006674198023346
COL,58T60,1.0254075668995846,0.9909194853195904,1.006674198023346
COL,61,1.007695100903172,0.9875703769182875,1.006674198023346
COL,62T63,1.0155535662909216,0.9867022041378355,1.006674198023346
COL,64T66,1.0087293494557832,0.9874281855297793,1.006674198023346
COL,68,1.0069114447927205,0.9842040998572639,1.006674198023346
COL,69T75,1.0075619670682643,0.9869759325900055,1.006674198023346
COL,77T82,1.0036555105720244,0.9861533251958601,1.006674198023346
COL,84,1.0056240975782547,0.9899963578793161,1.006674198023346
COL,85,1.007154367435506,0.9871823758451711,1.006674198023346
COL,86T88,1.0060820424348347,0.9901768059239122,1.006674198023346
COL,90T93,1.0092426235910759,0.9885005803929559,1.006674198023346
COL,94T98,1.0069888021682811,0.9885984209260551,1.006674198023346
CRI,01T02,1.0372568560961144,1.015035787450542,1.0142644136551011
CRI,03,1.0132882997326822,1.0156754163772812,1.0142644136551011
CRI,05T06,1.0180040253093836,1.0153258163386087,1.0142644136551011
CRI,07T08,1.010843040862567,1.0154594089991889,1.0142644136551011
CRI,10T12,1.018308189795856,1.015080683269047,1.0142644136551011
CRI,13T15,1.005838237100387,1.0143358988991038,1.0142644136551011
CRI,16,1.0233365885911805,1.01551678217241,1.0142644136551011
CRI,17T18,1.0042282117580383,1.0141867090474292,1.0142644136551011
CRI,19,1.0250919338474174,1.0152774260908142,1.0142644136551011
CRI,20,1.0292874869006294,1.0152731718652022,1.0142644136551011
CRI,21,0.9913419239292323,1.0146841821160477,1.0142644136551011
CRI,22,1.0351400561408832,1.0158086846903138,1.0142644136551011
CRI,23,1.012453577840335,1.0154886711280011,1.0142644136551011
CRI,24,1.074083762697012,1.0190964418695379,1.0142644136551011
CRI,25,1.029714325381244,1.0169691439266666,1.0142644136551011
CRI,26,1.0158799848032998,1.0148973578649014,1.0142644136551011
CRI,27,1.0259527084447166,1.0161464271081442,1.0142644136551011
CRI,28,1.020091636556047,1.0161377275995858,1.0142644136551011
CRI,29T30,1.0239692991039728,1.0160356057871693,1.0142644136551011
CRI,31T33,1.0317940382823054,1.0152702394004574,1.0142644136551011
CRI,35,1.0166855989270034,1.014705719677733,1.0142644136551011
CRI,36T39,1.0169356621082348,1.0148480692661088,1.0142644136551011
CRI,41T43,1.0139763372206743,1.015693899729063,1.0142644136551011
CRI,45T47,1.0082868725510028,1.014730038997619,1.0142644136551011
CRI,49,1.0074864095006157,1.0155881218671599,1.0142644136551011
CRI,50,0.9869034078263577,1.0159945066923626,1.0142644136551011
CRI,51,1.0453519475492787,1.0161773980625368,1.0142644136551011
CRI,52,1.008258155308886,1.0150246403741645,1.0142644136551011
CRI,53,1.0128169182973037,1.0145875182918374,1.0142644136551011
CRI,55T56,1.0142618695131922,1.0148111202874366,1.0142644136551011
CRI,58T60,1.009314158162819,1.0143065488299705,1.0142644136551011
CRI,61,1.0108428520493533,1.0145293523787415,1.0142644136551011
CRI,62T63,1.0055303424069661,1.0145482151611758,1.0142644136551011
CRI,64T66,1.0110376140113522,1.0144857057431855,1.0142644136551011
CRI,68,1.0135232324131072,1.014693442264601,1.0142644136551011
CRI,69T75,1.0100715242608813,1.0145876341323414,1.0142644136551011
CRI,77T82,1.012254557062595,1.0146942006037167,1.0142644136551011
CRI,84,1.0142214436187016,1.0146565140219115,1.0142644136551011
CRI,85,1.0138964424433812,1.0146533993033793,1.0142644136551011
CRI,86T88,1.0139562694119801,1.0146501689520147,1.0142644136551011
CRI,90T93,1.008730418650909,1.0147306898958532,1.0142644136551011
CRI,94T98,1.013227487403669,1.0147853008657568,1.0142644136551011
CYP,01T02,1.024428311009949,1.0173403844645623,1.0156941015725727
CYP,03,1.0090284592292869,1.0118093198686513,1.0156941015725727
CYP,05T06,0.9270643919513543,1.0254309763582143,1.0156941015725727
CYP,07T08,0.9450800094854899,1.0331489070689854,1.0156941015725727
CYP,10T12,1.0134608095153768,1.0244118686245207,1.0156941015725727
CYP,13T15,1.0303852865241006,1.013129173096583,1.0156941015725727
CYP,16,1.0256298975011842,1.0156715888131773,1.0156941015725727
CYP,17T18,1.0112081928657053,1.0153852362465017,1.0156941015725727
CYP,19,0.5603591642734055,1.0104406710050136,1.0156941015725727
CYP,20,1.0588729805187131,1.0178424912113382,1.0156941015725727
CYP,21,1.0212480055503592,1.015566704452067,1.0156941015725727
CYP,22,1.013946262913368,1.0245480954954038,1.0156941015725727
CYP,23,0.7871953683941673,1.054240875379998,1.0156941015725727
CYP,24,1.0867766785603319,1.0271196239359788,1.0156941015725727
CYP,25,1.0094980449656572,1.024750825865372,1.0156941015725727
CYP,26,0.9993643123977893,1.0285944499894268,1.0156941015725727
CYP,27,1.0267081057321623,1.016174993728625,1.0156941015725727
CYP,28,1.0202680383028389,1.0162224048340043,1.0156941015725727
CYP,29T30,1.0210185564542378,1.0161040234324157,1.0156941015725727
CYP,31T33,1.010666640611749,1.0153005966531985,1.0156941015725727
CYP,35,0.8543971080567155,1.0168064535787829,1.0156941015725727
CYP,36T39,1.0081893313606511,1.0240439718993535,1.0156941015725727
CYP,41T43,1.0081965575172915,1.0224735488387988,1.0156941015725727
CYP,45T47,1.0042161252014516,1.0121404583865137,1.0156941015725727
CYP,49,0.9943497962679892,1.0128236416001033,1.0156941015725727
CYP,50,1.0776742083925184,1.009413416233945,1.0156941015725727
CYP,51,0.949070444900665,1.0147012298844722,1.0156941015725727
CYP,52,0.9998367944504349,1.0117777039441664,1.0156941015725727
CYP,53,1.0024507424769726,1.011634833026106,1.0156941015725727
CYP,55T56,1.0038159900145334,1.01621248139067,1.0156941015725727
CYP,58T60,1.0028628429758444,1.0100195740631153,1.0156941015725727
CYP,61,1.0040170487847413,1.011147084839232,1.0156941015725727
CYP,62T63,0.9874280539007161,1.0074718443741462,1.0156941015725727
CYP,64T66,0.9952012835169836,1.0068290050428044,1.0156941015725727
CYP,68,1.0112170854711233,1.007290302397932,1.0156941015725727
CYP,69T75,1.004863869445346,1.0077476388579478,1.0156941015725727
CYP,77T82,1.0026044324206955,1.0086132350898858,1.0156941015725727
CYP,84,1.0141168438692838,1.009530754326593,1.0156941015725727
CYP,85,1.0140866322629947,1.00741110519962,1.0156941015725727
CYP,86T88,1.0139796694395855,1.0112701885634756,1.0156941015725727
CYP,90T93,1.0118327193011265,1.0115462148888958,1.0156941015725727
CYP,94T98,1.0120082625348878,1.0093957825200857,1.0156941015725727
CZE,01T02,1.0022532574311742,1.0220883717455977,1.026499104006913
CZE,03,0.9921197393069303,1.0321958687808583,1.026499104006913
CZE,05T06,0.8618688439861178,1.0203012345146665,1.026499104006913
CZE,07T08,0.969037671898021,1.0241879845207222,1.026499104006913
CZE,10T12,1.0112874974205746,1.029629717255939,1.026499104006913
CZE,13T15,0.9891996754087674,1.0222316160201956,1.026499104006913
CZE,16,1.000255047047219,1.0286648376406178,1.026499104006913
CZE,17T18,0.9979074628884125,1.0240881541580131,1.026499104006913
CZE,19,0.9349998511102797,1.0412793236915039,1.026499104006913
CZE,20,0.9779132954468867,1.0245906742902369,1.026499104006913
CZE,21,0.9947643420081321,1.0171506888736228,1.026499104006913
CZE,22,1.0226469775756515,1.0226405804530616,1.026499104006913
CZE,23,0.9530852504436637,1.0329898901850592,1.026499104006913
CZE,24,0.9671284016209244,1.0347354750656965,1.026499104006913
CZE,25,1.0129013970040393,1.0232612794776355,1.026499104006913
CZE,26,1.0100937804491785,1.0223919966009922,1.026499104006913
CZE,27,1.0127270465484535,1.0235268586870594,1.026499104006913
CZE,28,1.0063665654390506,1.024160784611225,1.026499104006913
CZE,29T30,1.014130449410551,1.0200061437069576,1.026499104006913
CZE,31T33,1.0179954527362975,1.0185449213179851,1.026499104006913
CZE,35,0.8635785179291959,1.0415575725700188,1.026499104006913
CZE,36T39,0.9996345762021064,1.019080224831052,1.026499104006913
CZE,41T43,1.0182174210459594,1.0186029103413166,1.026499104006913
CZE,45T47,1.005140816844132,1.0138006976884142,1.026499104006913
CZE,49,0.9856779562042157,1.0167279484846603,1.026499104006913
CZE,50,0.9498358909476171,1.0216163077241334,1.026499104006913
CZE,51,1.0207133883104176,1.0235572204506735,1.026499104006913
CZE,52,0.9969649632313425,1.0180185049278223,1.026499104006913
CZE,53,1.010031892527853,1.0127819029529932,1.026499104006913
CZE,55T56,1.0173447755653744,1.0169830871995296,1.026499104006913
CZE,58T60,1.0157038624310175,1.012294518269293,1.026499104006913
CZE,61,1.0150051164781129,1.0116074682072786,1.026499104006913
CZE,62T63,1.0152062456717792,1.0089450318340685,1.026499104006913
CZE,64T66,1.0108745138761028,1.0099418031112912,1.026499104006913
CZE,68,1.0195555828540743,1.0159504050308625,1.026499104006913
CZE,69T75,1.0087769393128603,1.0130739329667877,1.026499104006913
CZE,77T82,1.00803852316035,1.0161151160786168,1.026499104006913
CZE,84,1.023270395132145,1.012320140746066,1.026499104006913
CZE,85,1.0242200134417667,1.01137125449424,1.026499104006913
CZE,86T88,1.0251357514613395,1.0136359418975476,1.026499104006913
CZE,90T93,1.0215206256780573,1.0146955910717552,1.026499104006913
CZE,94T98,1.0203323682992795,1.012903082865709,1.026499104006913
DEU,01T02,0.9769381834267415,1.0238232456619987,1.024639373731878
DEU,03,1.007707200173751,1.0185400632303379,1.024639373731878
DEU,05T06,0.9342943797862,1.0241582987388793,1.024639373731878
DEU,07T08,0.9952299709447313,1.0180074439103979,1.024639373731878
DEU,10T12,1.0163017155299987,1.030119722975059,1.024639373731878
DEU,13T15,1.0034479721064322,1.0206624006148233,1.024639373731878
DEU,16,1.012298843726582,1.0292591748771809,1.024639373731878
DEU,17T18,1.0043625097555116,1.022504231723002,1.024639373731878
DEU,19,0.984004687705068,1.0284962409112313,1.024639373731878
DEU,20,1.0128946044446836,1.0236107979051858,1.024639373731878
DEU,21,1.0081309957196025,1.0186115065058425,1.024639373731878
DEU,22,1.0264134851820539,1.0227706714725446,1.024639373731878
DEU,23,1.0095831797113135,1.0250024470698322,1.024639373731878
DEU,24,0.9933722614368049,1.0343851955463848,1.024639373731878
DEU,25,1.023450100439024,1.0229184271537688,1.024639373731878
DEU,26,1.0149533306119631,1.0186651095464312,1.024639373731878
DEU,27,1.02263832223782,1.0203419342068392,1.024639373731878
DEU,28,1.0160969438614156,1.020165191462869,1.024639373731878
DEU,29T30,1.0164842900435995,1.0198667050537098,1.024639373731878
DEU,31T33,1.023106017468745,1.020073180122201,1.024639373731878
DEU,35,0.949460684117166,1.0305014271168285,1.024639373731878
DEU,36T39,1.0153709045663282,1.0182779154936348,1.024639373731878
DEU,41T43,1.0198276928345666,1.0207370478707025,1.024639373731878
DEU,45T47,1.0091817665026774,1.0176057461324637,1.024639373731878
DEU,49,1.0117838110443655,1.0192957577483037,1.024639373731878
DEU,50,1.032066310593576,1.0268942473515374,1.024639373731878
DEU,51,0.9548937898698764,1.0221370823638363,1.024639373731878
DEU,52,1.0060287505648484,1.0188233392803607,1.024639373731878
DEU,53,1.0099876456908103,1.0185863047556243,1.024639373731878
DEU,55T56,1.0160401959427923,1.0201544781996432,1.024639373731878
DEU,58T60,1.0105694371118488,1.0165859552257128,1.024639373731878
DEU,61,1.0152999371175677,1.017075147646678,1.024639373731878
DEU,62T63,1.0073160891156572,1.0146810750363544,1.024639373731878
DEU,64T66,1.0135609239600911,1.0156158464884057,1.024639373731878
DEU,68,1.0199600861298006,1.0156262339851292,1.024639373731878
DEU,69T75,1.0112470906926652,1.0159483470791628,1.024639373731878
DEU,77T82,1.0129367133071965,1.0172490201424245,1.024639373731878
DEU,84,1.0204107732368262,1.0166228874846073,1.024639373731878
DEU,85,1.0230469365942543,1.0153052742662942,1.024639373731878
DEU,86T88,1.0239535407548193,1.0167735025362756,1.024639373731878
DEU,90T93,1.020453156625523,1.0164682271657404,1.024639373731878
DEU,94T98,1.0219344055474717,1.0163787124288117,1.024639373731878
DNK,01T02,0.965447186658435,1.0264309896264472,1.0210552081323416
DNK,03,0.9766899382215433,1.0179964653033287,1.0210552081323416
DNK,05T06,0.9707341931493909,1.0172678296332058,1.0210552081323416
DNK,07T08,0.9886941943124404,1.023427641995682,1.0210552081323416
DNK,10T12,1.0103569535589425,1.0281974006723154,1.0210552081323416
DNK,13T15,1.0120644000673826,1.0186616577021235,1.0210552081323416
DNK,16,1.037112181954781,1.023989687179604,1.0210552081323416
DNK,17T18,1.0257320430541048,1.0185700040962677,1.0210552081323416
DNK,19,0.9902787706871693,1.027855337711525,1.0210552081323416
DNK,20,1.0472787085078492,1.0194810397295757,1.0210552081323416
DNK,21,1.0246283070228255,1.0153757808580515,1.0210552081323416
DNK,22,1.0338727473678522,1.0201987488772957,1.0210552081323416
DNK,23,0.9952512225295281,1.0232065663412575,1.0210552081323416
DNK,24,1.1255513822986392,1.027401769757743,1.0210552081323416
DNK,25,1.0238092142235096,1.0214527272396112,1.0210552081323416
DNK,26,1.0155339432169856,1.01721700396738,1.0210552081323416
DNK,27,1.0260101654145284,1.0184798844568994,1.0210552081323416
DNK,28,1.0159176493345006,1.019327552665465,1.0210552081323416
DNK,29T30,1.014415704923921,1.019749324843366,1.0210552081323416
DNK,31T33,1.027230417180166,1.0182719539984315,1.0210552081323416
DNK,35,0.9642973437515138,1.0204476437873014,1.0210552081323416
DNK,36T39,1.0167258299134996,1.0162061858245535,1.0210552081323416
DNK,41T43,1.0173198575531488,1.0194848507677703,1.0210552081323416
DNK,45T47,1.0099171148351969,1.0154975927552625,1.0210552081323416
DNK,49,0.9977640761011567,1.022516778259492,1.0210552081323416
DNK,50,0.9886078863682155,1.0193985742045297,1.0210552081323416
DNK,51,0.997399233854423,1.0183672089865201,1.0210552081323416
DNK,52,0.9974593921996275,1.0166372740865475,1.0210552081323416
DNK,53,1.0092120411939616,1.0166377984596444,1.0210552081323416
DNK,55T56,1.0153507605926904,1.0188611223791835,1.0210552081323416
DNK,58T60,1.011124051111642,1.0148085183246753,1.0210552081323416
DNK,61,1.011994290230884,1.015522794408241,1.0210552081323416
DNK,62T63,1.0080396197788661,1.014593713362903,1.0210552081323416
DNK,64T66,1.0120094005947333,1.0139447162989466,1.0210552081323416
DNK,68,1.0182460941825189,1.0146373364599577,1.0210552081323416
DNK,69T75,1.0107741703204824,1.0148911188860252,1.0210552081323416
DNK,77T82,1.0106235954100895,1.0178157257705658,1.0210552081323416
DNK,84,1.01982347159659,1.0150305007451472,1.0210552081323416
DNK,85,1.0203321935968974,1.0147035140752032,1.0210552081323416
DNK,86T88,1.0207810959140158,1.0152029843437984,1.0210552081323416
DNK,90T93,1.0190706555941305,1.0155104995078743,1.0210552081323416
DNK,94T98,1.0176668387992358,1.014994279890187,1.0210552081323416
ESP,01T02,1.0311513266392243,1.0208260260701998,1.0229222224073116
ESP,03,0.9975818124658921,1.0191577819013968,1.0229222224073116
ESP,05T06,0.720827930439977,1.0166054513752671,1.0229222224073116
ESP,07T08,0.9797422883829453,1.0234654181943559,1.0229222224073116
ESP,10T12,1.0147427319506064,1.0311314544711023,1.0229222224073116
ESP,13T15,1.0102995275165758,1.0188044771108826,1.0229222224073116
ESP,16,1.0127001831238414,1.0232819810227738,1.0229222224073116
ESP,17T18,1.0062926972126693,1.0225959259594046,1.0229222224073116
ESP,19,0.9793803466618106,1.0344069977561496,1.0229222224073116
ESP,20,1.0027655942042155,1.0265839161305743,1.0229222224073116
ESP,21,0.9984461226539192,1.0206203611926092,1.0229222224073116
ESP,22,1.022521101895175,1.0235609558197483,1.0229222224073116
ESP,23,0.971211014229875,1.0284980078387695,1.0229222224073116
ESP,24,1.0511695601400604,1.0289016585385096,1.0229222224073116
ESP,25,1.0122723894895893,1.0261519392942415,1.0229222224073116
ESP,26,1.0137616489669221,1.0189342307977296,1.0229222224073116
ESP,27,1.012493893156027,1.0241563854452849,1.0229222224073116
ESP,28,1.0094962588263783,1.0223592895763212,1.0229222224073116
ESP,29T30,1.0111393011723184,1.0219668338334047,1.0229222224073116
ESP,31T33,1.0213567074990653,1.0190893231179605,1.0229222224073116
ESP,35,0.9715382688931666,1.0268486115997337,1.0229222224073116
ESP,36T39,1.0191022542202663,1.0193144919610446,1.0229222224073116
ESP,41T43,1.0189491284121974,1.020535749295516,1.0229222224073116
ESP,45T47,1.0112564235010035,1.0167975078794027,1.0229222224073116
ESP,49,0.993752851936185,1.0203910110952656,1.0229222224073116
ESP,50,0.7412454599877087,1.0191892139798777,1.0229222224073116
ESP,51,0.9510019610143978,1.0219639824544526,1.0229222224073116
ESP,52,1.0031008318313221,1.0195014226411203,1.0229222224073116
ESP,53,1.008218621876196,1.0176852026247143,1.0229222224073116
ESP,55T56,1.0176398662583739,1.018914089944115,1.0229222224073116
ESP,58T60,1.0084041860418536,1.0164058606420132,1.0229222224073116
ESP,61,1.01168876286913,1.018120087408894,1.0229222224073116
ESP,62T63,1.0043815773192706,1.0162515229688247,1.0229222224073116
ESP,64T66,1.0133724482195268,1.0147452452822654,1.0229222224073116
ESP,68,1.019592424437883,1.0142298114876593,1.0229222224073116
ESP,69T75,1.0106754177771076,1.016223164263328,1.0229222224073116
ESP,77T82,1.0082510310414825,1.0169471670111239,1.0229222224073116
ESP,84,1.0194495174335814,1.0159265252931555,1.0229222224073116
ESP,85,1.0205992539475621,1.014808484612976,1.0229222224073116
ESP,86T88,1.0216630722276119,1.0161448143264085,1.0229222224073116
ESP,90T93,1.0186041423131205,1.0160999417411598,1.0229222224073116
ESP,94T98,1.0195456178026947,1.01509427406768,1.0229222224073116
EST,01T02,0.8551522260866851,1.0294672668805,1.0156788010632398
EST,03,1.01151218542601,1.006385769611977,1.0156788010632398
EST,05T06,0.65148033425859,1.0138406800557649,1.0156788010632398
EST,07T08,0.8022877947699754,1.0163536352803078,1.0156788010632398
EST,10T12,0.9970540176146387,1.0336872310402505,1.0156788010632398
EST,13T15,1.0332687181733498,1.0121860641837117,1.0156788010632398
EST,16,0.9234143603379614,1.0414378957723556,1.0156788010632398
EST,17T18,0.9770687546000261,1.0314079675571315,1.0156788010632398
EST,19,0.4620542101932843,1.0466938964981554,1.0156788010632398
EST,20,1.0183861743709528,1.0262037378470887,1.0156788010632398
EST,21,1.0388311555250445,1.0078635743066218,1.0156788010632398
EST,22,1.0275552907921686,1.0186069246204699,1.0156788010632398
EST,23,0.979616376364412,1.0248866752772219,1.0156788010632398
EST,24,1.091303234437429,1.0381451289459125,1.0156788010632398
EST,25,1.0158254845756838,1.0200242757649023,1.0156788010632398
EST,26,1.0134792142867384,1.0135382254209102,1.0156788010632398
EST,27,1.0329074685055242,1.0139476580290587,1.0156788010632398
EST,28,1.0159911401359556,1.015249648450862,1.0156788010632398
EST,29T30,1.027870078193216,1.011836680164156,1.0156788010632398
EST,31T33,1.0138234156139159,1.015597725413493,1.0156788010632398
EST,35,0.7675447609639074,1.0397705713809233,1.0156788010632398
EST,36T39,1.0135011052286016,1.0186105299594632,1.0156788010632398
EST,41T43,1.00948984879543,1.014457712873715,1.0156788010632398
EST,45T47,1.0053937022942894,1.0030513014469833,1.0156788010632398
EST,49,0.9921040716483375,1.0043653562541908,1.0156788010632398
EST,50,0.980393727314188,1.0081570472337515,1.0156788010632398
EST,51,1.0803225201497588,1.0166211720423255,1.0156788010632398
EST,52,0.9943032521770899,1.0115928010167912,1.0156788010632398
EST,53,1.0222924278518672,1.0039318899588454,1.0156788010632398
EST,55T56,1.0175374232021044,1.0122195283360396,1.0156788010632398
EST,58T60,1.0256250275839192,1.0030744378435843,1.0156788010632398
EST,61,1.022859474733472,1.0000533673133383,1.0156788010632398
EST,62T63,1.0257169111784126,0.9971494107099393,1.0156788010632398
EST,64T66,1.014398290591469,0.9960837072976927,1.0156788010632398
EST,68,1.0112423142706097,1.0004902341508481,1.0156788010632398
EST,69T75,1.0133748412553194,1.0005314414270075,1.0156788010632398
EST,77T82,1.007381093412442,1.0011082741038384,1.0156788010632398
EST,84,1.014476404008782,0.99954794434036,1.0156788010632398
EST,85,1.015067670691482,1.0014227549397339,1.0156788010632398
EST,86T88,1.015406041255311,1.0010143151006308,1.0156788010632398
EST,90T93,1.0142580276929536,1.0063167520197362,1.0156788010632398
EST,94T98,1.0108984590047707,1.0087120683287851,1.0156788010632398
FIN,01T02,0.9627218727762025,1.0214202811688,1.0195155105288545
FIN,03,0.9832678596341855,1.0156914344056884,1.0195155105288545
FIN,05T06,0.591196675916337,1.024013008590655,1.0195155105288545
FIN,07T08,0.9998319188664329,1.0234151937333484,1.0195155105288545
FIN,10T12,1.0139923408647813,1.0288035296255822,1.0195155105288545
FIN,13T15,1.017150956560794,1.0164079119954377,1.0195155105288545
FIN,16,0.9913918651762209,1.0379453774248604,1.0195155105288545
FIN,17T18,0.9745683593514994,1.0293509071592082,1.0195155105288545
FIN,19,0.9932968701630941,1.0206097136035777,1.0195155105288545
FIN,20,0.996252549421305,1.0250069873584144,1.0195155105288545
FIN,21,1.020335822590505,1.011858471849447,1.0195155105288545
FIN,22,1.0219907877237813,1.0221900361225897,1.0195155105288545
FIN,23,1.0158386601408331,1.0226704157404354,1.0195155105288545
FIN,24,1.0519612463996075,1.0298395996179956,1.0195155105288545
FIN,25,1.0227944811872525,1.022103784642296,1.0195155105288545
FIN,26,1.0158609652781678,1.01322403447113,1.0195155105288545
FIN,27,1.022803159209485,1.0182449639244084,1.0195155105288545
FIN,28,1.0159318490166394,1.016346223795577,1.0195155105288545
FIN,29T30,1.0166037152616012,1.0184446796114013,1.0195155105288545
FIN,31T33,1.015621240938975,1.0154512767735056,1.0195155105288545
FIN,35,0.9564198318950726,1.0308506680104692,1.0195155105288545
FIN,36T39,1.0197914182707233,1.0155407701535752,1.0195155105288545
FIN,41T43,1.0154416967039277,1.0186305704491447,1.0195155105288545
FIN,45T47,1.0070009608837023,1.0134777483750435,1.0195155105288545
FIN,49,1.003580189520279,1.0148603546167472,1.0195155105288545
FIN,50,0.9758873042555533,1.0164021403918762,1.0195155105288545
FIN,51,0.9715159676626964,1.016903030829076,1.0195155105288545
FIN,52,1.0022539856422372,1.016731493469775,1.0195155105288545
FIN,53,1.0081063665743908,1.0142941551471525,1.0195155105288545
FIN,55T56,1.0122834541045287,1.0171408965440278,1.0195155105288545
FIN,58T60,1.0064214263598377,1.013381936745994,1.0195155105288545
FIN,61,1.0124579186238747,1.0121470847765834,1.0195155105288545
FIN,62T63,1.0026145367769919,1.0116265096338284,1.0195155105288545
FIN,64T66,1.0102068746278476,1.0119948057648562,1.0195155105288545
FIN,68,1.0164552906013453,1.012252950231204,1.0195155105288545
FIN,69T75,1.007420081877727,1.012389204335685,1.0195155105288545
FIN,77T82,1.0087869221618528,1.0134090386651893,1.0195155105288545
FIN,84,1.0162896065771616,1.0136460004709733,1.0195155105288545
FIN,85,1.0185137315713986,1.0120037068068797,1.0195155105288545
FIN,86T88,1.018978204469985,1.012541237589613,1.0195155105288545
FIN,90T93,1.0163154658956277,1.0159032326579036,1.0195155105288545
FIN,94T98,1.0161929254696005,1.0161302853667962,1.0195155105288545
FRA,01T02,0.9912639027322441,1.0246509118826732,1.0188098184717844
FRA,03,0.9921728990341727,1.019476641071665,1.0188098184717844
FRA,05T06,0.5161455705151116,1.0146560979407047,1.0188098184717844
FRA,07T08,0.9907524364948775,1.0210837104400485,1.0188098184717844
FRA,10T12,1.0152393653086378,1.0268221217821951,1.0188098184717844
FRA,13T15,1.0125309085695344,1.0176801552126133,1.0188098184717844
FRA,16,1.0141406935403943,1.025822164437746,1.0188098184717844
FRA,17T18,1.0139034132320215,1.0185509896415803,1.0188098184717844
FRA,19,1.006533591259485,1.0264447334680573,1.0188098184717844
FRA,20,1.0177177369738213,1.0207924015626928,1.0188098184717844
FRA,21,1.009296669791488,1.0172221005018545,1.0188098184717844
FRA,22,1.03031775255566,1.0203782831672372,1.0188098184717844
FRA,23,1.0056927798630875,1.0226434113693046,1.0188098184717844
FRA,24,0.9650323027910527,1.0259300398991373,1.0188098184717844
FRA,25,1.0207810247699634,1.0218690159106105,1.0188098184717844
FRA,26,1.0136093366161785,1.0175708779400838,1.0188098184717844
FRA,27,1.0205525217239657,1.020436842150568,1.0188098184717844
FRA,28,1.0138065879774643,1.0198266867082328,1.0188098184717844
FRA,29T30,1.0158598158535872,1.019026412798576,1.0188098184717844
FRA,31T33,1.0234296256548279,1.0187044272534473,1.0188098184717844
FRA,35,1.0068996074624175,1.0231220537537913,1.0188098184717844
FRA,36T39,1.011755504066746,1.017388991242699,1.0188098184717844
FRA,41T43,1.017506059185354,1.0194129400893521,1.0188098184717844
FRA,45T47,1.0101589046115176,1.0155460004350936,1.0188098184717844
FRA,49,1.0120255871030133,1.0164312618623157,1.0188098184717844
FRA,50,1.009334590161043,1.0215045794028608,1.0188098184717844
FRA,51,0.9794847012396938,1.0196796368708243,1.0188098184717844
FRA,52,1.0100343848878215,1.015483763095128,1.0188098184717844
FRA,53,1.01234145327119,1.0146396765398316,1.0188098184717844
FRA,55T56,1.0150754938197497,1.0180109396241206,1.0188098184717844
FRA,58T60,1.009444487990808,1.0164195704872863,1.0188098184717844
FRA,61,1.0110016117065082,1.0154202937664232,1.0188098184717844
FRA,62T63,1.0118847120668393,1.0144434903872295,1.0188098184717844
FRA,64T66,1.0111209375776682,1.0145740269207788,1.0188098184717844
FRA,68,1.0166932143578784,1.0140159551609016,1.0188098184717844
FRA,69T75,1.0116541654753135,1.0150125000760089,1.0188098184717844
FRA,77T82,1.0105969149730916,1.0149214670765472,1.0188098184717844
FRA,84,1.0175532668318337,1.0148290931104416,1.0188098184717844
FRA,85,1.0171345406708145,1.014621809137464,1.0188098184717844
FRA,86T88,1.0181962449469641,1.014740752684008,1.0188098184717844
FRA,90T93,1.0163240157298454,1.0159690224156972,1.0188098184717844
FRA,94T98,1.0163490394842425,1.015193513187111,1.0188098184717844
GBR,01T02,0.9749100862537645,1.0253205710846922,1.0162784837531222
GBR,03,0.9967592228599212,1.018544251989826,1.0162784837531222
GBR,05T06,0.957528328256422,1.0161600856659596,1.0162784837531222
GBR,07T08,1.0103610052550922,1.0209470020475213,1.0162784837531222
GBR,10T12,1.0165716271695504,1.0258267911498553,1.0162784837531222
GBR,13T15,1.0172875421552368,1.014288507839704,1.0162784837531222
GBR,16,1.0256558430885585,1.0236805048501203,1.0162784837531222
GBR,17T18,1.0159770386061708,1.0178304957189352,1.0162784837531222
GBR,19,0.9742258086132815,1.0276135156466837,1.0162784837531222
GBR,20,1.011065428011109,1.0204661431287199,1.0162784837531222
GBR,21,1.0182277928825105,1.0149234731602075,1.0162784837531222
GBR,22,1.0189426396034886,1.0200501328060219,1.0162784837531222
GBR,23,1.0117215763464207,1.019544829242068,1.0162784837531222
GBR,24,1.0001297916773406,1.025459010836577,1.0162784837531222
GBR,25,1.0238900228213437,1.0184153285245574,1.0162784837531222
GBR,26,1.0138020045639746,1.0145867087518357,1.0162784837531222
GBR,27,1.023489631553451,1.0179243189716534,1.0162784837531222
GBR,28,1.0132941508650684,1.017414081430706,1.0162784837531222
GBR,29T30,1.0156744577915509,1.0183550170383255,1.0162784837531222
GBR,31T33,1.017118048164614,1.0160721885631436,1.0162784837531222
GBR,35,0.9838378027212278,1.0325610519938624,1.0162784837531222
GBR,36T39,1.0128586203271301,1.0137506116571038,1.0162784837531222
GBR,41T43,1.0142432059225719,1.0157064145873085,1.0162784837531222
GBR,45T47,1.0104103824514825,1.0136244176724558,1.0162784837531222
GBR,49,1.006194579821287,1.0147817422636665,1.0162784837531222
GBR,50,1.0245481581314753,1.0160604735610286,1.0162784837531222
GBR,51,0.9389319296654641,1.0225310622275945,1.0162784837531222
GBR,52,1.0083532824872556,1.0156676535686104,1.0162784837531222
GBR,53,1.0092193401270657,1.013114735783427,1.0162784837531222
GBR,55T56,1.0144349865017288,1.015090192184289,1.0162784837531222
GBR,58T60,1.0119416746667198,1.012921362940091,1.0162784837531222
GBR,61,1.0103255502069985,1.0121768114308545,1.0162784837531222
GBR,62T63,1.0091071437909604,1.0121490062221379,1.0162784837531222
GBR,64T66,1.0059622434534157,1.0126897021366152,1.0162784837531222
GBR,68,1.0150293296671433,1.0116474421050934,1.0162784837531222
GBR,69T75,1.0081096422124167,1.0127074149132822,1.0162784837531222
GBR,77T82,1.0084104130837968,1.0139147967438211,1.0162784837531222
GBR,84,1.0151089258783559,1.0130407797358247,1.0162784837531222
GBR,85,1.014468906731937,1.0123504724954089,1.0162784837531222
GBR,86T88,1.0156904411007195,1.01308233535384,1.0162784837531222
GBR,90T93,1.0137351113236122,1.0132661950491468,1.0162784837531222
GBR,94T98,1.0152107821211924,1.0121954489951066,1.0162784837531222
GRC,01T02,1.02763737172505,1.019497411648,1.0231849193012692
GRC,03,1.020315077254027,1.0101797124999023,1.0231849193012692
GRC,05T06,0.5449950116095825,1.0164623240313226,1.0231849193012692
GRC,07T08,0.9757657343118863,1.0205866417880178,1.0231849193012692
GRC,10T12,1.0198431540113901,1.0260668451276937,1.0231849193012692
GRC,13T15,1.0006366966926057,1.0195701406533928,1.0231849193012692
GRC,16,1.0206139871671638,1.0209851048728247,1.0231849193012692
GRC,17T18,1.0179028507510126,1.0170304240631134,1.0231849193012692
GRC,19,0.9513377261924929,1.0310033816503565,1.0231849193012692
GRC,20,1.0161905639600868,1.0192564510428366,1.0231849193012692
GRC,21,1.0245235607878493,1.0157023939561534,1.0231849193012692
GRC,22,1.0147677478658599,1.0221413194579485,1.0231849193012692
GRC,23,0.8356153067990892,1.0396027874791098,1.0231849193012692
GRC,24,0.973148569013688,1.0474997057825732,1.0231849193012692
GRC,25,1.0058472535842586,1.025793635029288,1.0231849193012692
GRC,26,1.0168281510250188,1.0167810092393161,1.0231849193012692
GRC,27,0.9916420636104303,1.0338881805785296,1.0231849193012692
GRC,28,1.0100180710931717,1.021339722388277,1.0231849193012692
GRC,29T30,1.016409292140778,1.0173413761640517,1.0231849193012692
GRC,31T33,1.0190024666597925,1.0182240443283244,1.0231849193012692
GRC,35,0.9090207380804047,1.0383276496056177,1.0231849193012692
GRC,36T39,1.0180437878498823,1.0342388113884213,1.0231849193012692
GRC,41T43,1.0188569112382568,1.029989552212952,1.0231849193012692
GRC,45T47,1.00903181209578,1.0112763851081823,1.0231849193012692
GRC,49,1.00852353175673,1.0152461699632183,1.0231849193012692
GRC,50,0.8841668125112482,1.0418229018074603,1.0231849193012692
GRC,51,1.0140252507519523,1.0183834766348634,1.0231849193012692
GRC,52,0.991149301597323,1.0172050597570474,1.0231849193012692
GRC,53,1.0075447792250054,1.0131249736791552,1.0231849193012692
GRC,55T56,1.0171543285185758,1.0162939551741614,1.0231849193012692
GRC,58T60,1.0128154099864406,1.0134562384357608,1.0231849193012692
GRC,61,1.0181117580822987,1.0110596629732356,1.0231849193012692
GRC,62T63,1.0141261470773115,1.0100271664554148,1.0231849193012692
GRC,64T66,1.0134533276369877,1.007486354359348,1.0231849193012692
GRC,68,1.016781659108743,1.0075909066958593,1.0231849193012692
GRC,69T75,1.00748115468775,1.0097655626691127,1.0231849193012692
GRC,77T82,1.0146874243418411,1.0122482557648287,1.0231849193012692
GRC,84,1.0214485598559884,1.0089505764156979,1.0231849193012692
GRC,85,1.0220293065235895,1.008210862063163,1.0231849193012692
GRC,86T88,1.022234088544244,1.0114910585470218,1.0231849193012692
GRC,90T93,1.0192905665114176,1.0122167122849643,1.0231849193012692
GRC,94T98,1.0191523782741216,1.0137866320084445,1.0231849193012692
HRV,01T02,0.9651026572715627,1.0231099186219343,1.0214448673169587
HRV,03,1.002231194467738,1.0233308419403222,1.0214448673169587
HRV,05T06,0.7861373239670926,1.0369969266698953,1.0214448673169587
HRV,07T08,0.9929563234525901,1.0229552870319583,1.0214448673169587
HRV,10T12,1.0090019822359257,1.0262379511957793,1.0214448673169587
HRV,13T15,1.0104915906324767,1.0187073274112208,1.0214448673169587
HRV,16,1.012839296938205,1.0231034204610063,1.0214448673169587
HRV,17T18,1.0015280072175188,1.0201359704567095,1.0214448673169587
HRV,19,0.9802805461389875,1.0296988026809157,1.0214448673169587
HRV,20,0.7623545322545859,1.0282514074525972,1.0214448673169587
HRV,21,1.0007790450347014,1.0174843891263279,1.0214448673169587
HRV,22,1.0159865019472154,1.0225580347751952,1.0214448673169587
HRV,23,0.8986435250109552,1.0220156700166885,1.0214448673169587
HRV,24,1.0579865448590011,1.0245835643914059,1.0214448673169587
HRV,25,1.0218539466926162,1.0179360565349622,1.0214448673169587
HRV,26,1.0193725422593483,1.0126687326420338,1.0214448673169587
HRV,27,1.0222548990845859,1.0185902859936222,1.0214448673169587
HRV,28,1.0197972609523052,1.0169908861445243,1.0214448673169587
HRV,29T30,1.0139588705657938,1.0181831006145252,1.0214448673169587
HRV,31T33,1.0172051674671412,1.021669870504804,1.0214448673169587
HRV,35,1.0055633500639036,1.017481828342387,1.0214448673169587
HRV,36T39,1.0127393508004496,1.0165473515275252,1.0214448673169587
HRV,41T43,1.011453626819988,1.0233971096302368,1.0214448673169587
HRV,45T47,1.0083745893986042,1.015753126867682,1.0214448673169587
HRV,49,1.002610891870757,1.01501035799629,1.0214448673169587
HRV,50,0.8591198594360079,1.0259209997204768,1.0214448673169587
HRV,51,1.0673038715055434,1.0157089911996982,1.0214448673169587
HRV,52,1.0075060357546193,1.0185720147576842,1.0214448673169587
HRV,53,1.0110791539352244,1.0135589711163095,1.0214448673169587
HRV,55T56,1.0184742116605192,1.0154928848696687,1.0214448673169587
HRV,58T60,1.0087118765799465,1.0128394544172532,1.0214448673169587
HRV,61,1.0165256768017414,1.012241772786709,1.0214448673169587
HRV,62T63,1.009048560449276,1.0117924256701665,1.0214448673169587
HRV,64T66,1.0101427805529426,1.0104262156068953,1.0214448673169587
HRV,68,1.0182011995608382,1.01507402532132,1.0214448673169587
HRV,69T75,1.0082161638778722,1.0137359615637285,1.0214448673169587
HRV,77T82,1.0120555726342615,1.0147691260152416,1.0214448673169587
HRV,84,1.0189403432709074,1.013430095853271,1.0214448673169587
HRV,85,1.0191039777466937,1.0109876958556552,1.0214448673169587
HRV,86T88,1.0196713313581318,1.0140926606653031,1.0214448673169587
HRV,90T93,1.0168182122844636,1.0144572657261386,1.0214448673169587
HRV,94T98,1.0157163071474222,1.014188938529593,1.0214448673169587
HUN,01T02,0.9383649296360349,1.0261912630536836,1.0216981297480918
HUN,03,1.0019730932141584,1.021112956453032,1.0216981297480918
HUN,05T06,0.7050905634245095,1.0298692038172046,1.0216981297480918
HUN,07T08,0.979219368432798,1.0354450468500194,1.0216981297480918
HUN,10T12,0.9963041151832228,1.0350629045539337,1.0216981297480918
HUN,13T15,1.0163630374790187,1.016418940779739,1.0216981297480918
HUN,16,1.0004998293950194,1.0256847469686414,1.0216981297480918
HUN,17T18,0.9999431003442216,1.0190531939177763,1.0216981297480918
HUN,19,0.9928611984120043,1.0255475301564692,1.0216981297480918
HUN,20,0.9416490341449643,1.0254298210177455,1.0216981297480918
HUN,21,1.0008824766046889,1.0153496675012084,1.0216981297480918
HUN,22,1.0204009872356246,1.023015775069973,1.0216981297480918
HUN,23,0.9851570795725942,1.027100863976251,1.0216981297480918
HUN,24,1.0388474872188331,1.0293074040926387,1.0216981297480918
HUN,25,1.0169835654029735,1.022807707220694,1.0216981297480918
HUN,26,1.0158169079878594,1.0164822238666147,1.0216981297480918
HUN,27,1.0165698874228353,1.021912246800081,1.0216981297480918
HUN,28,1.0144598299873662,1.0191350903396519,1.0216981297480918
HUN,29T30,1.0185972365244502,1.018319455152508,1.0216981297480918
HUN,31T33,1.02630911298637,1.0156659104709664,1.0216981297480918
HUN,35,0.874431429675552,1.0199753888714964,1.0216981297480918
HUN,36T39,1.0124130660828177,1.015584931236506,1.0216981297480918
HUN,41T43,1.0169604889691903,1.020204295554976,1.0216981297480918
HUN,45T47,1.0034230128863113,1.0142270580440556,1.0216981297480918
HUN,49,0.9908982869061701,1.0146175519919287,1.0216981297480918
HUN,50,0.8960478934137522,1.018299377142342,1.0216981297480918
HUN,51,0.9506884604879663,1.0180730809761889,1.0216981297480918
HUN,52,1.0034215011035577,1.0126011569623017,1.0216981297480918
HUN,53,1.013602207230132,1.0109692570525048,1.0216981297480918
HUN,55T56,1.0150117567781287,1.018406673123291,1.0216981297480918
HUN,58T60,1.0149902215372406,1.0111940732354339,1.0216981297480918
HUN,61,1.0173109677398984,1.009523698361664,1.0216981297480918
HUN,62T63,1.01194769321022,1.0084811790798436,1.0216981297480918
HUN,64T66,1.0114539561196982,1.0083913167238627,1.0216981297480918
HUN,68,1.0162986045570994,1.0097550723282402,1.0216981297480918
HUN,69T75,1.010921785734115,1.010426343970879,1.0216981297480918
HUN,77T82,1.007197339161103,1.0120219396887955,1.0216981297480918
HUN,84,1.0194877606980433,1.0096748545923555,1.0216981297480918
HUN,85,1.0202118733460035,1.0091466899331956,1.0216981297480918
HUN,86T88,1.0201725711491574,1.0114556792398213,1.0216981297480918
HUN,90T93,1.0180434691594074,1.0127456193979922,1.0216981297480918
HUN,94T98,1.0161186965403894,1.0108940648870617,1.0216981297480918
IDN,01T02,0.7281310610893446,0.9885324323499513,1.0114560880995922
IDN,03,1.006775764624202,0.966807687438012,1.0114560880995922
IDN,05T06,0.8688582247639061,0.9915747457622494,1.0114560880995922
IDN,07T08,1.0153526318253352,0.9771927959859078,1.0114560880995922
IDN,10T12,0.969465269648864,1.0717678734642169,1.0114560880995922
IDN,13T15,1.0845262917409133,0.9884228677937327,1.0114560880995922
IDN,16,0.9495436712415032,1.0532313491499465,1.0114560880995922
IDN,17T18,1.0025295902217015,1.0034974068836824,1.0114560880995922
IDN,19,0.9548707378300814,1.0161821655557817,1.0114560880995922
IDN,20,0.9245464938208273,1.0143780773307551,1.0114560880995922
IDN,21,0.9830255925684714,1.017624217563092,1.0114560880995922
IDN,22,0.9072176253619854,1.059334797170994,1.0114560880995922
IDN,23,0.8236848837847538,1.0166372589195047,1.0114560880995922
IDN,24,1.1100445256552742,0.9916353942696822,1.0114560880995922
IDN,25,1.010951146574202,1.0072466499992774,1.0114560880995922
IDN,26,1.0245352255310032,1.0027421127694232,1.0114560880995922
IDN,27,1.0435271627536302,1.0021156833421898,1.0114560880995922
IDN,28,1.0186123507385239,1.0104710243834185,1.0114560880995922
IDN,29T30,1.0441332293640506,0.9861257000074355,1.0114560880995922
IDN,31T33,0.9600899485042165,1.0039184688140093,1.0114560880995922
IDN,35,0.7701470682487153,1.101649613521745,1.0114560880995922
IDN,36T39,1.00424393765982,0.9935377004410916,1.0114560880995922
IDN,41T43,1.0039073867269173,1.003664235403976,1.0114560880995922
IDN,45T47,1.0038347888329227,0.9769394041990348,1.0114560880995922
IDN,49,0.9772294391742342,0.9794288967840289,1.0114560880995922
IDN,50,0.8822867991631005,0.9970942441454628,1.0114560880995922
IDN,51,1.0068320068221555,0.9857317262441211,1.0114560880995922
IDN,52,1.0030912604834061,0.9859122003105195,1.0114560880995922
IDN,53,1.0141024852173905,0.9868966224848669,1.0114560880995922
IDN,55T56,1.0090220892357649,1.017125650810108,1.0114560880995922
IDN,58T60,1.0143176217345067,0.9888872192992098,1.0114560880995922
IDN,61,1.0044062442685546,0.9726371580529375,1.0114560880995922
IDN,62T63,1.0138452942625058,0.9901835790577086,1.0114560880995922
IDN,64T66,0.9873323743475001,0.9655323175925992,1.0114560880995922
IDN,68,1.0110063896508998,0.9689221188528998,1.0114560880995922
IDN,69T75,1.0989662610529405,0.9725085644252022,1.0114560880995922
IDN,77T82,0.9970101029841302,0.9716763889339363,1.0114560880995922
IDN,84,1.0077349073654642,0.9834133204589119,1.0114560880995922
IDN,85,1.0111655951557956,0.9740874111738711,1.0114560880995922
IDN,86T88,1.0093610499207726,0.9937869312665671,1.0114560880995922
IDN,90T93,1.0213853812416163,0.9820269097092394,1.0114560880995922
IDN,94T98,1.0085578856013138,0.9740414720226834,1.0114560880995922
IND,01T02,0.9542805121659306,0.9982038167471821,1.022255063191038
IND,03,1.0209435434513947,0.9886004820054457,1.022255063191038
IND,05T06,0.8559799220937503,1.0021497672190052,1.022255063191038
IND,07T08,0.8251498038810056,1.0122436198499423,1.022255063191038
IND,10T12,1.0148947484339572,1.0324307776823243,1.022255063191038
IND,13T15,1.0056745695071019,1.0180108325633561,1.022255063191038
IND,16,0.9948782567583783,1.0130196579382913,1.022255063191038
IND,17T18,0.9846975307793366,1.0179333548779854,1.022255063191038
IND,19,0.9467741218048978,1.0207532103013297,1.022255063191038
IND,20,0.9681023569166349,1.0190700691291739,1.022255063191038
IND,21,1.0105718953311256,1.0033950872355137,1.022255063191038
IND,22,0.9174693437546386,1.0235444126329063,1.022255063191038
IND,23,0.8896308417606836,1.0240625889603052,1.022255063191038
IND,24,0.7623028270258254,1.041850644721686,1.022255063191038
IND,25,0.9635126799191583,1.039899434190023,1.022255063191038
IND,26,0.9935045254307542,1.0371550368601004,1.022255063191038
IND,27,0.9814444040745264,1.055126984615972,1.022255063191038
IND,28,0.9900308079566883,1.0393279906290978,1.022255063191038
IND,29T30,0.998749926233783,1.0492567763235903,1.022255063191038
IND,31T33,0.8564152138642701,1.0289726674345623,1.022255063191038
IND,35,0.7619705433372004,1.0118181398754877,1.022255063191038
IND,36T39,0.9771552124884698,1.0090195649397755,1.022255063191038
IND,41T43,1.015809397472795,1.0302359788793372,1.022255063191038
IND,45T47,0.9971952808780266,0.994369273330463,1.022255063191038
IND,49,0.9751911188675351,1.0069078815274215,1.022255063191038
IND,50,0.9086189459339112,1.0151877367521396,1.022255063191038
IND,51,0.9331377265398793,1.0286901554497843,1.022255063191038
IND,52,0.9678868085812463,1.0159587145036861,1.022255063191038
IND,53,0.9802120725067843,0.9986393799364387,1.022255063191038
IND,55T56,1.0028330418442999,1.0263614341262735,1.022255063191038
IND,58T60,1.0081963855222598,1.01020286317981,1.022255063191038
IND,61,0.990718393728121,1.031073523450674,1.022255063191038
IND,62T63,1.0386459918222946,0.9920303555057173,1.022255063191038
IND,64T66,1.0020809019443293,1.0039488559835847,1.022255063191038
IND,68,1.0191717430577472,0.9894577512500596,1.022255063191038
IND,69T75,1.0072529126594811,1.003201827096063,1.022255063191038
IND,77T82,0.9871340550562447,0.9993772036553582,1.022255063191038
IND,84,1.0216467617800131,0.9971412267146228,1.022255063191038
IND,85,1.0208169893712744,0.9898824593449187,1.022255063191038
IND,86T88,1.0218006987004322,0.9946892297579081,1.022255063191038
IND,90T93,1.020744674473917,1.0002485935625982,1.022255063191038
IND,94T98,1.018508503791258,1.0072895926826608,1.022255063191038
IRL,01T02,0.8214573312108658,1.0278565498000083,1.0285271468765194
IRL,03,0.9898912002655929,1.0270038846414973,1.0285271468765194
IRL,05T06,0.6089447028926898,1.0297771663430422,1.0285271468765194
IRL,07T08,0.9843596049424115,1.0289396402624713,1.0285271468765194
IRL,10T12,1.0056927963590765,1.0285104230406312,1.0285271468765194
IRL,13T15,0.9980090406671387,1.015619906390678,1.0285271468765194
IRL,16,0.9909550168500748,1.0324905999754566,1.0285271468765194
IRL,17T18,1.0244257951054037,1.015390136856711,1.0285271468765194
IRL,19,1.0342002939193733,1.0179338741390078,1.0285271468765194
IRL,20,1.0530119458433393,1.0170877115035017,1.0285271468765194
IRL,21,1.0285575014803834,1.0144174638384358,1.0285271468765194
IRL,22,1.0452075826206453,1.0176888762761231,1.0285271468765194
IRL,23,0.9630588464058897,1.0231854828594444,1.0285271468765194
IRL,24,1.0014493728302527,1.0226904963989694,1.0285271468765194
IRL,25,1.035216111217553,1.017513355825779,1.0285271468765194
IRL,26,1.0076447310023855,1.016240705911193,1.0285271468765194
IRL,27,1.025873185852981,1.018809887285021,1.0285271468765194
IRL,28,1.0112763922695023,1.0164149034394272,1.0285271468765194
IRL,29T30,1.0169284854391627,1.0190076463565354,1.0285271468765194
IRL,31T33,1.0406399445146817,1.0149995664986828,1.0285271468765194
IRL,35,0.9655642530724805,1.0173217890401092,1.0285271468765194
IRL,36T39,1.020154686971552,1.0160517569262708,1.0285271468765194
IRL,41T43,1.0200520155765047,1.0200459972194265,1.0285271468765194
IRL,45T47,1.00195009045986,1.0151124799917102,1.0285271468765194
IRL,49,1.0172005602515126,1.0153952962749524,1.0285271468765194
IRL,50,0.9898904025919976,1.0255324748408787,1.0285271468765194
IRL,51,0.7224213418216322,1.0184305809921927,1.0285271468765194
IRL,52,1.0018893329334762,1.0161732886358084,1.0285271468765194
IRL,53,1.009886929245176,1.014349068801066,1.0285271468765194
IRL,55T56,1.0229496379890763,1.0155773660563465,1.0285271468765194
IRL,58T60,1.0111908001130578,1.0138217199135555,1.0285271468765194
IRL,61,1.0102174439796479,1.014431208943877,1.0285271468765194
IRL,62T63,1.0034972571835408,1.0146394362860855,1.0285271468765194
IRL,64T66,0.9998511132051274,1.0136263448976652,1.0285271468765194
IRL,68,1.0143558752518895,1.0133400125242908,1.0285271468765194
IRL,69T75,1.0046475662835639,1.0141277731309268,1.0285271468765194
IRL,77T82,1.0009041245882462,1.0144698225927238,1.0285271468765194
IRL,84,1.0259947291296092,1.0148239226598645,1.0285271468765194
IRL,85,1.025956457279428,1.0136411615676322,1.0285271468765194
IRL,86T88,1.027163287738669,1.0139961776638717,1.0285271468765194
IRL,90T93,1.0172558471525106,1.015213658126138,1.0285271468765194
IRL,94T98,1.0192938629454038,1.0145747536967868,1.0285271468765194
ISL,01T02,1.031792673373297,1.0148967123616324,1.013722384876572
ISL,03,0.9976980385369251,1.0148079558511995,1.013722384876572
ISL,05T06,1.0156259041315427,1.0145266871131162,1.013722384876572
ISL,07T08,1.0191125381180057,1.0142523304587363,1.013722384876572
ISL,10T12,1.0439996298196452,1.0142787837851284,1.013722384876572
ISL,13T15,1.0201524974413925,1.0146856697912077,1.013722384876572
ISL,16,1.0630044710323323,1.0158205024188705,1.013722384876572
ISL,17T18,1.0236065099332385,1.0148745954209868,1.013722384876572
ISL,19,1.0314133358244957,1.014255572987807,1.013722384876572
ISL,20,1.0348849012848151,1.0150613668889525,1.013722384876572
ISL,21,1.0141640290366165,1.0159109622399278,1.013722384876572
ISL,22,1.0411670888317042,1.0152983310000978,1.013722384876572
ISL,23,1.0236115935248795,1.0150259998594522,1.013722384876572
ISL,24,1.0156911674381177,1.0173852502991692,1.013722384876572
ISL,25,1.0301739884506955,1.0154790072430158,1.013722384876572
ISL,26,1.0163065580271338,1.01528911067979,1.013722384876572
ISL,27,1.0290924299907511,1.0162774083183577,1.013722384876572
ISL,28,1.0203710263987416,1.015248789410436,1.013722384876572
ISL,29T30,1.0204797361668423,1.0155386016105994,1.013722384876572
ISL,31T33,1.0239076626131687,1.0152070774617803,1.013722384876572
ISL,35,1.0154444918582057,1.0145701805286726,1.013722384876572
ISL,36T39,1.0169204494146968,1.0146990482341771,1.013722384876572
ISL,41T43,1.0137008028849592,1.015400936773127,1.013722384876572
ISL,45T47,1.0120273705260714,1.0143577291161237,1.013722384876572
ISL,49,1.015604335165788,1.015126712146126,1.013722384876572
ISL,50,1.0107255877465955,1.0159730925008472,1.013722384876572
ISL,51,0.990406712397766,1.015303654059143,1.013722384876572
ISL,52,1.006065770357712,1.0142353276304394,1.013722384876572
ISL,53,1.0121493623717395,1.0141623299835394,1.013722384876572
ISL,55T56,1.0188599931500117,1.0144038865335714,1.013722384876572
ISL,58T60,1.0055834507549768,1.0140822072514812,1.013722384876572
ISL,61,1.0075601042223634,1.0139484967257997,1.013722384876572
ISL,62T63,1.0069655629745429,1.0137072323251235,1.013722384876572
ISL,64T66,1.0096581995416056,1.0135487900282893,1.013722384876572
ISL,68,1.0126494964954844,1.0138447185741613,1.013722384876572
ISL,69T75,1.0119263802826353,1.0138255142907826,1.013722384876572
ISL,77T82,1.0135002635458203,1.014360949243664,1.013722384876572
ISL,84,1.013641728810482,1.0138938334271301,1.013722384876572
ISL,85,1.013562925068424,1.0138750280923,1.013722384876572
ISL,86T88,1.013656396368021,1.014010048436036,1.013722384876572
ISL,90T93,1.0128988470775693,1.0139324628877167,1.013722384876572
ISL,94T98,1.0129219010799206,1.0138880699216646,1.013722384876572
ISR,01T02,1.0518938227060597,1.0285647748241284,1.0221571584214328
ISR,03,1.0153101367281296,1.0215391126178421,1.0221571584214328
ISR,05T06,0.6448135088199137,1.020158032435656,1.0221571584214328
ISR,07T08,0.9871671987507992,1.0178459330776772,1.0221571584214328
ISR,10T12,1.0210394357112031,1.0247483680601912,1.0221571584214328
ISR,13T15,1.0021449785313712,1.0187722675698951,1.0221571584214328
ISR,16,1.0330298813528382,1.020030435253546,1.0221571584214328
ISR,17T18,1.021838181514426,1.0188218706394019,1.0221571584214328
ISR,19,0.9875698177318812,1.0282704166368535,1.0221571584214328
ISR,20,1.033059838903476,1.020325883148854,1.0221571584214328
ISR,21,1.019945037070085,1.0180285036426475,1.0221571584214328
ISR,22,0.9865407773803405,1.021468302923475,1.0221571584214328
ISR,23,1.0007829452255539,1.0244358793941402,1.0221571584214328
ISR,24,1.1070869093163407,1.0330930852906703,1.0221571584214328
ISR,25,1.0310942660447817,1.0209439721962736,1.0221571584214328
ISR,26,1.0177441292732126,1.0164220328711333,1.0221571584214328
ISR,27,1.0279999097813055,1.0192685443795255,1.0221571584214328
ISR,28,1.0195741593923289,1.019222068396879,1.0221571584214328
ISR,29T30,1.0175063326121565,1.0198361293338007,1.0221571584214328
ISR,31T33,0.9866324651531742,1.0170539545628021,1.0221571584214328
ISR,35,0.9208461971949529,1.026436950607973,1.0221571584214328
ISR,36T39,1.0201531189227795,1.0199061088148476,1.0221571584214328
ISR,41T43,1.0210456353100046,1.0201827023680379,1.0221571584214328
ISR,45T47,1.0098806219164136,1.015271764696643,1.0221571584214328
ISR,49,1.0077422591534042,1.0175024035509126,1.0221571584214328
ISR,50,0.982185671427217,1.0238604682572288,1.0221571584214328
ISR,51,1.0286353807954352,1.0201596663510801,1.0221571584214328
ISR,52,0.9935437548315071,1.017270580734243,1.0221571584214328
ISR,53,1.0151700447367065,1.0156741208561995,1.0221571584214328
ISR,55T56,1.0144178010316427,1.0205801366852254,1.0221571584214328
ISR,58T60,1.0071751956673476,1.0154446038148726,1.0221571584214328
ISR,61,1.0149931479665668,1.0144297460700031,1.0221571584214328
ISR,62T63,0.9973556144059753,1.013934610215779,1.0221571584214328
ISR,64T66,1.0083320459019607,1.0147974874772587,1.0221571584214328
ISR,68,1.0198699489258118,1.014007024849714,1.0221571584214328
ISR,69T75,1.012981508868737,1.0150678423128032,1.0221571584214328
ISR,77T82,1.0141527796058118,1.0139353560637487,1.0221571584214328
ISR,84,1.0213510330230695,1.0174956441470728,1.0221571584214328
ISR,85,1.0215683486172893,1.0148563939272197,1.0221571584214328
ISR,86T88,1.0215836248164225,1.0153904893769372,1.0221571584214328
ISR,90T93,1.0198013605584761,1.0142818178583082,1.0221571584214328
ISR,94T98,1.0173869743568564,1.018124566192915,1.0221571584214328
ITA,01T02,1.0290517733624092,1.0228439066890116,1.0246303102898064
ITA,03,1.00015012934638,1.0218781923774383,1.0246303102898064
ITA,05T06,0.954863834673865,1.0217630271866633,1.0246303102898064
ITA,07T08,1.0075681179014662,1.0169543162584473,1.0246303102898064
ITA,10T12,1.021555480987876,1.0278566861584597,1.0246303102898064
ITA,13T15,1.0091828278526833,1.0199193573226941,1.0246303102898064
ITA,16,1.0221328123085265,1.0239873369644168,1.0246303102898064
ITA,17T18,1.0127514952029713,1.0222083650803184,1.0246303102898064
ITA,19,0.9975710188251681,1.0301656276679978,1.0246303102898064
ITA,20,1.017850282184891,1.0264425010610272,1.0246303102898064
ITA,21,1.0089123273503127,1.0216789334677527,1.0246303102898064
ITA,22,1.0237046471093534,1.0247354707952558,1.0246303102898064
ITA,23,1.0074057863253703,1.0286236649120462,1.0246303102898064
ITA,24,1.0553620343036931,1.0331756550331683,1.0246303102898064
ITA,25,1.0156523109427473,1.0239454620452184,1.0246303102898064
ITA,26,1.0124053145407934,1.0218081676867183,1.0246303102898064
ITA,27,1.0134038416400992,1.0240658677156225,1.0246303102898064
ITA,28,1.0108124795286992,1.022291327651082,1.0246303102898064
ITA,29T30,1.0124240976551675,1.022031808432615,1.0246303102898064
ITA,31T33,1.0227807546785315,1.021797337836753,1.0246303102898064
ITA,35,0.9664961304677719,1.0387382211695266,1.0246303102898064
ITA,36T39,1.021140888375645,1.0214527606046884,1.0246303102898064
ITA,41T43,1.0217054126529375,1.0209612147749887,1.0246303102898064
ITA,45T47,1.0099350021127207,1.0189519625533165,1.0246303102898064
ITA,49,1.0074807063227307,1.0213671810998979,1.0246303102898064
ITA,50,0.9194541501489712,1.0216416342837966,1.0246303102898064
ITA,51,1.005592059717299,1.020856169901977,1.0246303102898064
ITA,52,1.0093435227398706,1.0205278548123249,1.0246303102898064
ITA,53,1.0078321948954168,1.024583801992194,1.0246303102898064
ITA,55T56,1.0183199464594108,1.0208514356224796,1.0246303102898064
ITA,58T60,1.0078480624549797,1.0184674200775425,1.0246303102898064
ITA,61,1.0126132194200221,1.0178086017206815,1.0246303102898064
ITA,62T63,1.012272500301173,1.0172918417396284,1.0246303102898064
ITA,64T66,1.0127597283163046,1.0168972961080025,1.0246303102898064
ITA,68,1.0210512032056915,1.0165076218029214,1.0246303102898064
ITA,69T75,1.013304955476227,1.0182323271443219,1.0246303102898064
ITA,77T82,1.0134052995005838,1.0193148659621973,1.0246303102898064
ITA,84,1.0230848726516377,1.0182579039984696,1.0246303102898064
ITA,85,1.0228131967801277,1.0172959529189343,1.0246303102898064
ITA,86T88,1.0234855075242417,1.0189812602404456,1.0246303102898064
ITA,90T93,1.019096926444785,1.018903906037057,1.0246303102898064
ITA,94T98,1.0219675486790583,1.0195042669216554,1.0246303102898064
JPN,01T02,1.0421615357529506,1.0244934424809775,1.0240150782449031
JPN,03,1.003701967208389,1.0202196039270113,1.0240150782449031
JPN,05T06,0.8880238847698976,1.0217539761947863,1.0240150782449031
JPN,07T08,0.9759042895530404,1.0229200026715786,1.0240150782449031
JPN,10T12,1.0248408112729328,1.0246295704241364,1.0240150782449031
JPN,13T15,1.0064394739615519,1.0209473952241876,1.0240150782449031
JPN,16,1.0261037335846268,1.0251098829647458,1.0240150782449031
JPN,17T18,1.004603804152498,1.0240380854358875,1.0240150782449031
JPN,19,0.9761877891199784,1.0350933244775053,1.0240150782449031
JPN,20,0.9971916043300022,1.0282450062928339,1.0240150782449031
JPN,21,1.0026807484461244,1.0218781305617457,1.0240150782449031
JPN,22,1.0277356253136616,1.025007018487279,1.0240150782449031
JPN,23,0.9822532491400129,1.0217639836983055,1.0240150782449031
JPN,24,1.029028241677918,1.02971589714905,1.0240150782449031
JPN,25,1.0217689162337358,1.0287237207329714,1.0240150782449031
JPN,26,1.012898664739765,1.021870886881136,1.0240150782449031
JPN,27,1.01937027649,1.0245593873126893,1.0240150782449031
JPN,28,1.0155567388130584,1.0227761465487135,1.0240150782449031
JPN,29T30,1.004372769240598,1.0242440031335367,1.0240150782449031
JPN,31T33,1.0181539617964348,1.0214980773832365,1.0240150782449031
JPN,35,0.9219241521183367,1.0404565766642706,1.0240150782449031
JPN,36T39,1.0165649777192576,1.017201286704245,1.0240150782449031
JPN,41T43,1.0224757775990672,1.023626466607216,1.0240150782449031
JPN,45T47,1.0086895397348785,1.0188190394581007,1.0240150782449031
JPN,49,1.0132762656416758,1.0185805983137781,1.0240150782449031
JPN,50,0.9238674687173773,1.0375055809847198,1.0240150782449031
JPN,51,0.9764550384440349,1.0246518666777744,1.0240150782449031
JPN,52,1.0061492647856525,1.0180192193543665,1.0240150782449031
JPN,53,1.009191065623464,1.01778416191531,1.0240150782449031
JPN,55T56,1.0177689662115315,1.022556375072864,1.0240150782449031
JPN,58T60,1.0102633356640434,1.018311108104143,1.0240150782449031
JPN,61,1.0197548576842805,1.0175691476083655,1.0240150782449031
JPN,62T63,1.0106986095261066,1.016787516748657,1.0240150782449031
JPN,64T66,1.014017745534993,1.0165686714428426,1.0240150782449031
JPN,68,1.0209821435167712,1.015081691820163,1.0240150782449031
JPN,69T75,1.0096140052237497,1.0173583182689738,1.0240150782449031
JPN,77T82,1.0065958704605165,1.0170774696354743,1.0240150782449031
JPN,84,1.0228553923361354,1.0173587579330907,1.0240150782449031
JPN,85,1.0219623378956115,1.0168231319855052,1.0240150782449031
JPN,86T88,1.0231492597937737,1.0181039686706186,1.0240150782449031
JPN,90T93,1.0197507760949693,1.0205337075912853,1.0240150782449031
JPN,94T98,1.0203090175240346,1.019119198235809,1.0240150782449031
KAZ,01T02,0.9202345597578961,0.9874395199502053,0.9978776986348966
KAZ,03,0.998088683225121,0.9675798454260249,0.9978776986348966
KAZ,05T06,0.9065622793230964,0.9829640574899706,0.9978776986348966
KAZ,07T08,0.8809089637532165,0.9941813169789314,0.9978776986348966
KAZ,10T12,1.0025146127262865,1.000231742308017,0.9978776986348966
KAZ,13T15,1.0446404963314004,0.9948712683455454,0.9978776986348966
KAZ,16,0.9541632153475873,1.0070607891722447,0.9978776986348966
KAZ,17T18,1.0207366266294085,0.990582628762567,0.9978776986348966
KAZ,19,0.9203573902170762,0.9955180433835886,0.9978776986348966
KAZ,20,0.914246222203419,0.9931888692357149,0.9978776986348966
KAZ,21,0.9475084731076188,0.9756511290719416,0.9978776986348966
KAZ,22,0.9794732978809965,1.000013600538537,0.9978776986348966
KAZ,23,0.6841719356960256,1.0029788286212449,0.9978776986348966
KAZ,24,0.9796852400216624,0.9896369354637641,0.9978776986348966
KAZ,25,1.0331708581746637,0.9971093058641088,0.9978776986348966
KAZ,26,1.0047203211190507,0.9873290692766774,0.9978776986348966
KAZ,27,1.0455287048508537,0.9920275736477807,0.9978776986348966
KAZ,28,1.0265805141028916,0.9926384167411483,0.9978776986348966
KAZ,29T30,1.0600345678403646,0.9811121170149073,0.9978776986348966
KAZ,31T33,1.0024342860351774,0.9924618177043216,0.9978776986348966
KAZ,35,0.5081868601022399,1.0058053228714752,0.9978776986348966
KAZ,36T39,0.9728908809078823,1.0159049420449857,0.9978776986348966
KAZ,41T43,0.9870501738422968,1.0082923173534712,0.9978776986348966
KAZ,45T47,0.9961614772021907,0.9752160257339192,0.9978776986348966
KAZ,49,0.9732230058860599,0.9813007641209457,0.9978776986348966
KAZ,50,1.0738652074272155,0.9918435518758417,0.9978776986348966
KAZ,51,1.011583374277999,0.9789706302203105,0.9978776986348966
KAZ,52,1.005297023841813,0.9782404099608142,0.9978776986348966
KAZ,53,1.0093755364068313,0.97472452710862,0.9978776986348966
KAZ,55T56,1.0227480519171186,0.9831057438144998,0.9978776986348966
KAZ,58T60,1.0032491738660838,0.9950115814485854,0.9978776986348966
KAZ,61,0.9988669637991929,0.9825505972017284,0.9978776986348966
KAZ,62T63,0.9816726870847742,0.9868967365985625,0.9978776986348966
KAZ,64T66,0.9868549027973238,0.9723152715817422,0.9978776986348966
KAZ,68,0.9940502177586481,0.9766284550778402,0.9978776986348966
KAZ,69T75,0.9907740465704227,0.9851939161287595,0.9978776986348966
KAZ,77T82,0.9884311917291229,0.9819384990282666,0.9978776986348966
KAZ,84,0.9896158788156315,1.004714555994667,0.9978776986348966
KAZ,85,0.9947312164950746,1.0025561367348907,0.9978776986348966
KAZ,86T88,0.9935243143391773,0.9985255512109561,0.9978776986348966
KAZ,90T93,0.9927684743432394,1.0061209270796256,0.9978776986348966
KAZ,94T98,0.993822351654349,1.0149206676631743,0.9978776986348966
KHM,01T02,0.5962861052248224,0.9946882602548303,1.0311388972361166
KHM,03,0.9863314421816933,0.9617945010870448,1.0311388972361166
KHM,05T06,1.0180110205179327,0.9758575935678229,1.0311388972361166
KHM,07T08,0.9558454473175612,0.9810537090554544,1.0311388972361166
KHM,10T12,0.9348406589866649,1.0860824980220365,1.0311388972361166
KHM,13T15,1.1281038245302135,0.9935701611798131,1.0311388972361166
KHM,16,0.9878221201722162,1.0168193681815256,1.0311388972361166
KHM,17T18,1.0115062595019662,1.021704659261234,1.0311388972361166
KHM,19,0.4583532335369375,1.0020072427639348,1.0311388972361166
KHM,20,1.0239411369083906,1.0269851400165972,1.0311388972361166
KHM,21,1.1007077277280266,0.9894125135904371,1.0311388972361166
KHM,22,0.9408351369923791,1.0427655695241809,1.0311388972361166
KHM,23,0.43069692421026434,0.9931186804373753,1.0311388972361166
KHM,24,1.3415709287491864,0.9903036974022883,1.0311388972361166
KHM,25,1.1412295359612687,0.9987167976427611,1.0311388972361166
KHM,26,1.0550766395108293,0.9914224501437436,1.0311388972361166
KHM,27,1.089462690338383,0.9967590865687747,1.0311388972361166
KHM,28,1.0875275247530587,0.9895636529338302,1.0311388972361166
KHM,29T30,1.0686405314021505,0.9943096580595266,1.0311388972361166
KHM,31T33,0.9757642412268401,0.9973378303015531,1.0311388972361166
KHM,35,0.7745971981094266,1.0270398688088067,1.0311388972361166
KHM,36T39,1.0159297954360855,1.0138379993798994,1.0311388972361166
KHM,41T43,1.0198169124361023,0.9896975561951679,1.0311388972361166
KHM,45T47,1.0489392699601807,0.9914704585115927,1.0311388972361166
KHM,49,0.9984690567427598,0.9874307193570143,1.0311388972361166
KHM,50,1.044575644541684,1.000268467252483,1.0311388972361166
KHM,51,0.846506443956436,1.00693768437221,1.0311388972361166
KHM,52,1.0664005882963956,0.9814824245246281,1.0311388972361166
KHM,53,1.0733263847377847,0.9834322644677276,1.0311388972361166
KHM,55T56,0.9966342774649355,1.0425590852329192,1.0311388972361166
KHM,58T60,1.0553930302153456,0.9917056044141683,1.0311388972361166
KHM,61,1.0345868060568097,0.9846292574228253,1.0311388972361166
KHM,62T63,1.0482974790449302,0.9920925035716809,1.0311388972361166
KHM,64T66,1.0720027574723128,0.9686047153076953,1.0311388972361166
KHM,68,1.038598222618449,0.9845401947375392,1.0311388972361166
KHM,69T75,1.0476747434150746,0.9897984797231913,1.0311388972361166
KHM,77T82,1.037633115905837,0.9901172062496925,1.0311388972361166
KHM,84,1.0256346416550304,0.9997249284942431,1.0311388972361166
KHM,85,1.0374702471248631,0.9764956849554245,1.0311388972361166
KHM,86T88,1.0336740354684006,0.982001775150483,1.0311388972361166
KHM,90T93,1.0431457074711614,0.9822412743134786,1.0311388972361166
KHM,94T98,1.0331365953959843,0.978779582907134,1.0311388972361166
KOR,01T02,1.0406533462854772,1.019940940098837,1.028807067736087
KOR,03,0.9984646673394226,1.0219496379542774,1.028807067736087
KOR,05T06,0.6164547435765386,1.0185086044749594,1.028807067736087
KOR,07T08,0.9718274670195131,1.0226638515405968,1.028807067736087
KOR,10T12,1.0234533364697715,1.0290651675329947,1.028807067736087
KOR,13T15,1.0011258104138463,1.0246210446821786,1.028807067736087
KOR,16,1.0252590736238116,1.028811781716826,1.028807067736087
KOR,17T18,0.9982704234812964,1.026524394044161,1.028807067736087
KOR,19,0.9759449369660729,1.0269077049928697,1.028807067736087
KOR,20,0.9979430564847204,1.0309562223036115,1.028807067736087
KOR,21,1.0144739463899572,1.0234186935652838,1.028807067736087
KOR,22,1.009779991044069,1.027500296852764,1.028807067736087
KOR,23,0.9690923486976841,1.0378298604525171,1.028807067736087
KOR,24,0.9683770631659001,1.0468317535313834,1.028807067736087
KOR,25,1.010990898691114,1.0316345871517607,1.028807067736087
KOR,26,1.0079588062901375,1.0213727995080677,1.028807067736087
KOR,27,1.010100969134045,1.0281038673201532,1.028807067736087
KOR,28,1.0113250328729397,1.0263668510845512,1.028807067736087
KOR,29T30,1.0005843626452775,1.0273052413029522,1.028807067736087
KOR,31T33,1.0159834891511625,1.0246369854687012,1.028807067736087
KOR,35,0.863752704086072,1.05147209059685,1.028807067736087
KOR,36T39,1.006647006616117,1.022927154206653,1.028807067736087
KOR,41T43,1.0267255144041258,1.0282558426184534,1.028807067736087
KOR,45T47,0.9996877625910985,1.0184482281975469,1.028807067736087
KOR,49,0.9878556833977418,1.021952612615759,1.028807067736087
KOR,50,0.9609305760185834,1.0305880789958375,1.028807067736087
KOR,51,0.9217181675546752,1.0210232596349518,1.028807067736087
KOR,52,0.987693368684329,1.020094874732761,1.028807067736087
KOR,53,0.9887090465937235,1.0205227285840648,1.028807067736087
KOR,55T56,1.0158312580949491,1.023756097979547,1.028807067736087
KOR,58T60,1.0094449703572166,1.0160773296420351,1.028807067736087
KOR,61,1.0110829242089285,1.018304937782954,1.028807067736087
KOR,62T63,1.0102365783773064,1.0139043367532965,1.028807067736087
KOR,64T66,1.0158698648200146,1.0132227464808528,1.028807067736087
KOR,68,1.0242779154051314,1.0131116452251796,1.028807067736087
KOR,69T75,1.0057322526295025,1.0213374135316111,1.028807067736087
KOR,77T82,1.0047379836160408,1.014139622211547,1.028807067736087
KOR,84,1.026735229596985,1.01389271511054,1.028807067736087
KOR,85,1.0259324208636225,1.0171464496404083,1.028807067736087
KOR,86T88,1.0261582523022463,1.019211952339296,1.028807067736087
KOR,90T93,1.0199155153053092,1.0209520292456402,1.028807067736087
KOR,94T98,1.0184599680196285,1.0207647570903555,1.028807067736087
LAO,01T02,0.7462052587488198,0.9754296822209326,0.9910085043587397
LAO,03,0.9147594504591021,0.9434267170475495,0.9910085043587397
LAO,05T06,0.9410332636688177,0.9660522135369444,0.9910085043587397
LAO,07T08,0.9796854907334271,0.9663856848473946,0.9910085043587397
LAO,10T12,0.9345158545808215,1.0735615127622935,0.9910085043587397
LAO,13T15,1.1472672224149565,0.9656205445906231,0.9910085043587397
LAO,16,0.9674627879969815,1.0413745482717094,0.9910085043587397
LAO,17T18,0.9681917806963006,1.0372943640739296,0.9910085043587397
LAO,19,1.056424041980246,0.9816317392107594,0.9910085043587397
LAO,20,1.166336570554713,0.9801824312218379,0.9910085043587397
LAO,21,1.0200986421437364,0.9681339801754015,0.9910085043587397
LAO,22,0.864840230692711,0.994188870124825,0.9910085043587397
LAO,23,1.0243098133384976,0.9808424816819349,0.9910085043587397
LAO,24,1.432842512708955,0.9870818354928637,0.9910085043587397
LAO,25,1.1594959751335439,0.9886994444421661,0.9910085043587397
LAO,26,1.0429397757384362,0.9862293222296058,0.9910085043587397
LAO,27,1.1086581401754956,0.9882868317142702,0.9910085043587397
LAO,28,1.0906856795744955,0.9880757876052644,0.9910085043587397
LAO,29T30,1.074647995586559,0.9915048805588451,0.9910085043587397
LAO,31T33,0.827059351075659,0.997422625492391,0.9910085043587397
LAO,35,0.550366746539513,0.9797767925894403,0.9910085043587397
LAO,36T39,0.9513587121835249,0.972426713459897,0.9910085043587397
LAO,41T43,0.9817373746062968,0.9921872206578504,0.9910085043587397
LAO,45T47,1.000216409255308,0.9661601055581257,0.9910085043587397
LAO,49,1.0255238041047372,0.9759623394885468,0.9910085043587397
LAO,50,0.7579137781322927,0.9977977825584785,0.9910085043587397
LAO,51,1.0483815495735236,0.9634267659412002,0.9910085043587397
LAO,52,0.9492886158030499,0.9904911456968548,0.9910085043587397
LAO,53,1.017395520226126,0.9631917936081706,0.9910085043587397
LAO,55T56,1.0019209389629156,1.005046229454512,0.9910085043587397
LAO,58T60,0.9931626918071305,1.0001437913082194,0.9910085043587397
LAO,61,0.999519340290383,0.9639004458270213,0.9910085043587397
LAO,62T63,1.003054429771115,0.9806518975441058,0.9910085043587397
LAO,64T66,1.0074976785032792,0.9538414307417489,0.9910085043587397
LAO,68,1.0046142417829305,0.9534174035636785,0.9910085043587397
LAO,69T75,1.0097880823569754,0.97372947571209,0.9910085043587397
LAO,77T82,1.0002303256545741,0.9779503648580334,0.9910085043587397
LAO,84,0.9883714870957491,0.9667202431549872,0.9910085043587397
LAO,85,0.9995522190549083,0.9631500766368313,0.9910085043587397
LAO,86T88,0.9970348441236087,0.9720046107875493,0.9910085043587397
LAO,90T93,1.015786410486634,0.9698805003772851,0.9910085043587397
LAO,94T98,0.9972831973581556,0.961799951592619,0.9910085043587397
LTU,01T02,0.8426991045721444,1.0228456723260773,1.0208143231097258
LTU,03,1.0089559229682017,1.014718012713924,1.0208143231097258
LTU,05T06,0.819367093811766,1.0158550109957643,1.0208143231097258
LTU,07T08,0.9993207023874853,1.015236487650379,1.0208143231097258
LTU,10T12,1.0067438925354337,1.0285642189620077,1.0208143231097258
LTU,13T15,1.027199914413768,1.0119987536680886,1.0208143231097258
LTU,16,1.0191847512695253,1.025848298409471,1.0208143231097258
LTU,17T18,1.0179422036963375,1.015736383824725,1.0208143231097258
LTU,19,1.005276411428005,1.0173499423165149,1.0208143231097258
LTU,20,0.8100276400032186,1.0317615749837623,1.0208143231097258
LTU,21,1.0169713751617817,1.0115266480560456,1.0208143231097258
LTU,22,1.0172319664275766,1.0215285804249006,1.0208143231097258
LTU,23,0.96246949334588,1.014841233739056,1.0208143231097258
LTU,24,1.1768774539843363,1.0226120815605135,1.0208143231097258
LTU,25,1.033868989576925,1.0160110868129124,1.0208143231097258
LTU,26,1.0213041146618453,1.0115396147940394,1.0208143231097258
LTU,27,1.0244694290924488,1.017190734700562,1.0208143231097258
LTU,28,1.015099832019985,1.0159285584256583,1.0208143231097258
LTU,29T30,1.0222926566306971,1.0156368381096017,1.0208143231097258
LTU,31T33,1.0325225928408461,1.0136803734991,1.0208143231097258
LTU,35,1.034970548080823,1.0134408107305988,1.0208143231097258
LTU,36T39,1.0145868783233822,1.011629959529896,1.0208143231097258
LTU,41T43,1.017577314024506,1.013018577246146,1.0208143231097258
LTU,45T47,1.0079739787104085,1.0076247014059418,1.0208143231097258
LTU,49,1.0012225594406763,1.0106370219964416,1.0208143231097258
LTU,50,0.9685163800475569,1.0100556165056682,1.0208143231097258
LTU,51,1.0800157406938529,1.0143742242760325,1.0208143231097258
LTU,52,1.0005674555428294,1.0095974901708236,1.0208143231097258
LTU,53,1.014813730717174,1.0084812481941012,1.0208143231097258
LTU,55T56,1.0157158020932318,1.0098304468366888,1.0208143231097258
LTU,58T60,1.0044696463810099,1.0113551427467882,1.0208143231097258
LTU,61,1.0128798963284549,1.0074736206899235,1.0208143231097258
LTU,62T63,1.0106726018143333,1.0065691395796637,1.0208143231097258
LTU,64T66,1.011352620294835,1.005851057533129,1.0208143231097258
LTU,68,1.011456105125865,1.0085554877363885,1.0208143231097258
LTU,69T75,1.0038966365803976,1.0071570934623932,1.0208143231097258
LTU,77T82,1.0087101029053047,1.0085684171692215,1.0208143231097258
LTU,84,1.0186717289209446,1.006765655800025,1.0208143231097258
LTU,85,1.0193755287508464,1.0058170432829232,1.0208143231097258
LTU,86T88,1.0196170805789562,1.0072954852823734,1.0208143231097258
LTU,90T93,1.0168751065274473,1.0078975926776796,1.0208143231097258
LTU,94T98,1.01549365672018,1.0075387631126715,1.0208143231097258
LVA,01T02,0.8903363459032309,1.032802221303156,1.0174386922382994
LVA,03,0.9876605203870062,1.0131582789660445,1.0174386922382994
LVA,05T06,0.10948539620945529,1.0185515205659175,1.0174386922382994
LVA,07T08,0.9900887463000678,1.0140649426290904,1.0174386922382994
LVA,10T12,1.0038691355790343,1.029866352369565,1.0174386922382994
LVA,13T15,1.0119095341047206,1.0152206166424353,1.0174386922382994
LVA,16,0.9865169402259314,1.0349375323761183,1.0174386922382994
LVA,17T18,1.0290630019163234,1.0130552603295588,1.0174386922382994
LVA,19,0.35936657973004277,1.011983772964805,1.0174386922382994
LVA,20,1.0355745620307948,1.0257039110420207,1.0174386922382994
LVA,21,1.012964784405936,1.0103584503423915,1.0174386922382994
LVA,22,1.0274649175743107,1.0189905420369567,1.0174386922382994
LVA,23,0.9436082597806171,1.0162660166909503,1.0174386922382994
LVA,24,1.1900962742409942,1.0226027050115862,1.0174386922382994
LVA,25,1.0195888904673638,1.0196980449068238,1.0174386922382994
LVA,26,1.0199226964836616,1.011327922051842,1.0174386922382994
LVA,27,1.026291868100595,1.0136213434513117,1.0174386922382994
LVA,28,1.0135357462490693,1.0149533765697716,1.0174386922382994
LVA,29T30,1.0069997678826506,1.0203868625819073,1.0174386922382994
LVA,31T33,1.0174783081826855,1.0160927710567664,1.0174386922382994
LVA,35,0.9945778692930384,1.0211186790633722,1.0174386922382994
LVA,36T39,1.0174858870994627,1.0115890068634266,1.0174386922382994
LVA,41T43,1.01232836897468,1.0169223097545288,1.0174386922382994
LVA,45T47,1.0029136560036818,1.008199736821591,1.0174386922382994
LVA,49,0.9785568339887656,1.0116989594605832,1.0174386922382994
LVA,50,1.0403446173901494,1.0114622914688838,1.0174386922382994
LVA,51,1.0112725103199751,1.0166478156287169,1.0174386922382994
LVA,52,1.0008089155591704,1.0094757235778682,1.0174386922382994
LVA,53,1.0133907002614755,1.006840603486266,1.0174386922382994
LVA,55T56,1.0150655224725365,1.0110194913575279,1.0174386922382994
LVA,58T60,0.9996834120216823,1.006826376155496,1.0174386922382994
LVA,61,1.0155280424000364,1.0056280816943206,1.0174386922382994
LVA,62T63,1.009607384077423,1.0043391122012084,1.0174386922382994
LVA,64T66,1.0075042984697626,1.0043707898847538,1.0174386922382994
LVA,68,1.0125503265732902,1.006376674466738,1.0174386922382994
LVA,69T75,1.0069213670637125,1.0056857733475522,1.0174386922382994
LVA,77T82,1.0047682737564698,1.0104843778266186,1.0174386922382994
LVA,84,1.015800957993905,1.0058581339149388,1.0174386922382994
LVA,85,1.0161304014149577,1.0071647731027835,1.0174386922382994
LVA,86T88,1.0162947547751082,1.0082223823016638,1.0174386922382994
LVA,90T93,1.0155151041025736,1.009465643623093,1.0174386922382994
LVA,94T98,1.015591409818915,1.0087838481614815,1.0174386922382994
MAR,01T02,1.0016292244507492,1.0180990033792212,1.026295254741766
MAR,03,1.0141847773544743,1.0105012663357629,1.026295254741766
MAR,05T06,0.9482106134172064,1.0157649940766869,1.026295254741766
MAR,07T08,0.9627057390506462,1.0158587394458416,1.026295254741766
MAR,10T12,1.0145258510805744,1.0314401842129106,1.026295254741766
MAR,13T15,1.0111742673049082,1.017729537227758,1.026295254741766
MAR,16,1.035854089277758,1.0224125550303558,1.026295254741766
MAR,17T18,1.000019373125028,1.0200623648958271,1.026295254741766
MAR,19,0.952279642237791,1.0389578715942784,1.026295254741766
MAR,20,1.0175883567367932,1.0213456810332004,1.026295254741766
MAR,21,1.0171750619808602,1.016138992754299,1.026295254741766
MAR,22,0.9982045857854753,1.0355264088320497,1.026295254741766
MAR,23,0.8281050995479126,1.0391788211132817,1.026295254741766
MAR,24,1.074584148816547,1.0272929118970235,1.026295254741766
MAR,25,1.0116999468837338,1.02681971839081,1.026295254741766
MAR,26,1.008397959753384,1.0226791588603514,1.026295254741766
MAR,27,1.0215942833318825,1.0204108891506836,1.026295254741766
MAR,28,1.014692878013875,1.0223266761155783,1.026295254741766
MAR,29T30,1.0114697445551701,1.0212917995942945,1.026295254741766
MAR,31T33,1.0361958130603697,1.0162659272071994,1.026295254741766
MAR,35,0.8256968014995081,1.0171629682974024,1.026295254741766
MAR,36T39,1.0066395109222546,1.0128495242354314,1.026295254741766
MAR,41T43,1.0211840812689938,1.0421033946777123,1.026295254741766
MAR,45T47,1.0038682004635233,1.0133031535333137,1.026295254741766
MAR,49,0.9715482615205306,1.015520008646591,1.026295254741766
MAR,50,0.9710001861210998,1.024966381839527,1.026295254741766
MAR,51,0.8697155238872276,1.0234146525675158,1.026295254741766
MAR,52,0.9951281769656307,1.014737607492129,1.026295254741766
MAR,53,1.0115973601232102,1.011413877548516,1.026295254741766
MAR,55T56,1.015172394752529,1.0171707835154797,1.026295254741766
MAR,58T60,0.9797263524517864,1.0248514362815313,1.026295254741766
MAR,61,1.014845507142526,1.0140561451101124,1.026295254741766
MAR,62T63,1.025333413518769,1.0054672445294328,1.026295254741766
MAR,64T66,1.0050379643495948,1.0073242159453009,1.026295254741766
MAR,68,1.0212595253961885,1.0050650992013705,1.026295254741766
MAR,69T75,1.0154980395923745,1.0057659663588145,1.026295254741766
MAR,77T82,1.0120068997613956,1.0063197016418088,1.026295254741766
MAR,84,1.0215329028181426,1.0130018481776617,1.026295254741766
MAR,85,1.0244032514121337,1.0093325139872467,1.026295254741766
MAR,86T88,1.0239009767790779,1.011213851195981,1.026295254741766
MAR,90T93,1.011874910973264,1.0154927017816855,1.026295254741766
MAR,94T98,1.019416169957511,1.0099326538949223,1.026295254741766
MEX,01T02,0.9176171326042522,1.013104510818513,1.0145069711086094
MEX,03,1.000061802394595,1.0124252235230902,1.0145069711086094
MEX,05T06,0.903243737124742,1.0095730255875128,1.0145069711086094
MEX,07T08,0.9882785379634068,1.0121402303362461,1.0145069711086094
MEX,10T12,1.0123715104620101,1.0293621196089,1.0145069711086094
MEX,13T15,1.0154170053261595,1.0167440608559464,1.0145069711086094
MEX,16,0.9856805278441103,1.0305725751823533,1.0145069711086094
MEX,17T18,0.9999754266860699,1.018818412968351,1.0145069711086094
MEX,19,0.9518958685588109,1.0350938362254205,1.0145069711086094
MEX,20,0.8158747828150704,1.0302367779974906,1.0145069711086094
MEX,21,0.9946740303350237,1.0215297708985214,1.0145069711086094
MEX,22,0.95762974563317,1.0308969914887813,1.0145069711086094
MEX,23,0.8434443030030292,1.0416680512233711,1.0145069711086094
MEX,24,1.0387211717325924,1.0205829730073501,1.0145069711086094
MEX,25,1.0115584396959025,1.02431628172347,1.0145069711086094
MEX,26,1.0155666363228706,1.015109334285569,1.0145069711086094
MEX,27,1.0180410453472668,1.0213833610019178,1.0145069711086094
MEX,28,1.0194254305953125,1.0146085179008313,1.0145069711086094
MEX,29T30,1.0152771354416428,1.0169495556458488,1.0145069711086094
MEX,31T33,0.9747134574468075,1.017727349901626,1.0145069711086094
MEX,35,0.8499971319250094,1.0098226784142217,1.0145069711086094
MEX,36T39,1.0001887908185993,1.03019244196678,1.0145069711086094
MEX,41T43,1.0126029337947935,1.012712152046054,1.0145069711086094
MEX,45T47,1.0087221359573104,1.0020586164917311,1.0145069711086094
MEX,49,0.9862466365081155,1.0081866955126644,1.0145069711086094
MEX,50,0.9305854321975159,1.0031557406354294,1.0145069711086094
MEX,51,1.0002886239722282,1.0165215369546892,1.0145069711086094
MEX,52,1.004250166009691,1.0055639623969188,1.0145069711086094
MEX,53,0.9972968912691398,1.0084710092451223,1.0145069711086094
MEX,55T56,1.0194565683600145,1.0069992869122741,1.0145069711086094
MEX,58T60,1.0140337138682853,1.0066566915491313,1.0145069711086094
MEX,61,1.012445694690396,1.0025341435639592,1.0145069711086094
MEX,62T63,1.0128546296502452,1.0042802299261766,1.0145069711086094
MEX,64T66,1.014566683305377,0.999835498253577,1.0145069711086094
MEX,68,1.013018132124615,0.9985622790308536,1.0145069711086094
MEX,69T75,1.0018360646914855,1.0025086110197055,1.0145069711086094
MEX,77T82,0.9998796480764043,1.0017938678712721,1.0145069711086094
MEX,84,1.0126842338032116,1.0060932167417223,1.0145069711086094
MEX,85,1.0146289758525082,1.0014330763209813,1.0145069711086094
MEX,86T88,1.013792623529661,1.0067633640097278,1.0145069711086094
MEX,90T93,1.0151711406338808,1.0046605531264123,1.0145069711086094
MEX,94T98,1.0127136152297451,1.0018348480911383,1.0145069711086094
MLT,01T02,1.043752284079328,1.016666021736545,1.025362729294779
MLT,03,1.0103732478309984,1.0301885547681175,1.025362729294779
MLT,05T06,0.9675285978036637,1.0233671741622832,1.025362729294779
MLT,07T08,1.0192799359375921,1.01787694433588,1.025362729294779
MLT,10T12,1.0265523283286302,1.0232536808494255,1.025362729294779
MLT,13T15,0.9886511484789557,1.0252121568119181,1.025362729294779
MLT,16,1.0208944254779646,1.0199635950958668,1.025362729294779
MLT,17T18,1.0362573549131997,1.0205424815084438,1.025362729294779
MLT,19,1.0032542390102008,1.0274192184367426,1.025362729294779
MLT,20,1.0460511959833103,1.024345785596066,1.025362729294779
MLT,21,0.9970510400979512,1.0257611152764694,1.025362729294779
MLT,22,1.0290289307366656,1.0202252229573008,1.025362729294779
MLT,23,1.05355339196185,1.02491946248485,1.025362729294779
MLT,24,1.153733165619181,1.02119194589493,1.025362729294779
MLT,25,0.9982696712136756,1.0256181466097696,1.025362729294779
MLT,26,1.0041540420571349,1.0256429790806805,1.025362729294779
MLT,27,1.0149152247601216,1.0227648750144251,1.025362729294779
MLT,28,1.0087478492049708,1.0238213490985444,1.025362729294779
MLT,29T30,1.0164122664930137,1.0175879310611564,1.025362729294779
MLT,31T33,1.0168243543742768,1.019372986159081,1.025362729294779
MLT,35,0.9480141997246,1.050547961368205,1.025362729294779
MLT,36T39,1.016567743648129,1.023323847498125,1.025362729294779
MLT,41T43,1.0181162182453922,1.0202333244756956,1.025362729294779
MLT,45T47,1.0078486442251833,1.0183425480131292,1.025362729294779
MLT,49,1.0065022473536682,1.0180189296923035,1.025362729294779
MLT,50,0.6521908196616988,1.0187826058463458,1.025362729294779
MLT,51,1.0132710139955916,1.0217211649798335,1.025362729294779
MLT,52,0.9843200646219243,1.0180384259398627,1.025362729294779
MLT,53,0.998943888538857,1.0323367741632903,1.025362729294779
MLT,55T56,1.0128428496364419,1.019344088229046,1.025362729294779
MLT,58T60,1.0051238576082209,1.0132629820479795,1.025362729294779
MLT,61,1.0084064145355578,1.0121328993258403,1.025362729294779
MLT,62T63,0.9989302094012711,1.0148519018840645,1.025362729294779
MLT,64T66,1.0006992023992571,1.0164366940005227,1.025362729294779
MLT,68,1.0157837049593508,1.0133365774825867,1.025362729294779
MLT,69T75,1.0009729116676553,1.014589019907965,1.025362729294779
MLT,77T82,0.9986620828347834,1.0172114133030898,1.025362729294779
MLT,84,1.0218465591612473,1.0126626425038532,1.025362729294779
MLT,85,1.0217446370545926,1.0105578255407892,1.025362729294779
MLT,86T88,1.0233255586007655,1.0149252329161156,1.025362729294779
MLT,90T93,1.0109312111245092,1.0109731092887069,1.025362729294779
MLT,94T98,1.0172769958529422,1.0148611952944544,1.025362729294779
MMR,01T02,0.7378128505911233,1.0437190974064554,1.0120640769543305
MMR,03,1.0045417010726172,0.9330894248890976,1.0120640769543305
MMR,05T06,0.8775334013243224,0.9756196952346279,1.0120640769543305
MMR,07T08,1.0454325398917867,0.9824800435510875,1.0120640769543305
MMR,10T12,0.9196648933057221,1.0746489890727176,1.0120640769543305
MMR,13T15,1.0733044162859247,0.9968680810482192,1.0120640769543305
MMR,16,0.9586548353463873,1.0315851253986361,1.0120640769543305
MMR,17T18,1.0470502283217633,0.9923799063969608,1.0120640769543305
MMR,19,0.9707135354188137,1.0027897798311418,1.0120640769543305
MMR,20,0.9987453647945918,1.0241893237474928,1.0120640769543305
MMR,21,0.9980653718201717,1.0143224543192289,1.0120640769543305
MMR,22,1.030135838045979,1.01892732888565,1.0120640769543305
MMR,23,0.9699879510812813,0.9887423430083359,1.0120640769543305
MMR,24,1.3440653277371244,0.9941333061833462,1.0120640769543305
MMR,25,1.0759046687147256,0.9860582525859121,1.0120640769543305
MMR,26,1.032845205693666,0.9791582896145016,1.0120640769543305
MMR,27,1.0676664224167456,0.9861963473797178,1.0120640769543305
MMR,28,1.0640412483179191,0.9812350171306622,1.0120640769543305
MMR,29T30,1.075617873806565,0.9798247590559868,1.0120640769543305
MMR,31T33,1.0424848355022036,0.9873633532104057,1.0120640769543305
MMR,35,0.6747974779642065,1.0193859699854506,1.0120640769543305
MMR,36T39,1.013370299644258,0.9811512582078163,1.0120640769543305
MMR,41T43,0.9844708216227711,0.9921413747736257,1.0120640769543305
MMR,45T47,0.9802853238106511,0.9912241660689152,1.0120640769543305
MMR,49,0.9676648261134584,0.9713918982036521,1.0120640769543305
MMR,50,1.007251454911833,0.9955887373627118,1.0120640769543305
MMR,51,1.0433341288223394,0.9810183801000121,1.0120640769543305
MMR,52,1.001649342053504,0.9781976476619397,1.0120640769543305
MMR,53,1.0234609146591074,0.9583710808200447,1.0120640769543305
MMR,55T56,1.019108556506911,1.001303223681026,1.0120640769543305
MMR,58T60,1.0816127196867378,0.9718443578862819,1.0120640769543305
MMR,61,1.0268510182914061,0.949879738475697,1.0120640769543305
MMR,62T63,1.1284520302846548,0.9582833380038484,1.0120640769543305
MMR,64T66,1.0073141839746211,0.9467624080958079,1.0120640769543305
MMR,68,1.0213914921777036,0.9525403215680045,1.0120640769543305
MMR,69T75,1.0874671095945168,0.964895363696313,1.0120640769543305
MMR,77T82,1.028337898608292,0.9723674206212339,1.0120640769543305
MMR,84,1.009698312001079,0.975858921269508,1.0120640769543305
MMR,85,1.0115575752416404,0.9782381678699001,1.0120640769543305
MMR,86T88,1.0109549632533714,0.983530261162837,1.0120640769543305
MMR,90T93,1.011063322279575,1.0036332894348008,1.0120640769543305
MMR,94T98,1.0105654833135032,0.9955860206498163,1.0120640769543305
NLD,01T02,1.0468690674678345,1.025555370534797,1.0231121965682977
NLD,03,0.9609924972562702,1.0164886580984904,1.0231121965682977
NLD,05T06,0.9634874704963697,1.0228432684539706,1.0231121965682977
NLD,07T08,1.002246391045164,1.0278873907120978,1.0231121965682977
NLD,10T12,1.013380246744661,1.029385197162282,1.0231121965682977
NLD,13T15,0.9944693195114427,1.0228454464360093,1.0231121965682977
NLD,16,1.0411153407063094,1.0203867991584639,1.0231121965682977
NLD,17T18,1.0168057094298488,1.018935189006797,1.0231121965682977
NLD,19,0.9891384791018214,1.028698283157106,1.0231121965682977
NLD,20,0.972955104648088,1.0260348951934959,1.0231121965682977
NLD,21,0.9999325632273426,1.0163455819270464,1.0231121965682977
NLD,22,1.027535696680915,1.0232235958967457,1.0231121965682977
NLD,23,1.0467108110572085,1.0220839077589174,1.0231121965682977
NLD,24,0.9834564277993156,1.0300155582157846,1.0231121965682977
NLD,25,1.0211679576792638,1.0229653247112152,1.0231121965682977
NLD,26,1.018863439564897,1.0156661416595292,1.0231121965682977
NLD,27,1.0248498329217761,1.0182777429139471,1.0231121965682977
NLD,28,1.0199537398099259,1.017878754112466,1.0231121965682977
NLD,29T30,1.0185806281639083,1.0185332884695086,1.0231121965682977
NLD,31T33,1.019790412334251,1.0175056350449758,1.0231121965682977
NLD,35,0.9022565227131979,1.0260186464693122,1.0231121965682977
NLD,36T39,1.01583213347886,1.0165901838698086,1.0231121965682977
NLD,41T43,1.0184788144920067,1.0192282877332115,1.0231121965682977
NLD,45T47,1.010952124891829,1.0144747977495496,1.0231121965682977
NLD,49,1.0088954315475072,1.017384357974354,1.0231121965682977
NLD,50,0.945762426033993,1.025944537952786,1.0231121965682977
NLD,51,0.9855147033065492,1.0191512388243902,1.0231121965682977
NLD,52,1.0058068590691027,1.015470462005424,1.0231121965682977
NLD,53,1.0134712449245438,1.0141492942186359,1.0231121965682977
NLD,55T56,1.0174706054205418,1.0178694510307826,1.0231121965682977
NLD,58T60,1.005735753582832,1.0143266947392096,1.0231121965682977
NLD,61,1.0108073782611195,1.0145240699741809,1.0231121965682977
NLD,62T63,1.006040544079425,1.0132511091335612,1.0231121965682977
NLD,64T66,1.0136626285673422,1.012810315902019,1.0231121965682977
NLD,68,1.0200655565354961,1.0140899185553953,1.0231121965682977
NLD,69T75,1.0061499508674336,1.0138359623581605,1.0231121965682977
NLD,77T82,1.006645693990536,1.0139021214719421,1.0231121965682977
NLD,84,1.0210855934066967,1.014014924331715,1.0231121965682977
NLD,85,1.0210288796314018,1.0135071042371584,1.0231121965682977
NLD,86T88,1.0223329689928347,1.0141214854321465,1.0231121965682977
NLD,90T93,1.016865464779197,1.0167228501915515,1.0231121965682977
NLD,94T98,1.0190285760287854,1.0157433773236606,1.0231121965682977
NOR,01T02,0.9964159631621574,1.0185019755345257,1.0144882344100852
NOR,03,1.014550377077355,1.0134158634418224,1.0144882344100852
NOR,05T06,0.9854964911261037,1.0097435001351829,1.0144882344100852
NOR,07T08,1.012434393473813,1.0164454786113175,1.0144882344100852
NOR,10T12,1.017980902097856,1.0249540880525974,1.0144882344100852
NOR,13T15,1.025043186524646,1.0144545659060253,1.0144882344100852
NOR,16,1.0359817930744384,1.0213037193892454,1.0144882344100852
NOR,17T18,1.0154578608721825,1.0190428339124575,1.0144882344100852
NOR,19,0.980796210718994,1.024112503389735,1.0144882344100852
NOR,20,0.9568120782004511,1.0191109701723657,1.0144882344100852
NOR,21,0.9847591654218539,1.0141173456667512,1.0144882344100852
NOR,22,1.0328093890087064,1.0199754499712406,1.0144882344100852
NOR,23,1.0143897892944096,1.0215257253517118,1.0144882344100852
NOR,24,0.9952322076742711,1.0296003051875102,1.0144882344100852
NOR,25,1.0167175181363932,1.021885820837164,1.0144882344100852
NOR,26,1.0165111373470808,1.0131682999615916,1.0144882344100852
NOR,27,1.0185525576779002,1.0193237682729648,1.0144882344100852
NOR,28,1.0135413759935792,1.0168685679184688,1.0144882344100852
NOR,29T30,1.0095651043792337,1.017914669122159,1.0144882344100852
NOR,31T33,1.0169585415442324,1.0152504678337244,1.0144882344100852
NOR,35,1.0280198017952107,1.008534242211291,1.0144882344100852
NOR,36T39,1.0096807766843732,1.0130124117613712,1.0144882344100852
NOR,41T43,1.0132398556925903,1.0143601094363626,1.0144882344100852
NOR,45T47,1.0090948410561071,1.0120597297067604,1.0144882344100852
NOR,49,1.013393095412726,1.015974232685399,1.0144882344100852
NOR,50,0.9534424790557908,1.0271828295658807,1.0144882344100852
NOR,51,0.9644268055050997,1.0180513963502522,1.0144882344100852
NOR,52,1.0064842189728163,1.0146517617022734,1.0144882344100852
NOR,53,1.0118573658997054,1.0122038827518398,1.0144882344100852
NOR,55T56,1.0150092444054564,1.013010378347543,1.0144882344100852
NOR,58T60,1.0088300292858758,1.0123553384874104,1.0144882344100852
NOR,61,1.0105124621942876,1.0091554809981322,1.0144882344100852
NOR,62T63,1.0103023335540542,1.00961431954398,1.0144882344100852
NOR,64T66,1.0091335471356087,1.0076629007630487,1.0144882344100852
NOR,68,1.013718333670749,1.0089197733935684,1.0144882344100852
NOR,69T75,1.0069993689595858,1.009930333114988,1.0144882344100852
NOR,77T82,1.006346879613126,1.0127477784824386,1.0144882344100852
NOR,84,1.0133956399975208,1.0109613849480437,1.0144882344100852
NOR,85,1.0143525530550628,1.0079011745043072,1.0144882344100852
NOR,86T88,1.0142442336598885,1.008381979924095,1.0144882344100852
NOR,90T93,1.0136345816755878,1.011318219687255,1.0144882344100852
NOR,94T98,1.0132077118526377,1.0104144131401567,1.0144882344100852
NZL,01T02,0.8718248686242852,1.022586333511077,1.0114502094284823
NZL,03,0.9838867097508475,1.0085102369589798,1.0114502094284823
NZL,05T06,0.9374302058796006,1.014017453023136,1.0114502094284823
NZL,07T08,1.003267028765836,0.9984086769366741,1.0114502094284823
NZL,10T12,0.977509313873381,1.0440784179593203,1.0114502094284823
NZL,13T15,1.0119219342499493,1.0175727586070975,1.0114502094284823
NZL,16,1.0087595098032287,1.0240138624785988,1.0114502094284823
NZL,17T18,1.0034939401495593,1.016087180701425,1.0114502094284823
NZL,19,0.9957806448264831,1.0253256168931422,1.0114502094284823
NZL,20,0.9233223150046181,1.0186213421290555,1.0114502094284823
NZL,21,0.9542590091445475,1.0136459827939408,1.0114502094284823
NZL,22,1.0046990776078053,1.0127007641966654,1.0114502094284823
NZL,23,1.0270785657852024,1.0095044597929592,1.0114502094284823
NZL,24,0.9871312675957576,1.0135836711050896,1.0114502094284823
NZL,25,1.0202756792100358,1.01586132314604,1.0114502094284823
NZL,26,1.0181298505701601,1.0085789537313505,1.0114502094284823
NZL,27,1.0388661786383995,1.0086366647389475,1.0114502094284823
NZL,28,1.0167302108535714,1.0136069640733212,1.0114502094284823
NZL,29T30,1.0339840903658888,1.0075587262569656,1.0114502094284823
NZL,31T33,1.033556200948093,1.0074945819702519,1.0114502094284823
NZL,35,0.9836674659210318,1.0113228716835299,1.0114502094284823
NZL,36T39,0.997954427863998,1.0011554439417991,1.0114502094284823
NZL,41T43,1.0054034070065185,1.0086079952775793,1.0114502094284823
NZL,45T47,1.0038689680864887,1.002416695539224,1.0114502094284823
NZL,49,0.9898029905774648,1.0064419224352177,1.0114502094284823
NZL,50,0.9609823150614943,1.0073584456316238,1.0114502094284823
NZL,51,0.9748802909147659,1.0071922294170452,1.0114502094284823
NZL,52,1.0003116435004884,1.0006096647173781,1.0114502094284823
NZL,53,1.004991423725477,1.0045663689301125,1.0114502094284823
NZL,55T56,1.0170061198599774,1.0075915523233152,1.0114502094284823
NZL,58T60,1.012160400466902,1.002505435919266,1.0114502094284823
NZL,61,1.0126270568740914,1.0012203114755767,1.0114502094284823
NZL,62T63,1.0123411371435138,0.9991747877364973,1.0114502094284823
NZL,64T66,1.0028367499487876,0.9985030769416227,1.0114502094284823
NZL,68,1.0082178812655673,0.9994142657824173,1.0114502094284823
NZL,69T75,1.001333435093771,1.0010508556278355,1.0114502094284823
NZL,77T82,0.9974357661193297,1.0017047144201021,1.0114502094284823
NZL,84,1.0098457631974873,1.0014022796266215,1.0114502094284823
NZL,85,1.010450224461708,0.9993279032001005,1.0114502094284823
NZL,86T88,1.0111345260925135,1.0018283011656863,1.0114502094284823
NZL,90T93,1.010248508453913,1.0030454663126482,1.0114502094284823
NZL,94T98,1.005953140300667,1.0007601818820566,1.0114502094284823
PER,01T02,0.7062855988718683,1.0212757259267127,1.0287914935218196
PER,03,1.008072945228855,1.0106731018238844,1.0287914935218196
PER,05T06,0.9713848038157977,1.0118714014059198,1.0287914935218196
PER,07T08,1.0428334180805727,1.0083378323328531,1.0287914935218196
PER,10T12,1.0049448668922978,1.0708661006675237,1.0287914935218196
PER,13T15,1.0126846667710374,1.02430506563022,1.0287914935218196
PER,16,0.980367670274716,1.0421576181801948,1.0287914935218196
PER,17T18,1.027597897306238,1.010044902966214,1.0287914935218196
PER,19,1.021496423108501,1.0299725672787228,1.0287914935218196
PER,20,1.0451525069312528,1.0155746556431162,1.0287914935218196
PER,21,1.0351341365165452,1.0115102901691364,1.0287914935218196
PER,22,0.9648817667128442,1.0186979928814517,1.0287914935218196
PER,23,1.0263232655669612,1.0195540936866045,1.0287914935218196
PER,24,1.2194155096838526,1.0190154512509104,1.0287914935218196
PER,25,1.0395431925877026,1.0128498521138636,1.0287914935218196
PER,26,1.0319059903119063,1.0109204748682201,1.0287914935218196
PER,27,1.0408305873254085,1.012084044445105,1.0287914935218196
PER,28,1.0339432296856343,1.0113044903144934,1.0287914935218196
PER,29T30,1.0403216104412094,1.0091198258678338,1.0287914935218196
PER,31T33,0.9494691711749097,1.0235449290214382,1.0287914935218196
PER,35,0.9693734443013113,1.0139063574404268,1.0287914935218196
PER,36T39,1.0364096765930746,1.0084073458682619,1.0287914935218196
PER,41T43,1.0267347097524753,1.0152840327931234,1.0287914935218196
PER,45T47,1.0169447094184998,1.0051670044907823,1.0287914935218196
PER,49,1.0117280338169425,1.010781552835282,1.0287914935218196
PER,50,0.9505321296007955,1.0115077527626224,1.0287914935218196
PER,51,1.0310142315735227,1.016619554495269,1.0287914935218196
PER,52,1.0125969124467908,1.009873920677276,1.0287914935218196
PER,53,1.0160688684358856,1.0087212337897224,1.0287914935218196
PER,55T56,1.0224298980852071,1.0254401224113425,1.0287914935218196
PER,58T60,1.0303592862036541,1.0054389813302966,1.0287914935218196
PER,61,1.0287157239055769,1.0057348812927256,1.0287914935218196
PER,62T63,1.0300535616802295,1.003700239829488,1.0287914935218196
PER,64T66,1.0338359891391282,1.0032947045809038,1.0287914935218196
PER,68,1.0265114195721248,1.0027019814963936,1.0287914935218196
PER,69T75,1.0261976046384582,1.0052944918173674,1.0287914935218196
PER,77T82,1.0339413935158506,1.0042464773277655,1.0287914935218196
PER,84,1.025029482078948,1.007777555188609,1.0287914935218196
PER,85,1.028237099237489,1.002797473533428,1.0287914935218196
PER,86T88,1.0274107227925064,1.0047398343750515,1.0287914935218196
PER,90T93,1.0255100716760903,1.0122623933152883,1.0287914935218196
PER,94T98,1.0281903861143844,1.0043651125627349,1.0287914935218196
PHL,01T02,0.9672286023261023,1.0122912497750354,1.0220045418430574
PHL,03,1.0151885141127888,1.0077889970927174,1.0220045418430574
PHL,05T06,0.8456544047856875,1.0080294604739535,1.0220045418430574
PHL,07T08,0.9600463891652096,1.008506617521721,1.0220045418430574
PHL,10T12,1.020538725234989,1.0260169100982304,1.0220045418430574
PHL,13T15,1.025984449756937,1.0153450769877999,1.0220045418430574
PHL,16,1.010408881892507,1.0251984477514702,1.0220045418430574
PHL,17T18,0.9298694682804424,1.0286556067465376,1.0220045418430574
PHL,19,0.9908836537866983,1.025440349526911,1.0220045418430574
PHL,20,1.0388534808223697,1.0199843474765116,1.0220045418430574
PHL,21,1.0060544215626714,1.0218361927902748,1.0220045418430574
PHL,22,1.0379125213149014,1.023635252073737,1.0220045418430574
PHL,23,0.8518203628204337,1.0265244932325759,1.0220045418430574
PHL,24,1.0996972619016654,1.0327390569234012,1.0220045418430574
PHL,25,1.022576138867728,1.032976962077738,1.0220045418430574
PHL,26,1.012363449938138,1.0195486198730044,1.0220045418430574
PHL,27,1.0297009640172794,1.0183875987421809,1.0220045418430574
PHL,28,1.0170926401099893,1.0206691576748845,1.0220045418430574
PHL,29T30,1.012666397792861,1.0211217423837415,1.0220045418430574
PHL,31T33,1.0228094915383437,1.0203503321504745,1.0220045418430574
PHL,35,0.8851631068071172,1.0209897764485698,1.0220045418430574
PHL,36T39,1.014294379159318,1.0160974074707267,1.0220045418430574
PHL,41T43,1.0161624409848242,1.02949068498273,1.0220045418430574
PHL,45T47,1.0067175916549496,1.013628995087535,1.0220045418430574
PHL,49,0.9906671226731585,1.0174988680404298,1.0220045418430574
PHL,50,0.8806159903988742,1.0133815866173845,1.0220045418430574
PHL,51,0.94319846274689,1.0162369929628077,1.0220045418430574
PHL,52,1.0016331000105503,1.0134541236763026,1.0220045418430574
PHL,53,1.0150934097299118,1.011361204647821,1.0220045418430574
PHL,55T56,1.0144258274232603,1.0211320445860756,1.0220045418430574
PHL,58T60,0.9871357527566176,1.0202773001366856,1.0220045418430574
PHL,61,1.0159308135859157,1.0102477007087505,1.0220045418430574
PHL,62T63,0.9942234108084931,1.0126271914233662,1.0220045418430574
PHL,64T66,1.0067691350010932,1.0063286544153949,1.0220045418430574
PHL,68,1.0181575480224745,1.008027170099951,1.0220045418430574
PHL,69T75,1.0044236163600995,1.0106318375663332,1.0220045418430574
PHL,77T82,1.006653052960333,1.0109655449639283,1.0220045418430574
PHL,84,1.0198714978880816,1.0070764155264609,1.0220045418430574
PHL,85,1.0168962001389192,1.0071711696320949,1.0220045418430574
PHL,86T88,1.0170002137878356,1.0151348484011082,1.0220045418430574
PHL,90T93,1.0136907759020577,1.0147427780320044,1.0220045418430574
PHL,94T98,1.018011511306112,1.0131350396060983,1.0220045418430574
POL,01T02,0.9298591715166749,1.0278645906305457,1.0241107099209295
POL,03,1.0015670515066912,1.0143843552118426,1.0241107099209295
POL,05T06,0.7835573707397224,1.014525599490267,1.0241107099209295
POL,07T08,0.9585343912493218,1.0250944252197467,1.0241107099209295
POL,10T12,1.0036290587020398,1.031935734157388,1.0241107099209295
POL,13T15,1.0206012583882473,1.015468844412771,1.0241107099209295
POL,16,1.0005511027314697,1.0273079883749467,1.0241107099209295
POL,17T18,1.007999442665731,1.0197165272778919,1.0241107099209295
POL,19,0.9666086111366741,1.0261054222595836,1.0241107099209295
POL,20,0.9256940222075792,1.0273896272010634,1.0241107099209295
POL,21,1.000224816232947,1.0082579619247936,1.0241107099209295
POL,22,1.0185356719635361,1.023412445559071,1.0241107099209295
POL,23,0.9478182663099429,1.029853073738587,1.0241107099209295
POL,24,0.9581324591470616,1.040740353642574,1.0241107099209295
POL,25,1.0151576971401746,1.0228477491798547,1.0241107099209295
POL,26,1.0151561783445742,1.0176415164054973,1.0241107099209295
POL,27,1.0165810081064892,1.0218023262582543,1.0241107099209295
POL,28,1.0119731913521328,1.019998907794926,1.0241107099209295
POL,29T30,1.016962197502188,1.01829798682273,1.0241107099209295
POL,31T33,1.025606406666215,1.0164834360918416,1.0241107099209295
POL,35,0.8304164929794404,1.0263654492019203,1.0241107099209295
POL,36T39,1.0040881858526591,1.017370877763636,1.0241107099209295
POL,41T43,1.0095906702281967,1.0171800424565405,1.0241107099209295
POL,45T47,1.0092190016731892,1.0095438365281817,1.0241107099209295
POL,49,0.9812634412889578,1.014884112887177,1.0241107099209295
POL,50,1.0333922872429555,1.0133560904034244,1.0241107099209295
POL,51,1.0308013895846853,1.014355067693045,1.0241107099209295
POL,52,1.003223015660606,1.0148156359397487,1.0241107099209295
POL,53,1.014755049105502,1.011533174027665,1.0241107099209295
POL,55T56,1.0173611765366795,1.0164228437961496,1.0241107099209295
POL,58T60,1.0206466469890199,1.0088878924247378,1.0241107099209295
POL,61,1.0176386728402498,1.0092663982092163,1.0241107099209295
POL,62T63,1.018280197336808,1.0055977666377482,1.0241107099209295
POL,64T66,1.0127846562251375,1.0065916605846648,1.0241107099209295
POL,68,1.014312683036821,1.029680141679202,1.0241107099209295
POL,69T75,1.0138899641708314,1.0070523109989258,1.0241107099209295
POL,77T82,1.0082279854185872,1.011735773025505,1.0241107099209295
POL,84,1.0220310409459685,1.0060385974497612,1.0241107099209295
POL,85,1.0225133136172477,1.007699704267773,1.0241107099209295
POL,86T88,1.0224640949758106,1.010600531601954,1.0241107099209295
POL,90T93,1.0201060475916048,1.0155822473262612,1.0241107099209295
POL,94T98,1.0179962392261477,1.0099066792344382,1.0241107099209295
PRT,01T02,1.0114273967548169,1.0241983545381723,1.0217640321544315
PRT,03,0.9957269397355637,1.0166560779952514,1.0217640321544315
PRT,05T06,0.5874241469956621,1.0261786793410355,1.0217640321544315
PRT,07T08,0.9880572032910395,1.0227233396375768,1.0217640321544315
PRT,10T12,1.0106413470103188,1.0318403671732423,1.0217640321544315
PRT,13T15,1.0124410063988574,1.017314952010801,1.0217640321544315
PRT,16,1.0021943917249496,1.0282572649892638,1.0217640321544315
PRT,17T18,0.989781255696648,1.027042812671115,1.0217640321544315
PRT,19,0.9824621149920245,1.0346492067380053,1.0217640321544315
PRT,20,0.9841482589423702,1.029196948370625,1.0217640321544315
PRT,21,1.00622195090022,1.0188668323557657,1.0217640321544315
PRT,22,1.0175786581693012,1.0246206884119915,1.0217640321544315
PRT,23,0.9462723849531084,1.0280059523252332,1.0217640321544315
PRT,24,1.0687728093869469,1.0310945869572377,1.0217640321544315
PRT,25,1.01334598013368,1.0232438640941393,1.0217640321544315
PRT,26,1.0131342422879728,1.0183277850703922,1.0217640321544315
PRT,27,1.0122463763773686,1.0241902696892915,1.0217640321544315
PRT,28,1.0088398571395116,1.0228118272095472,1.0217640321544315
PRT,29T30,1.0153338859977157,1.0200855920919292,1.0217640321544315
PRT,31T33,1.0170080252097666,1.0192362364365735,1.0217640321544315
PRT,35,0.9485309224395506,1.0487431263233058,1.0217640321544315
PRT,36T39,1.0240701151725307,1.0198180761416955,1.0217640321544315
PRT,41T43,1.0172921716119756,1.0232230417057324,1.0217640321544315
PRT,45T47,1.009382124043436,1.0150985814689835,1.0217640321544315
PRT,49,0.9795186578464465,1.0187824324329804,1.0217640321544315
PRT,50,0.9229932965398873,1.0196168204592417,1.0217640321544315
PRT,51,0.9855525040452361,1.0193341761201753,1.0217640321544315
PRT,52,1.0051928994345656,1.0146284965408352,1.0217640321544315
PRT,53,1.0136086157166546,1.0134145974854842,1.0217640321544315
PRT,55T56,1.0145226970054135,1.0187647995740252,1.0217640321544315
PRT,58T60,1.0099611108090605,1.0148833317942711,1.0217640321544315
PRT,61,1.0142635122232637,1.0142499748488416,1.0217640321544315
PRT,62T63,1.010840578818873,1.01289231999666,1.0217640321544315
PRT,64T66,1.0139486971663456,1.011974939756439,1.0217640321544315
PRT,68,1.0202297344731694,1.0117886023678158,1.0217640321544315
PRT,69T75,1.0093042700646673,1.0136716002784043,1.0217640321544315
PRT,77T82,1.008813744109205,1.0136165203897203,1.0217640321544315
PRT,84,1.0195801785931544,1.0140707307872376,1.0217640321544315
PRT,85,1.0208194296089113,1.0121985760928294,1.0217640321544315
PRT,86T88,1.0204291087947612,1.0154852678409159,1.0217640321544315
PRT,90T93,1.017182550254042,1.015484409199845,1.0217640321544315
PRT,94T98,1.0195759838219025,1.014713800616272,1.0217640321544315
ROU,01T02,0.9702620656012002,1.0239628471507727,1.0212862615030824
ROU,03,1.02090710534104,1.0186100356973287,1.0212862615030824
ROU,05T06,0.895480112172662,1.0185741631463097,1.0212862615030824
ROU,07T08,0.933246273704514,1.0192865537144828,1.0212862615030824
ROU,10T12,1.0193411586317536,1.0264219457610244,1.0212862615030824
ROU,13T15,1.0224498491514378,1.0149753262175307,1.0212862615030824
ROU,16,1.0053368362058974,1.0261629089309634,1.0212862615030824
ROU,17T18,1.0097427566975705,1.0190079000594707,1.0212862615030824
ROU,19,0.9881285682916732,1.0287467848306682,1.0212862615030824
ROU,20,0.7955680396448425,1.0302925978947093,1.0212862615030824
ROU,21,0.9448836325162056,1.017436014103391,1.0212862615030824
ROU,22,1.0156746984731755,1.0239988191295157,1.0212862615030824
ROU,23,0.8980699519049352,1.0241837960915527,1.0212862615030824
ROU,24,0.9557830079863858,1.0287991331035065,1.0212862615030824
ROU,25,1.0001065728758898,1.0224622226767976,1.0212862615030824
ROU,26,1.0146306033611763,1.017903934021175,1.0212862615030824
ROU,27,1.0177285751887977,1.020171079679574,1.0212862615030824
ROU,28,1.0082601405187797,1.0229486867087552,1.0212862615030824
ROU,29T30,1.0115517954339945,1.0202491615887117,1.0212862615030824
ROU,31T33,1.0256372319778355,1.0171319998499837,1.0212862615030824
ROU,35,0.9393438221285678,1.0305523069187077,1.0212862615030824
ROU,36T39,1.016370884179471,1.0174595704227043,1.0212862615030824
ROU,41T43,1.0165634949863394,1.0263898466369992,1.0212862615030824
ROU,45T47,1.0070023822645366,1.0137569599713216,1.0212862615030824
ROU,49,1.0077890126297422,1.015486914965984,1.0212862615030824
ROU,50,1.0462366659613065,1.0137869993410213,1.0212862615030824
ROU,51,1.013394126760777,1.0168082087930492,1.0212862615030824
ROU,52,1.007039487719214,1.0136443107661848,1.0212862615030824
ROU,53,1.011040628214782,1.0134995946327334,1.0212862615030824
ROU,55T56,1.015924038162521,1.0141887575052397,1.0212862615030824
ROU,58T60,1.0161175853012128,1.0112648589587936,1.0212862615030824
ROU,61,1.0132717075087474,1.014165032370304,1.0212862615030824
ROU,62T63,1.0086184518380326,1.0100781569161903,1.0212862615030824
ROU,64T66,1.007884964834369,1.008948212745182,1.0212862615030824
ROU,68,1.0179775054023996,1.0081210538221395,1.0212862615030824
ROU,69T75,1.0077596031217804,1.0126178758414162,1.0212862615030824
ROU,77T82,1.0090838440632763,1.0125502742005181,1.0212862615030824
ROU,84,1.0196058380429636,1.0076605843866424,1.0212862615030824
ROU,85,1.018052406886673,1.0081360766041083,1.0212862615030824
ROU,86T88,1.0195644761226925,1.010786446455098,1.0212862615030824
ROU,90T93,1.018909585159391,1.0122419661944582,1.0212862615030824
ROU,94T98,1.0167938973113952,1.0122787401192774,1.0212862615030824
ROW,01T02,0.9804303875577794,0.9967358487570717,0.995228707028767
ROW,03,1.0015255490358024,0.996952533961556,0.995228707028767
ROW,05T06,0.9370871898420569,0.9961156044041469,0.995228707028767
ROW,07T08,1.0260664476044044,0.9966592351576878,0.995228707028767
ROW,10T12,1.026939641139155,0.9982467444072265,0.995228707028767
ROW,13T15,1.0386786954913654,0.999673076481741,0.995228707028767
ROW,16,1.0401531078399362,0.9984558764044134,0.995228707028767
ROW,17T18,1.0258968633738803,0.9997239045425486,0.995228707028767
ROW,19,1.0220888284650007,0.9966408441757346,0.995228707028767
ROW,20,1.0050519474327597,1.0001722203850376,0.995228707028767
ROW,21,1.0209647484632065,0.9994359186383812,0.995228707028767
ROW,22,0.9941121754109289,1.0021437303673468,0.995228707028767
ROW,23,1.0028585907913041,0.9984209977255607,0.995228707028767
ROW,24,1.1236840014272407,1.001871430542681,0.995228707028767
ROW,25,1.0449646825210233,1.002453337858758,0.995228707028767
ROW,26,1.013658760738675,1.0019727489261976,0.995228707028767
ROW,27,1.030357042682756,1.0034302993192148,0.995228707028767
ROW,28,1.0232185486043388,1.0027424398965914,0.995228707028767
ROW,29T30,1.0269685711817522,1.0023781188699281,0.995228707028767
ROW,31T33,0.9718661448518149,1.0005971069533572,0.995228707028767
ROW,35,0.9983803830834632,0.9967258917851699,0.995228707028767
ROW,36T39,1.0048375673549148,0.9973834995742703,0.995228707028767
ROW,41T43,0.9957618004919744,0.9996795347385546,0.995228707028767
ROW,45T47,1.0066062298883973,0.9967361517950654,0.995228707028767
ROW,49,1.0037571283525522,0.9977659130904579,0.995228707028767
ROW,50,1.0304441235627588,0.9997216754694707,0.995228707028767
ROW,51,0.9735771063294955,0.9991120888999312,0.995228707028767
ROW,52,1.0136357280184163,0.9977853683048672,0.995228707028767
ROW,53,1.0076223981902612,0.9970311762876652,0.995228707028767
ROW,55T56,1.0128009923923529,0.9976324344226821,0.995228707028767
ROW,58T60,1.0144695821434024,0.997712238363728,0.995228707028767
ROW,61,1.000477670378046,0.9970717952564934,0.995228707028767
ROW,62T63,1.0098143940037319,0.9969505608025164,0.995228707028767
ROW,64T66,1.008079485853865,0.9964490824282879,0.995228707028767
ROW,68,0.9988308983560545,0.995893507144541,0.995228707028767
ROW,69T75,1.0122297683663344,0.9967858028001504,0.995228707028767
ROW,77T82,1.0085441158583635,0.9970181326310887,0.995228707028767
ROW,84,0.9956991633420312,0.9968863359560991,0.995228707028767
ROW,85,0.996277278681008,0.9964607091763888,0.995228707028767
ROW,86T88,0.9961354817197963,0.9973573126949332,0.995228707028767
ROW,90T93,1.00390035406488,0.9972480891358053,0.995228707028767
ROW,94T98,0.9976300751763938,0.9974228417817964,0.995228707028767
RUS,01T02,0.9399553182212023,0.9949510383026121,0.9923499723965871
RUS,03,0.9869103801718045,0.9825439669481764,0.9923499723965871
RUS,05T06,0.9077628720234446,0.9770516321277195,0.9923499723965871
RUS,07T08,0.9277882582542001,0.986922358500479,0.9923499723965871
RUS,10T12,0.993816000002983,1.0105909281093728,0.9923499723965871
RUS,13T15,1.065200148900375,0.9909225664374535,0.9923499723965871
RUS,16,0.9253819981050786,1.0113832821495403,0.9923499723965871
RUS,17T18,0.99478631468485,1.0044121798695191,0.9923499723965871
RUS,19,0.9511106564671954,0.9945323693742445,0.9923499723965871
RUS,20,0.8195845231062702,1.0160652792165858,0.9923499723965871
RUS,21,1.0002106892283127,0.9892483741846909,0.9923499723965871
RUS,22,0.9577459303602037,1.0255200086599914,0.9923499723965871
RUS,23,0.8546459575557442,1.0300089710671259,0.9923499723965871
RUS,24,0.7930041854108476,1.028506561979549,0.9923499723965871
RUS,25,0.9712892349673959,1.0225815702146976,0.9923499723965871
RUS,26,1.0101561692073182,0.992075118539581,0.9923499723965871
RUS,27,0.979838498971843,1.0208697662444233,0.9923499723965871
RUS,28,0.9810512106271516,1.0145166679731508,0.9923499723965871
RUS,29T30,1.001862690293503,1.0036141770456757,0.9923499723965871
RUS,31T33,0.9848274960011255,1.0001412021331209,0.9923499723965871
RUS,35,0.7480132896330669,1.0554338995290655,0.9923499723965871
RUS,36T39,0.9209036072888512,1.0206458066319406,0.9923499723965871
RUS,41T43,0.9799113311716825,1.0003896048215781,0.9923499723965871
RUS,45T47,0.9906713948503916,0.9783037348459241,0.9923499723965871
RUS,49,0.9199179039173179,0.9885790452778028,0.9923499723965871
RUS,50,0.8433642606532302,0.984903892308182,0.9923499723965871
RUS,51,0.9619411388558786,0.9934651565994953,0.9923499723965871
RUS,52,0.963946471414805,0.9894907554277543,0.9923499723965871
RUS,53,1.000233152518027,0.9803946007737057,0.9923499723965871
RUS,55T56,1.0171285445267642,0.9862149725281114,0.9923499723965871
RUS,58T60,1.0550679617153012,0.9768560286345258,0.9923499723965871
RUS,61,1.0008483196504723,0.9774247383060403,0.9923499723965871
RUS,62T63,1.037047018259134,0.9702620303316541,0.9923499723965871
RUS,64T66,0.9863131678893027,0.965241907743331,0.9923499723965871
RUS,68,0.9876901218895713,0.9755612958064672,0.9923499723965871
RUS,69T75,1.0011204915744478,0.9749045197944425,0.9923499723965871
RUS,77T82,0.9664958115129304,0.9721304050245674,0.9923499723965871
RUS,84,0.9905785054224453,0.976279671478031,0.9923499723965871
RUS,85,0.9927164312805983,0.9724142451681823,0.9923499723965871
RUS,86T88,0.9917621768827498,0.9788608311160125,0.9923499723965871
RUS,90T93,0.9972450890043526,0.9781358419369268,0.9923499723965871
RUS,94T98,0.9963852086730799,0.9698972930538373,0.9923499723965871
SAU,01T02,1.040118915754793,0.9911327358457146,0.9946651032089567
SAU,03,0.9929413472172018,0.9979342951436216,0.9946651032089567
SAU,05T06,0.9634820568093767,0.9727862247511505,0.9946651032089567
SAU,07T08,0.9928390730354876,0.9771884404126757,0.9946651032089567
SAU,10T12,1.0126667439279562,0.9964044255504175,0.9946651032089567
SAU,13T15,1.0121251905034718,1.001697724013254,0.9946651032089567
SAU,16,0.8945691805081365,1.006525549852866,0.9946651032089567
SAU,17T18,0.9844867170111192,1.0085408833166418,0.9946651032089567
SAU,19,0.9704113267267706,0.992064683856503,0.9946651032089567
SAU,20,0.8998328530017039,0.9942786942494122,0.9946651032089567
SAU,21,0.9680421392328808,1.001494421934159,0.9946651032089567
SAU,22,0.5326475362691842,1.0159238956739733,0.9946651032089567
SAU,23,0.8961198251244044,1.0056274430817091,0.9946651032089567
SAU,24,1.1059412755989548,1.0022887583685078,0.9946651032089567
SAU,25,1.0073308611334526,1.0018822849758746,0.9946651032089567
SAU,26,1.0000025513413153,1.003366607450633,0.9946651032089567
SAU,27,1.000882258935388,1.009426360351078,0.9946651032089567
SAU,28,0.9918735355639263,1.0051676235277207,0.9946651032089567
SAU,29T30,1.0393961973633608,1.0014234035900778,0.9946651032089567
SAU,31T33,0.6115853758371664,1.0070769788194984,0.9946651032089567
SAU,35,0.7166163543238794,0.9948143596139901,0.9946651032089567
SAU,36T39,0.9782002195539669,0.994285537811169,0.9946651032089567
SAU,41T43,0.9784419390373917,1.0072320476605794,0.9946651032089567
SAU,45T47,0.9836262173989326,0.9940251785508473,0.9946651032089567
SAU,49,0.8615253166127669,0.994090087607131,0.9946651032089567
SAU,50,0.8907677194634812,0.9990299109695657,0.9946651032089567
SAU,51,0.9721192214628298,1.0025822067144337,0.9946651032089567
SAU,52,0.9807078865147981,1.0013198742828018,0.9946651032089567
SAU,53,0.9496559257141315,1.0090814018887342,0.9946651032089567
SAU,55T56,1.0049745476813954,0.999201209492356,0.9946651032089567
SAU,58T60,1.035900952042147,0.9942961544327449,0.9946651032089567
SAU,61,0.9800912001675025,0.9951811316149239,0.9946651032089567
SAU,62T63,0.9988257563223915,0.9946145810598734,0.9946651032089567
SAU,64T66,1.0088899999265557,0.9778460561980092,0.9946651032089567
SAU,68,0.9944448940438008,0.9768853374600804,0.9946651032089567
SAU,69T75,0.9745949848186316,1.0126658306023453,0.9946651032089567
SAU,77T82,0.9727218304637958,1.0182927670067756,0.9946651032089567
SAU,84,0.9913133899365546,0.9772192638479039,0.9946651032089567
SAU,85,0.9940047262611679,0.9784602281635059,0.9946651032089567
SAU,86T88,0.9876926975799667,0.9928551587821626,0.9946651032089567
SAU,90T93,0.9996041891202695,0.9831155585247744,0.9946651032089567
SAU,94T98,0.9894858286225259,0.9797207168988663,0.9946651032089567
SGP,01T02,0.8915830456073703,1.0115906440394524,1.0236909784081165
SGP,03,0.9817006212098233,1.0125588843734217,1.0236909784081165
SGP,05T06,0.9017289945478422,1.0047784930826502,1.0236909784081165
SGP,07T08,0.999251025478802,1.0116851311641264,1.0236909784081165
SGP,10T12,0.979346796710542,1.0506049327636147,1.0236909784081165
SGP,13T15,0.9536999374997671,1.0335830284592231,1.0236909784081165
SGP,16,0.970456453349728,1.0421673573593555,1.0236909784081165
SGP,17T18,1.004277344927816,1.0261039453975507,1.0236909784081165
SGP,19,0.9876054375457419,1.0289066422979003,1.0236909784081165
SGP,20,0.974467264408964,1.0247205733561011,1.0236909784081165
SGP,21,1.0416361064941564,1.003901340017907,1.0236909784081165
SGP,22,0.8490424262881053,1.0453122895308333,1.0236909784081165
SGP,23,0.9981082637794789,1.0409776663876071,1.0236909784081165
SGP,24,1.1012736675261536,1.0402804421284906,1.0236909784081165
SGP,25,1.007324709570692,1.0312801276734445,1.0236909784081165
SGP,26,1.0127652211587892,1.0182298219390973,1.0236909784081165
SGP,27,1.015141210199076,1.0256728279687979,1.0236909784081165
SGP,28,1.022386262960001,1.0161453678050718,1.0236909784081165
SGP,29T30,1.009768278785481,1.018281445287925,1.0236909784081165
SGP,31T33,0.9489778158888019,1.0178580226326277,1.0236909784081165
SGP,35,0.7960420043300137,1.045959562258615,1.0236909784081165
SGP,36T39,1.001459002804633,1.0163486422209749,1.0236909784081165
SGP,41T43,1.0143519379254986,1.0215954229555395,1.0236909784081165
SGP,45T47,0.9901754016547378,1.0113001861726867,1.0236909784081165
SGP,49,0.9796173469714977,1.0119096652021777,1.0236909784081165
SGP,50,0.8991635991313617,1.0352160027708424,1.0236909784081165
SGP,51,0.9357468455122203,1.0162071024517854,1.0236909784081165
SGP,52,0.9877729921013739,1.0106546655973152,1.0236909784081165
SGP,53,0.999668992558181,1.0101746717937925,1.0236909784081165
SGP,55T56,1.0095810781673837,1.019076519085098,1.0236909784081165
SGP,58T60,1.0141649765632497,1.0082833241512015,1.0236909784081165
SGP,61,1.01974606631434,1.005260592828331,1.0236909784081165
SGP,62T63,1.0111732533988467,1.0052058025838666,1.0236909784081165
SGP,64T66,1.0180694737278206,0.9988977439875623,1.0236909784081165
SGP,68,1.0153826991335875,1.0004135361589173,1.0236909784081165
SGP,69T75,1.0197735251417432,1.00339247931427,1.0236909784081165
SGP,77T82,1.0112222239789852,1.00123441497508,1.0236909784081165
SGP,84,1.0218973362831387,1.0084857676537997,1.0236909784081165
SGP,85,1.0232112394390456,1.0026331326230056,1.0236909784081165
SGP,86T88,1.0227396954419745,1.0056895592189743,1.0236909784081165
SGP,90T93,1.01784235855987,1.0082380871890768,1.0236909784081165
SGP,94T98,1.0235457530108598,0.9944665893116165,1.0236909784081165
SVK,01T02,1.041348435069419,1.022327997231447,1.022546094439675
SVK,03,1.0004034647550086,1.0205371219645196,1.022546094439675
SVK,05T06,0.7010294678759424,1.0164327419338735,1.022546094439675
SVK,07T08,0.9122441577809461,1.0226117858384822,1.022546094439675
SVK,10T12,1.0219454884474686,1.0248796323572198,1.022546094439675
SVK,13T15,1.017425004367774,1.017189831127366,1.022546094439675
SVK,16,1.0307479737330592,1.0178718224716148,1.022546094439675
SVK,17T18,1.0097157723365482,1.0218591521142715,1.022546094439675
SVK,19,0.9741584180659372,1.02579201363974,1.022546094439675
SVK,20,0.8225210611171856,1.0262983064898,1.022546094439675
SVK,21,0.9273872721362467,1.0192713021790853,1.022546094439675
SVK,22,1.0172959325827873,1.0248711389628458,1.022546094439675
SVK,23,0.8735774504832287,1.030983829711892,1.022546094439675
SVK,24,0.7670772652663629,1.0364887677235315,1.022546094439675
SVK,25,1.0139966509970988,1.0231829969797173,1.022546094439675
SVK,26,1.01649796996177,1.0177074258227237,1.022546094439675
SVK,27,1.0197068448050126,1.0207347629535957,1.022546094439675
SVK,28,1.0071361884093835,1.0245054620819356,1.022546094439675
SVK,29T30,1.0165521100816612,1.0184496349103747,1.022546094439675
SVK,31T33,1.0395291216823985,1.0175750574179128,1.022546094439675
SVK,35,1.007970812530746,1.033437775009301,1.022546094439675
SVK,36T39,1.011028735345227,1.0146478799075636,1.022546094439675
SVK,41T43,1.017028803567864,1.016879090527218,1.022546094439675
SVK,45T47,1.0064175388172023,1.0141711111798462,1.022546094439675
SVK,49,0.9954049965845546,1.0142530072304832,1.022546094439675
SVK,50,1.0537803677277706,1.022102692380405,1.022546094439675
SVK,51,1.063137801926738,1.0257808313621306,1.022546094439675
SVK,52,1.0009677515272186,1.017029855550472,1.022546094439675
SVK,53,1.0151439426365478,1.0120223710866108,1.022546094439675
SVK,55T56,1.0193058324989073,1.0154442580613445,1.022546094439675
SVK,58T60,1.0165474350512578,1.0122666721648224,1.022546094439675
SVK,61,1.0183609803743876,1.0106006335633633,1.022546094439675
SVK,62T63,1.0105151537948638,1.0103701339595694,1.022546094439675
SVK,64T66,1.015235277545631,1.0096344571959848,1.022546094439675
SVK,68,1.0185988116288736,1.0100134413489619,1.022546094439675
SVK,69T75,1.0068016463323755,1.0148594483953695,1.022546094439675
SVK,77T82,1.0114744736957173,1.0130253985461044,1.022546094439675
SVK,84,1.0205107945871204,1.010308660421905,1.022546094439675
SVK,85,1.0211134371418416,1.0109197788055966,1.022546094439675
SVK,86T88,1.0213298264041466,1.0124543758925113,1.022546094439675
SVK,90T93,1.019630776928295,1.013617856255497,1.022546094439675
SVK,94T98,1.0185652433465298,1.01312632638858,1.022546094439675
SVN,01T02,0.9392517608899155,1.023623527925316,1.0222809008669738
SVN,03,1.0280353265523783,1.0171099319269516,1.0222809008669738
SVN,05T06,0.7598435474672524,1.016962931435709,1.0222809008669738
SVN,07T08,0.9530112238712052,1.0236650704769104,1.0222809008669738
SVN,10T12,1.0172305438983538,1.0258423537504326,1.0222809008669738
SVN,13T15,1.0183367889670225,1.0155716189710187,1.0222809008669738
SVN,16,0.9684697645023411,1.0267287532227696,1.0222809008669738
SVN,17T18,0.9860440346344895,1.0219987710470901,1.0222809008669738
SVN,19,0.014947144926037097,1.021625884069325,1.0222809008669738
SVN,20,1.0363495742778521,1.0244005479472629,1.0222809008669738
SVN,21,1.019389523470354,1.0137200761032321,1.0222809008669738
SVN,22,1.0302768935283577,1.0205766576505393,1.0222809008669738
SVN,23,0.8770980486771079,1.0251577085423014,1.0222809008669738
SVN,24,1.0825368555512618,1.0308354256464,1.0222809008669738
SVN,25,1.0270323046985241,1.0204211431556722,1.0222809008669738
SVN,26,1.0172361324937658,1.0152897172082418,1.0222809008669738
SVN,27,1.0158384148670623,1.0216290090783617,1.0222809008669738
SVN,28,1.0118874310774957,1.021196770987867,1.0222809008669738
SVN,29T30,1.0166853075992914,1.0203655030972485,1.0222809008669738
SVN,31T33,1.0268673083669826,1.0178653884878945,1.0222809008669738
SVN,35,0.8732353329260937,1.025477055152278,1.0222809008669738
SVN,36T39,1.021112730648754,1.0197533383849007,1.0222809008669738
SVN,41T43,1.0153008980404254,1.0207618315673515,1.0222809008669738
SVN,45T47,1.01087362419495,1.0141757935991176,1.0222809008669738
SVN,49,0.9885234497725719,1.0167932614997184,1.0222809008669738
SVN,50,0.8265442059198256,1.034939949707689,1.0222809008669738
SVN,51,1.0514960283964596,1.0171935070847515,1.0222809008669738
SVN,52,1.0074202513962902,1.016789881302138,1.0222809008669738
SVN,53,1.0104548825664748,1.0129382419374482,1.0222809008669738
SVN,55T56,1.016853436631296,1.017063796230353,1.0222809008669738
SVN,58T60,1.009845109439097,1.0123396365277442,1.0222809008669738
SVN,61,1.0152419824653025,1.0112567807069819,1.0222809008669738
SVN,62T63,1.009315157753229,1.0109900529217097,1.0222809008669738
SVN,64T66,1.0126649854308947,1.010669336531785,1.0222809008669738
SVN,68,1.02130380596411,1.0105410166625406,1.0222809008669738
SVN,69T75,1.0098048390842786,1.0134484325828037,1.0222809008669738
SVN,77T82,1.0104759206751044,1.0136194811164594,1.0222809008669738
SVN,84,1.0204148658971606,1.0119804946105715,1.0222809008669738
SVN,85,1.0202236920265337,1.0118549497860048,1.0222809008669738
SVN,86T88,1.0211752182745688,1.012547934768481,1.0222809008669738
SVN,90T93,1.0199265762027545,1.013936027241885,1.0222809008669738
SVN,94T98,1.0164449454955273,1.013294570342223,1.0222809008669738
SWE,01T02,0.8754781521651657,1.0421462545236693,1.0198124069227403
SWE,03,0.9889557908184109,1.0164282334783044,1.0198124069227403
SWE,05T06,0.9382515001950165,1.0208766897698311,1.0198124069227403
SWE,07T08,1.037009705434827,1.0164310461890897,1.0198124069227403
SWE,10T12,1.0108362775821542,1.0301135962782912,1.0198124069227403
SWE,13T15,1.0120264828874395,1.0182391619934315,1.0198124069227403
SWE,16,0.9752716124880365,1.045746492010375,1.0198124069227403
SWE,17T18,0.9841734711405199,1.0308005395507236,1.0198124069227403
SWE,19,1.0084751240057344,1.0269033112408232,1.0198124069227403
SWE,20,0.9713401743713567,1.020889385392252,1.0198124069227403
SWE,21,1.023202607501829,1.016257179243695,1.0198124069227403
SWE,22,1.0339407996531986,1.0211130600926528,1.0198124069227403
SWE,23,1.0095938248557845,1.0233349182542075,1.0198124069227403
SWE,24,1.096084985259837,1.0240953923059661,1.0198124069227403
SWE,25,1.0248417837327728,1.0220972201590142,1.0198124069227403
SWE,26,1.0170549662608799,1.0156846318078268,1.0198124069227403
SWE,27,1.022913261106787,1.0194148068149134,1.0198124069227403
SWE,28,1.0180302286982645,1.0170458214090459,1.0198124069227403
SWE,29T30,1.0190415794749947,1.0174560668425536,1.0198124069227403
SWE,31T33,1.0189306198334043,1.0184083915345823,1.0198124069227403
SWE,35,1.0191854886419032,1.0178040336048666,1.0198124069227403
SWE,36T39,1.0249954526417557,1.0163731350441148,1.0198124069227403
SWE,41T43,1.0168914712510948,1.0186286489994631,1.0198124069227403
SWE,45T47,1.0103366981279842,1.0141689268969964,1.0198124069227403
SWE,49,1.0079788887387766,1.0162250695004964,1.0198124069227403
SWE,50,0.8909008582051023,1.021032946037155,1.0198124069227403
SWE,51,0.9899985363350808,1.0182746105533511,1.0198124069227403
SWE,52,1.005476924048572,1.018481847551038,1.0198124069227403
SWE,53,1.0109929942494649,1.0141482457202529,1.0198124069227403
SWE,55T56,1.0150144664495513,1.017907938966058,1.0198124069227403
SWE,58T60,1.0096236109775676,1.01365254470698,1.0198124069227403
SWE,61,1.0117300317148172,1.013423114995037,1.0198124069227403
SWE,62T63,1.0055484308565947,1.012925107566922,1.0198124069227403
SWE,64T66,1.010694563050989,1.0127880927706798,1.0198124069227403
SWE,68,1.0173517661304892,1.014624460359122,1.0198124069227403
SWE,69T75,1.0128224599491196,1.0136411308965463,1.0198124069227403
SWE,77T82,1.0106678303551906,1.0155753252910595,1.0198124069227403
SWE,84,1.0184021990022365,1.0139571423644143,1.0198124069227403
SWE,85,1.0190398278415553,1.0136114847891124,1.0198124069227403
SWE,86T88,1.0193663761209593,1.0136251940748,1.0198124069227403
SWE,90T93,1.0165134505319868,1.0159509200786936,1.0198124069227403
SWE,94T98,1.0172235098672169,1.014244773677581,1.0198124069227403
THA,01T02,0.9544165644362468,1.0109230311131174,1.0286182545323854
THA,03,1.0025763591042294,1.009977933128404,1.0286182545323854
THA,05T06,0.849504909662836,1.008566369705399,1.0286182545323854
THA,07T08,0.9483581874089259,1.0122708104042253,1.0286182545323854
THA,10T12,1.00446794149598,1.036433523635812,1.0286182545323854
THA,13T15,1.023039533150672,1.014887168057354,1.0286182545323854
THA,16,0.9939508334609315,1.024028093741226,1.0286182545323854
THA,17T18,0.999901509485803,1.016941849699553,1.0286182545323854
THA,19,0.9683661125627282,1.0400558289407063,1.0286182545323854
THA,20,0.9480446381835754,1.0256689265440653,1.0286182545323854
THA,21,1.007322269757795,1.0210394765865902,1.0286182545323854
THA,22,1.0003805685744023,1.0334453866156867,1.0286182545323854
THA,23,0.8650378833884923,1.0391682259842212,1.0286182545323854
THA,24,0.9494582549081543,1.0341419736127468,1.0286182545323854
THA,25,0.9962158256612348,1.033380052948722,1.0286182545323854
THA,26,1.018071993262321,1.0155090201211032,1.0286182545323854
THA,27,1.006857296810614,1.0282808269638972,1.0286182545323854
THA,28,1.0003022609373144,1.024618178403112,1.0286182545323854
THA,29T30,0.9997578478463036,1.023540066954196,1.0286182545323854
THA,31T33,1.013275933378971,1.022682973252008,1.0286182545323854
THA,35,0.9447502615853011,1.0300340673770843,1.0286182545323854
THA,36T39,1.0124323254392786,1.0098700975630772,1.0286182545323854
THA,41T43,1.02492178447681,1.0464978859858038,1.0286182545323854
THA,45T47,1.0112105101997375,1.0019810441138794,1.0286182545323854
THA,49,0.9409747012218845,1.0253814325026454,1.0286182545323854
THA,50,0.95197539941919,1.0174261533619697,1.0286182545323854
THA,51,0.925074905762165,1.0264625665515739,1.0286182545323854
THA,52,0.9894286036037901,1.0181807047735294,1.0286182545323854
THA,53,1.0113654455661052,1.0036806023882265,1.0286182545323854
THA,55T56,1.0105921359949444,1.0235457823081653,1.0286182545323854
THA,58T60,1.0058608136965463,1.010725610555489,1.0286182545323854
THA,61,1.022137312710312,1.0040284770314765,1.0286182545323854
THA,62T63,0.9881485471486167,1.0090451338492583,1.0286182545323854
THA,64T66,1.0053248480822128,1.000966877538515,1.0286182545323854
THA,68,1.0226993832311717,1.0006302637316884,1.0286182545323854
THA,69T75,1.0003907016541094,1.0072000085914732,1.0286182545323854
THA,77T82,0.9930649562434776,1.0088175636225545,1.0286182545323854
THA,84,1.026477868282871,1.0039957400093014,1.0286182545323854
THA,85,1.0271594182429347,1.00313280547685,1.0286182545323854
THA,86T88,1.0242286233385016,1.0112402580917201,1.0286182545323854
THA,90T93,1.0217327647871628,1.0063466504561804,1.0286182545323854
THA,94T98,1.0113316271049304,1.0135623646924876,1.0286182545323854
TUN,01T02,0.9856613412898193,1.0071416441154262,1.023456372802994
TUN,03,1.009617679115523,1.001125039668475,1.023456372802994
TUN,05T06,0.8434765754009569,1.038048720273575,1.023456372802994
TUN,07T08,0.9006851170529401,1.0422762885945527,1.023456372802994
TUN,10T12,1.001419538736225,1.0423460955757131,1.023456372802994
TUN,13T15,1.0014499601536446,1.0187694681156065,1.023456372802994
TUN,16,1.0088260756909473,1.0204820203280975,1.023456372802994
TUN,17T18,0.9798812456346256,1.0205671632036513,1.023456372802994
TUN,19,0.9091395279128124,1.0660223406224263,1.023456372802994
TUN,20,0.9622311931975095,1.0313786455141067,1.023456372802994
TUN,21,0.9968891133639572,1.0179108386540587,1.023456372802994
TUN,22,0.8189841686829311,1.02676890012984,1.023456372802994
TUN,23,0.7326536196242085,1.0680415117070836,1.023456372802994
TUN,24,1.0026689945841722,1.050795124900751,1.023456372802994
TUN,25,0.9925520414223528,1.0295549207478607,1.023456372802994
TUN,26,1.0090391372966807,1.0239378346597405,1.023456372802994
TUN,27,1.007652608594763,1.0272930526898332,1.023456372802994
TUN,28,1.0101343403457206,1.0233228942266435,1.023456372802994
TUN,29T30,1.0134576506464343,1.0211599417025132,1.023456372802994
TUN,31T33,0.9077226011827987,1.0188309887019333,1.023456372802994
TUN,35,0.73891330812755,1.05363390127636,1.023456372802994
TUN,36T39,1.0095253212881683,1.0428716955404653,1.023456372802994
TUN,41T43,1.014704681514063,1.054067835484741,1.023456372802994
TUN,45T47,1.0138922432411066,1.0044324337507247,1.023456372802994
TUN,49,0.9549610173841014,1.008208334607447,1.023456372802994
TUN,50,1.0400516876021828,1.0123826527871824,1.023456372802994
TUN,51,0.8775268287484013,1.0161659437054675,1.023456372802994
TUN,52,0.9734476366126584,1.0042690200700837,1.023456372802994
TUN,53,1.009834975013731,1.003971838449757,1.023456372802994
TUN,55T56,1.0176034661626852,1.0115676254808443,1.023456372802994
TUN,58T60,1.0127017568051673,1.011050622146524,1.023456372802994
TUN,61,1.0169009051708318,1.0022921395634508,1.023456372802994
TUN,62T63,1.0062288527165315,1.0057227021783954,1.023456372802994
TUN,64T66,1.0031448944701282,0.9993654787260458,1.023456372802994
TUN,68,1.0198790400752278,1.0029326867152868,1.023456372802994
TUN,69T75,1.0082173420195988,1.0076780862679044,1.023456372802994
TUN,77T82,1.0072192713904984,1.0074225830089065,1.023456372802994
TUN,84,1.0217652302413203,0.9988342631572564,1.023456372802994
TUN,85,1.022221625353536,1.0010402372239702,1.023456372802994
TUN,86T88,1.0186750064690562,1.0060515704356032,1.023456372802994
TUN,90T93,1.0078501324228533,1.0120622935246053,1.023456372802994
TUN,94T98,1.0225075371010253,1.001268661284325,1.023456372802994
TUR,01T02,1.0058683168383742,1.0226191807987943,1.0242708750718454
TUR,03,1.0051223366719515,1.0107384768595993,1.0242708750718454
TUR,05T06,0.8634864136532495,1.0184959559602076,1.0242708750718454
TUR,07T08,0.9576785753441148,1.0115812015409031,1.0242708750718454
TUR,10T12,1.0097626006817877,1.029387983622926,1.0242708750718454
TUR,13T15,1.0053326425413067,1.0151659679893639,1.0242708750718454
TUR,16,0.972413545775669,1.0284218865005086,1.0242708750718454
TUR,17T18,0.9974276382385449,1.0180380057875298,1.0242708750718454
TUR,19,0.9718488151210927,1.026330077999141,1.0242708750718454
TUR,20,0.9157654290903007,1.0223515659190643,1.0242708750718454
TUR,21,0.9936111744511085,1.0170797479474456,1.0242708750718454
TUR,22,1.0026489375355165,1.0268571460759257,1.0242708750718454
TUR,23,0.8555542840140955,1.0431248351601812,1.0242708750718454
TUR,24,0.9755110294279011,1.0324737219384121,1.0242708750718454
TUR,25,1.011988577840934,1.0243324814167685,1.0242708750718454
TUR,26,1.0238354282333237,1.009393440670243,1.0242708750718454
TUR,27,1.007001479019113,1.0266408716792812,1.0242708750718454
TUR,28,1.0120801215433683,1.0217744384579703,1.0242708750718454
TUR,29T30,1.018769561406818,1.0178795400978553,1.0242708750718454
TUR,31T33,1.0163466083887174,1.0188798082212032,1.0242708750718454
TUR,35,0.8265254701603996,1.135768068985365,1.0242708750718454
TUR,36T39,0.9930573937013765,1.0209923822849452,1.0242708750718454
TUR,41T43,1.0185079976375289,1.0286835809386112,1.0242708750718454
TUR,45T47,1.0037648312511722,1.0091478772552664,1.0242708750718454
TUR,49,0.9928934490581159,1.0138023904040536,1.0242708750718454
TUR,50,0.9883681804514175,1.01029190791674,1.0242708750718454
TUR,51,0.8943321616637006,1.0099277388836867,1.0242708750718454
TUR,52,0.9989003004008545,1.0061096714104063,1.0242708750718454
TUR,53,1.0024623775930617,1.0102548468679609,1.0242708750718454
TUR,55T56,1.0151873173059562,1.0142725178870726,1.0242708750718454
TUR,58T60,1.0100263217627974,1.009961165954042,1.0242708750718454
TUR,61,1.0162395460924634,1.0104976411722195,1.0242708750718454
TUR,62T63,1.0090609718769261,1.0017294168630053,1.0242708750718454
TUR,64T66,1.0014349894281072,1.0051869627499117,1.0242708750718454
TUR,68,1.015358983133182,1.01768147000807,1.0242708750718454
TUR,69T75,1.0052372081857295,1.0075081043202103,1.0242708750718454
TUR,77T82,1.0070484651442095,1.0061160975657748,1.0242708750718454
TUR,84,1.0181009707883315,1.0103939286132286,1.0242708750718454
TUR,85,1.0211476725376936,1.0047022376643002,1.0242708750718454
TUR,86T88,1.0220165163747397,1.0116636088899562,1.0242708750718454
TUR,90T93,1.0170654612991201,1.009297997408158,1.0242708750718454
TUR,94T98,1.0187363156981208,1.011894790733033,1.0242708750718454
TWN,01T02,1.0642977809673968,1.015866776265506,1.0278286068914888
TWN,03,0.9818751317737967,1.0220441287612512,1.0278286068914888
TWN,05T06,0.8612148935196086,1.0196269107602485,1.0278286068914888
TWN,07T08,0.8741332408758397,1.023052527534024,1.0278286068914888
TWN,10T12,1.0326996257025611,1.022895797790776,1.0278286068914888
TWN,13T15,0.963895719527273,1.0280983274273423,1.0278286068914888
TWN,16,1.0279932353543138,1.0272882050143006,1.0278286068914888
TWN,17T18,0.984441248147887,1.0285898630261336,1.0278286068914888
TWN,19,0.9444448703418845,1.0300156868159192,1.0278286068914888
TWN,20,0.9475347905465162,1.0442393732735318,1.0278286068914888
TWN,21,1.011495408295672,1.0185643830157187,1.0278286068914888
TWN,22,1.010060699347796,1.0327577095549088,1.0278286068914888
TWN,23,0.9798170620190121,1.0434425805795127,1.0278286068914888
TWN,24,0.8586482057202931,1.0550726638056291,1.0278286068914888
TWN,25,0.9747536544917207,1.0431665854698584,1.0278286068914888
TWN,26,1.0081474599764109,1.0220606691703678,1.0278286068914888
TWN,27,1.0104295902377394,1.0294955853989742,1.0278286068914888
TWN,28,0.9948135801625962,1.0340750662381017,1.0278286068914888
TWN,29T30,1.0073733608332092,1.0242912684212162,1.0278286068914888
TWN,31T33,1.0028781137986167,1.0241469045699878,1.0278286068914888
TWN,35,0.7954868363992234,1.0338046221276995,1.0278286068914888
TWN,36T39,0.9650714109344996,1.024407621675659,1.0278286068914888
TWN,41T43,1.021195803461584,1.035085193601765,1.0278286068914888
TWN,45T47,1.007003445442636,1.0101772258035957,1.0278286068914888
TWN,49,0.9722933999280192,1.018235345884775,1.0278286068914888
TWN,50,0.9333805967238081,1.0312537212296071,1.0278286068914888
TWN,51,0.9311781692497122,1.0239798128079478,1.0278286068914888
TWN,52,0.9834398650956849,1.012851006779394,1.0278286068914888
TWN,53,1.01071977170708,1.0171994703300007,1.0278286068914888
TWN,55T56,1.0219237849099385,1.0166689824973962,1.0278286068914888
TWN,58T60,1.0085833588179425,1.0140418138237404,1.0278286068914888
TWN,61,1.0184917847609134,1.01136197202287,1.0278286068914888
TWN,62T63,1.009340731036364,1.0088770552433797,1.0278286068914888
TWN,64T66,1.0169528777802241,1.0063471433320523,1.0278286068914888
TWN,68,1.0240931031541582,1.0073587317527934,1.0278286068914888
TWN,69T75,1.0077077232387637,1.0120983011415567,1.0278286068914888
TWN,77T82,1.0046451109909855,1.0096020926546945,1.0278286068914888
TWN,84,1.0256898645166574,1.0089152334865594,1.0278286068914888
TWN,85,1.0270378415012897,1.0093372979359192,1.0278286068914888
TWN,86T88,1.0248516122579985,1.0134602377150352,1.0278286068914888
TWN,90T93,1.0209123966587128,1.0123298390733944,1.0278286068914888
TWN,94T98,1.025483864020917,1.011215191732117,1.0278286068914888
USA,01T02,0.9679373632706189,1.0293636008567089,1.0172478046759292
USA,03,1.017680233717827,1.0105696778300872,1.0172478046759292
USA,05T06,0.9487008017230095,1.0172194681785334,1.0172478046759292
USA,07T08,1.0022531986280618,1.018660029754822,1.0172478046759292
USA,10T12,1.0097563981185593,1.0322874642825777,1.0172478046759292
USA,13T15,1.0040539693796564,1.018624654590959,1.0172478046759292
USA,16,1.0192229282340768,1.0242683745410963,1.0172478046759292
USA,17T18,1.0057246386083363,1.020182290208857,1.0172478046759292
USA,19,0.9941971912879238,1.0313492928293098,1.0172478046759292
USA,20,0.9956669626889862,1.0220947854270304,1.0172478046759292
USA,21,1.0060124739182128,1.0131511570976706,1.0172478046759292
USA,22,1.0207988354071231,1.0214479840161497,1.0172478046759292
USA,23,0.9993502961671726,1.0217397803217658,1.0172478046759292
USA,24,1.043665249269378,1.0266773702112428,1.0172478046759292
USA,25,1.0204418553271766,1.0199913702656547,1.0172478046759292
USA,26,1.0205522399349443,1.0105923990582035,1.0172478046759292
USA,27,1.0267181743134415,1.0169911750833618,1.0172478046759292
USA,28,1.0147628120503578,1.0166936159250621,1.0172478046759292
USA,29T30,1.0168853708959549,1.016492020379248,1.0172478046759292
USA,31T33,1.0356018642334783,1.014927195494943,1.0172478046759292
USA,35,0.868143988297929,1.0191515147663428,1.0172478046759292
USA,36T39,1.0074930728479095,1.012706221549653,1.0172478046759292
USA,41T43,1.0128265993521883,1.0163509131377277,1.0172478046759292
USA,45T47,1.0093136203431636,1.0131671868107366,1.0172478046759292
USA,49,0.9930590437394561,1.0140078893557736,1.0172478046759292
USA,50,0.9868620716691976,1.0149150629098338,1.0172478046759292
USA,51,0.9729210293270418,1.0131241390585741,1.0172478046759292
USA,52,0.9973534117242372,1.017804810862219,1.0172478046759292
USA,53,0.9938432147825361,1.0141955457039395,1.0172478046759292
USA,55T56,1.0136201477308469,1.0151770885759726,1.0172478046759292
USA,58T60,1.0137356862907412,1.010683469688278,1.0172478046759292
USA,61,1.0127439397884586,1.0115916381982784,1.0172478046759292
USA,62T63,1.0092568164030242,1.0104797759714998,1.0172478046759292
USA,64T66,1.010140633597643,1.0104441840428415,1.0172478046759292
USA,68,1.0142488518600086,1.0136530912925013,1.0172478046759292
USA,69T75,1.009756138156108,1.0111860935813368,1.0172478046759292
USA,77T82,1.007564301008104,1.0114170799812803,1.0172478046759292
USA,84,1.0126029329335355,1.0130767845617825,1.0172478046759292
USA,85,1.0136182964123344,1.0121706848655343,1.0172478046759292
USA,86T88,1.0166137986854065,1.0116085957053593,1.0172478046759292
USA,90T93,1.0146751458783299,1.0122137482853264,1.0172478046759292
USA,94T98,1.0155062030586333,1.0118020204510132,1.0172478046759292
VNM,01T02,0.9731126853808688,1.025720670330652,1.0320770968422293
VNM,03,1.002767808444415,1.0223879371320628,1.0320770968422293
VNM,05T06,0.9147511793705915,1.0130316827418109,1.0320770968422293
VNM,07T08,0.6730205684085764,1.040343045836334,1.0320770968422293
VNM,10T12,0.9971811126882159,1.043891255392428,1.0320770968422293
VNM,13T15,1.0103310845824789,1.016888247715884,1.0320770968422293
VNM,16,0.9394227436651787,1.0563965717340282,1.0320770968422293
VNM,17T18,0.9661681379589139,1.0297612445789392,1.0320770968422293
VNM,19,0.9138784717345831,1.0322934058757982,1.0320770968422293
VNM,20,0.9607407621783153,1.0371740202221542,1.0320770968422293
VNM,21,1.0160562149110723,1.0146583677606207,1.0320770968422293
VNM,22,0.9936465793374316,1.035497775609911,1.0320770968422293
VNM,23,0.8005329394554774,1.0649609333622183,1.0320770968422293
VNM,24,0.8932957819850792,1.0605494376655875,1.0320770968422293
VNM,25,0.9282053352606459,1.0513822444015521,1.0320770968422293
VNM,26,1.0124865318205722,1.0168810567258453,1.0320770968422293
VNM,27,0.993263642441362,1.033011900308325,1.0320770968422293
VNM,28,1.0102371897904916,1.02073282034532,1.0320770968422293
VNM,29T30,1.016573186310086,1.021715140181464,1.0320770968422293
VNM,31T33,0.9678214964991854,1.0329956909261166,1.0320770968422293
VNM,35,0.6655406447565371,1.024544273412301,1.0320770968422293
VNM,36T39,0.9984371984110934,1.0173683024997195,1.0320770968422293
VNM,41T43,1.0230427212398414,1.0530460923081528,1.0320770968422293
VNM,45T47,0.9946629524015252,1.0065306233919524,1.0320770968422293
VNM,49,0.9396744331522435,1.0185489055628052,1.0320770968422293
VNM,50,0.8268825199505218,1.0218741006839693,1.0320770968422293
VNM,51,0.9156887087367416,1.0218261528509205,1.0320770968422293
VNM,52,0.9810744948265935,1.0038352368520207,1.0320770968422293
VNM,53,0.9894548212636265,1.0097513532458975,1.0320770968422293
VNM,55T56,1.0107170057612418,1.0228087015981169,1.0320770968422293
VNM,58T60,1.0093409722756055,1.0110955131548502,1.0320770968422293
VNM,61,1.0181752599883656,1.0129064869407962,1.0320770968422293
VNM,62T63,1.0340617786571924,0.9939581043550763,1.0320770968422293
VNM,64T66,1.001469059835533,0.9945843170352515,1.0320770968422293
VNM,68,1.0222041204910048,1.0074304077831566,1.0320770968422293
VNM,69T75,1.000111677817599,1.0023754443222794,1.0320770968422293
VNM,77T82,1.0055891154241223,1.0027602262762962,1.0320770968422293
VNM,84,1.0268596692398018,1.0050536542482391,1.0320770968422293
VNM,85,1.0277784199044064,0.9975453282802447,1.0320770968422293
VNM,86T88,1.0299808918883218,1.0062791565241929,1.0320770968422293
VNM,90T93,1.0297484966995323,1.000545296016042,1.0320770968422293
VNM,94T98,1.0258768708034143,1.0122330311481333,1.0320770968422293
ZAF,01T02,0.9229463771511293,1.0039223019870231,0.986978830355347
ZAF,03,0.991971564199403,0.9731794317027641,0.986978830355347
ZAF,05T06,0.8692003171612785,0.9933017597339665,0.986978830355347
ZAF,07T08,0.842631884518014,1.0133551014448614,0.986978830355347
ZAF,10T12,1.0018409028269983,1.0075828284364288,0.986978830355347
ZAF,13T15,1.0478254466957568,0.995868922953906,0.986978830355347
ZAF,16,0.9970328615692775,1.0035197814650958,0.986978830355347
ZAF,17T18,1.008215034535933,0.9904697064033262,0.986978830355347
ZAF,19,0.8876055971716873,1.0083874017172623,0.986978830355347
ZAF,20,0.9340190260887224,1.0214041905549816,0.986978830355347
ZAF,21,0.9876889380601213,1.0022731638865534,0.986978830355347
ZAF,22,0.8952602634451018,1.0059684278483987,0.986978830355347
ZAF,23,0.856065485453736,1.0199279665245564,0.986978830355347
ZAF,24,0.4433051505681243,1.0766843344375507,0.986978830355347
ZAF,25,0.8847392579605949,1.0679888569597666,0.986978830355347
ZAF,26,1.0074995724155433,0.9994720003120465,0.986978830355347
ZAF,27,0.9274863883978977,1.036124215208757,0.986978830355347
ZAF,28,0.9780752514366176,1.0183057494879786,0.986978830355347
ZAF,29T30,0.9787612894023765,1.0249773590517222,0.986978830355347
ZAF,31T33,0.7898192804718955,1.0107778561366827,0.986978830355347
ZAF,35,0.5955788016781886,1.0233076602633198,0.986978830355347
ZAF,36T39,0.9673157051992288,0.9725913727977927,0.986978830355347
ZAF,41T43,0.9736040971515462,1.003901404705108,0.986978830355347
ZAF,45T47,0.9746991737409434,0.9691316307749627,0.986978830355347
ZAF,49,0.9601737293277512,0.97789150389305,0.986978830355347
ZAF,50,0.5907335165797186,0.9757123387637414,0.986978830355347
ZAF,51,0.9551406755638421,0.9875172222005911,0.986978830355347
ZAF,52,0.914518631431691,0.9847939393508919,0.986978830355347
ZAF,53,0.9743442924308289,0.9747439758561789,0.986978830355347
ZAF,55T56,1.0035052706616259,0.9736988926199311,0.986978830355347
ZAF,58T60,0.9921798661564333,0.9765122622926264,0.986978830355347
ZAF,61,0.9891884406830491,0.9794120940078739,0.986978830355347
ZAF,62T63,0.963740597608722,0.9777713728455063,0.986978830355347
ZAF,64T66,0.9797592788499953,0.9591793496365991,0.986978830355347
ZAF,68,0.9808058624696295,0.968355064241596,0.986978830355347
ZAF,69T75,0.9719832176168539,0.9732826972497035,0.986978830355347
ZAF,77T82,0.9643021376485102,0.9767474455951113,0.986978830355347
ZAF,84,0.9835890099670227,0.9658285680023543,0.986978830355347
ZAF,85,0.9834562881877428,0.9594430663329095,0.986978830355347
ZAF,86T88,0.982434772569508,0.9679720038296468,0.986978830355347
ZAF,90T93,0.9513564264612208,0.9735594489875294,0.986978830355347
ZAF,94T98,0.982043679323487,0.9539665884859275,0.986978830355347
