country,sector,output_hat,price_hat,spending_hat
ARG,01T02,0.9522078327529524,1.0060961006179014,1.0022123006846986
ARG,03,0.999665592686553,0.9979150847485303,1.0022123006846986
ARG,05T06,0.9774446462866311,1.0001915963792922,1.0022123006846986
ARG,07T08,1.001003608896144,0.9982207130877597,1.0022123006846986
ARG,10T12,0.9971651202093386,1.0130296515623494,1.0022123006846986
ARG,13T15,0.9982754331985797,1.0021812358427398,1.0022123006846986
ARG,16,1.0017236757791244,1.0006663214741627,1.0022123006846986
ARG,17T18,1.0030734584297818,0.9994983328307111,1.0022123006846986
ARG,19,0.9915848737517798,1.0075121155874174,1.0022123006846986
ARG,20,0.9995757402817053,1.0013470837937246,1.0022123006846986
ARG,21,1.0041016938440617,0.9991592834305505,1.0022123006846986
ARG,22,0.9950572896268802,1.0011745265972731,1.0022123006846986
ARG,23,0.9889384005099794,1.0005023675664366,1.0022123006846986
ARG,24,0.9990932730125405,1.001969565850762,1.0022123006846986
ARG,25,1.0069449810060196,1.0007515347329747,1.0022123006846986
ARG,26,1.0047145604401664,1.001036840358657,1.0022123006846986
ARG,27,1.005951265038314,1.001196103829332,1.0022123006846986
ARG,28,1.0044086555141567,1.000226961416822,1.0022123006846986
ARG,29T30,0.999335491709382,1.0009156776992876,1.0022123006846986
ARG,31T33,1.0031416896188368,0.9992672666006136,1.0022123006846986
ARG,35,0.9835633817917776,1.0041759130335082,1.0022123006846986
ARG,36T39,1.0005397909722251,0.9985723085840539,1.0022123006846986
ARG,41T43,1.0014570078815268,0.9995848991095195,1.0022123006846986
ARG,45T47,0.9998883723604531,0.997393409862643,1.0022123006846986
ARG,49,0.9958221072719456,0.9988311504913023,1.0022123006846986
ARG,50,0.9941574867407006,0.9990820325159143,1.0022123006846986
ARG,51,0.9923229623728939,1.0019461871520514,1.0022123006846986
ARG,52,0.9982143068690549,0.9995921598967311,1.0022123006846986
ARG,53,1.0038091117887329,0.9982240348566755,1.0022123006846986
ARG,55T56,1.0024422543211335,1.0011854081440348,1.0022123006846986
ARG,58T60,1.0038671175986356,0.9982063698045365,1.0022123006846986
ARG,61,1.0029078039008208,0.9979299604207089,1.0022123006846986
ARG,62T63,1.0049898244897268,0.9979732439246577,1.0022123006846986
ARG,64T66,1.0013984089299006,0.9973406900406577,1.0022123006846986
ARG,68,1.00263147933152,0.9967021647537394,1.0022123006846986
ARG,69T75,1.0025062404201373,0.9976978886032488,1.0022123006846986
ARG,77T82,1.0007632655454115,0.9972792978523048,1.0022123006846986
ARG,84,1.001802181131025,0.9976560736713624,1.0022123006846986
ARG,85,1.0021666050403315,0.997210210716653,1.0022123006846986
ARG,86T88,1.0020694955446026,0.9974162764999505,1.0022123006846986
ARG,90T93,1.0029155174153566,0.9982249916546326,1.0022123006846986
ARG,94T98,1.0020061249312007,0.9978008880868763,1.0022123006846986
AUS,01T02,0.964978760288759,1.005199587706009,1.0017849260250566
AUS,03,0.9958267754589618,1.0054679403440725,1.0017849260250566
AUS,05T06,0.9817071791187413,1.000579108148247,1.0017849260250566
AUS,07T08,1.00672014715767,1.0012873150420913,1.0017849260250566
AUS,10T12,0.997345994556115,1.0101719738488704,1.0017849260250566
AUS,13T15,0.9916766679804268,1.0064666582939439,1.0017849260250566
AUS,16,1.002471037085225,1.0053031363972595,1.0017849260250566
AUS,17T18,1.0020255220876815,1.0025150830261447,1.0017849260250566
AUS,19,0.9753017082949275,1.0034366408307511,1.0017849260250566
AUS,20,0.9887223725963741,1.0039232031510998,1.0017849260250566
AUS,21,1.0003213220052372,1.0025602401659974,1.0017849260250566
AUS,22,1.00793251063008,1.0037710290296713,1.0017849260250566
AUS,23,0.999668247275601,1.0027602319296574,1.0017849260250566
AUS,24,1.0221094789333998,1.0043729518120303,1.0017849260250566
AUS,25,1.0047929052636346,1.003666910312514,1.0017849260250566
AUS,26,1.005076080173771,1.0010705577127668,1.0017849260250566
AUS,27,1.0078756288714836,1.0022056830149497,1.0017849260250566
AUS,28,1.0042669580067072,1.0020420299665203,1.0017849260250566
AUS,29T30,1.0047753069678873,1.0025604607084069,1.0017849260250566
AUS,31T33,1.0032228675387165,1.0016692618699443,1.0017849260250566
AUS,35,0.9624724715129602,1.011241477671969,1.0017849260250566
AUS,36T39,0.9985583219841873,1.0005237810608167,1.0017849260250566
AUS,41T43,1.0005462630796804,1.0018190659313577,1.0017849260250566
AUS,45T47,1.000065784507505,1.0008290615365347,1.0017849260250566
AUS,49,0.995422131662413,1.0015115027682837,1.0017849260250566
AUS,50,0.9962982308043391,1.0012637243635434,1.0017849260250566
AUS,51,0.9948219004774007,1.00180978079778,1.0017849260250566
AUS,52,0.9992029005274115,1.0002014428175237,1.0017849260250566
AUS,53,0.9989891669932721,1.001328193001085,1.0017849260250566
AUS,55T56,1.0022445649865785,1.0019949377375093,1.0017849260250566
AUS,58T60,1.0029573519762283,1.0002974305475398,1.0017849260250566
AUS,61,1.001019462708416,1.0003972840271587,1.0017849260250566
AUS,62T63,1.0009585217836796,0.9995162515255958,1.0017849260250566
AUS,64T66,0.9991515274141538,0.9990262815045173,1.0017849260250566
AUS,68,1.0014504164376792,0.9990442892728368,1.0017849260250566
AUS,69T75,0.9997234772462025,0.9997005691037347,1.0017849260250566
AUS,77T82,0.9997603778355268,0.999995018962326,1.0017849260250566
AUS,84,1.0013514599398485,1.0004953761431248,1.0017849260250566
AUS,85,1.0023251865079044,0.9994850704034596,1.0017849260250566
AUS,86T88,1.001737015826179,0.9996123641089507,1.0017849260250566
AUS,90T93,1.001980107840112,0.999728317502989,1.0017849260250566
AUS,94T98,1.0015085203796836,0.9996077303281996,1.0017849260250566
AUT,01T02,1.0016636537723191,1.0060205625412653,1.0054961374292386
AUT,03,1.0046142564584104,1.004880791052091,1.0054961374292386
AUT,05T06,0.9808902482746039,1.0052010721518314,1.0054961374292386
AUT,07T08,0.9984277734297871,1.0055777580873542,1.0054961374292386
AUT,10T12,1.0053959663878402,1.0060332199312412,1.0054961374292386
AUT,13T15,1.0021094178018783,1.0044865593138115,1.0054961374292386
AUT,16,1.002913978288835,1.0061579938705423,1.0054961374292386
AUT,17T18,0.997130826047224,1.0055087921534582,1.0054961374292386
AUT,19,1.0000671026721994,1.0076807320898646,1.0054961374292386
AUT,20,1.0026874676133994,1.0061213652528438,1.0054961374292386
AUT,21,1.0020061479114566,1.0044559629652565,1.0054961374292386
AUT,22,1.0065596177290972,1.0052037560834308,1.0054961374292386
AUT,23,1.0035392358379636,1.0055478108638813,1.0054961374292386
AUT,24,1.0052974478760721,1.0070576971044647,1.0054961374292386
AUT,25,1.0040567607476043,1.0056023404243597,1.0054961374292386
AUT,26,1.0036927626198602,1.0043885426013373,1.0054961374292386
AUT,27,1.0048056642426737,1.0049123416972374,1.0054961374292386
AUT,28,1.0037088830220502,1.0047214920423548,1.0054961374292386
AUT,29T30,1.0033801620246188,1.004759146809546,1.0054961374292386
AUT,31T33,1.0040980334171303,1.0051815618006639,1.0054961374292386
AUT,35,1.00444948269727,1.0075621568904605,1.0054961374292386
AUT,36T39,1.0037107033955983,1.0043615867693425,1.0054961374292386
AUT,41T43,1.0046144459838486,1.0048506552435732,1.0054961374292386
AUT,45T47,1.002552221911059,1.0040457889161214,1.0054961374292386
AUT,49,1.0001254266570279,1.004350667308534,1.0054961374292386
AUT,50,1.0068444314156273,1.0046899640220712,1.0054961374292386
AUT,51,0.999661281943271,1.0044088861406468,1.0054961374292386
AUT,52,1.0021015191792837,1.004004345971291,1.0054961374292386
AUT,53,1.002731072199602,1.0038675031164863,1.0054961374292386
AUT,55T56,1.0045997252577639,1.0042476790446624,1.0054961374292386
AUT,58T60,1.0016147949565581,1.0041694094682914,1.0054961374292386
AUT,61,1.0025745891607276,1.003888762325079,1.0054961374292386
AUT,62T63,1.0008297658273408,1.0036405624053018,1.0054961374292386
AUT,64T66,1.0023886367277057,1.0037546949062144,1.0054961374292386
AUT,68,1.0047191114007523,1.0039316261183824,1.0054961374292386
AUT,69T75,1.0020118398690483,1.0039133090312093,1.0054961374292386
AUT,77T82,1.0033068685254376,1.0039473519173427,1.0054961374292386
AUT,84,1.0051003561277794,1.0039717908395414,1.0054961374292386
AUT,85,1.0050665003468953,1.0038758734638547,1.0054961374292386
AUT,86T88,1.0051723479351764,1.0040679691209777,1.0054961374292386
AUT,90T93,1.0045128352838613,1.004018827023624,1.0054961374292386
AUT,94T98,1.0048053306946634,1.0040039936153395,1.0054961374292386
BEL,01T02,0.9979430750745554,1.006227701984479,1.0048180269323521
BEL,03,1.0040179767450497,1.0043004344680904,1.0048180269323521
BEL,05T06,0.17692231744266093,1.0551127064410801,1.0048180269323521
BEL,07T08,0.9971829062257769,1.0053362761335773,1.0048180269323521
BEL,10T12,1.0023940128915023,1.0067651315263089,1.0048180269323521
BEL,13T15,1.0004534293335103,1.0045012876830186,1.0048180269323521
BEL,16,1.0053772432743124,1.0054103489350876,1.0048180269323521
BEL,17T18,1.0019896989390127,1.0049060696662144,1.0048180269323521
BEL,19,0.9996045900081068,1.0066557336588564,1.0048180269323521
BEL,20,0.9988039589950273,1.0053107670075883,1.0048180269323521
BEL,21,1.0022388191662401,1.0037522142022803,1.0048180269323521
BEL,22,1.004465234841249,1.0057885959213755,1.0048180269323521
BEL,23,0.9992091521463369,1.0049534823906996,1.0048180269323521
BEL,24,1.0188002152620728,1.0069117933821192,1.0048180269323521
BEL,25,1.0048169258176034,1.0053298018393286,1.0048180269323521
BEL,26,1.0036337942720044,1.004136734790769,1.0048180269323521
BEL,27,1.0042232034871381,1.005116890540702,1.0048180269323521
BEL,28,1.0035959781248303,1.0046350815362255,1.0048180269323521
BEL,29T30,1.0042210208542368,1.004363995263691,1.0048180269323521
BEL,31T33,1.0074935374767175,1.0040520570046174,1.0048180269323521
BEL,35,0.9980195133162602,1.005447641587863,1.0048180269323521
BEL,36T39,1.0069830872663308,1.00421689623343,1.0048180269323521
BEL,41T43,1.0041883682808925,1.0045946783600486,1.0048180269323521
BEL,45T47,1.0022913973165475,1.0035886688328426,1.0048180269323521
BEL,49,1.0021154557553782,1.0039730796957793,1.0048180269323521
BEL,50,0.9642232260540737,1.0057174570269696,1.0048180269323521
BEL,51,1.0000363458132444,1.0051865268627667,1.0048180269323521
BEL,52,1.000069827733029,1.0040506248029286,1.0048180269323521
BEL,53,1.0013610436910665,1.0040657062780804,1.0048180269323521
BEL,55T56,1.00358962925723,1.0043435598768298,1.0048180269323521
BEL,58T60,1.0012949063925998,1.0034842065591494,1.0048180269323521
BEL,61,1.0019480983454574,1.0032337079521387,1.0048180269323521
BEL,62T63,1.0012538091366336,1.0034061033729778,1.0048180269323521
BEL,64T66,1.00190125471298,1.0028417050192557,1.0048180269323521
BEL,68,1.0040843998418254,1.0031607147913195,1.0048180269323521
BEL,69T75,1.001837243609937,1.0033109979772041,1.0048180269323521
BEL,77T82,1.0020168701369108,1.003725752828865,1.0048180269323521
BEL,84,1.0045149290694895,1.003219131434307,1.0048180269323521
BEL,85,1.0045608834182618,1.0030912109528403,1.0048180269323521
BEL,86T88,1.0046032668621803,1.003522524768836,1.0048180269323521
BEL,90T93,1.0038138033594828,1.0036465849193017,1.0048180269323521
BEL,94T98,1.0040198779231755,1.003540188176888,1.0048180269323521
BGR,01T02,0.967869429623271,1.0050588619577125,1.0061031712361983
BGR,03,1.001853089500725,1.006220841576276,1.0061031712361983
BGR,05T06,0.9822568851035925,1.0081453579951034,1.0061031712361983
BGR,07T08,0.9973055952020976,1.0045615480680454,1.0061031712361983
BGR,10T12,1.0018555255918018,1.006731781108142,1.0061031712361983
BGR,13T15,1.007331225951271,1.0029392897119467,1.0061031712361983
BGR,16,0.9957042592647251,1.0075840893066583,1.0061031712361983
BGR,17T18,0.9999184305412037,1.0046112090617383,1.0061031712361983
BGR,19,0.9916201887468045,1.0052140402877208,1.0061031712361983
BGR,20,0.947173864312207,1.0074401408162685,1.0061031712361983
BGR,21,0.9663448229794122,1.0066017213251286,1.0061031712361983
BGR,22,1.0078752180281862,1.0047857506129108,1.0061031712361983
BGR,23,0.9685268288242561,1.007068907783493,1.0061031712361983
BGR,24,1.0231491252342815,1.0080275033518822,1.0061031712361983
BGR,25,1.0062324053688976,1.0043716367726028,1.0061031712361983
BGR,26,1.0048525758622826,1.0033912401967455,1.0061031712361983
BGR,27,1.0051304880910217,1.0046087010290496,1.0061031712361983
BGR,28,1.0040668482641342,1.0042791180602397,1.0061031712361983
BGR,29T30,1.0057070088740543,1.0036316282162752,1.0061031712361983
BGR,31T33,1.0094365249368364,1.0028216371849663,1.0061031712361983
BGR,35,0.943515454603586,1.0037255560954605,1.0061031712361983
BGR,36T39,1.0022950697867605,1.0061419252691532,1.0061031712361983
BGR,41T43,1.0039372999952292,1.0046839364609828,1.0061031712361983
BGR,45T47,1.001026766679955,1.0019079310068812,1.0061031712361983
BGR,49,0.9923807569510127,1.0032003484411474,1.0061031712361983
BGR,50,0.9890502543520036,1.003817089411833,1.0061031712361983
BGR,51,1.0098472529767402,1.0036377905189582,1.0061031712361983
BGR,52,0.9991879554191441,1.0030305047083852,1.0061031712361983
BGR,53,1.003086655615867,1.001330829621826,1.0061031712361983
BGR,55T56,1.0039586645132985,1.0028319711941334,1.0061031712361983
BGR,58T60,1.0072727883579506,1.0005287124031748,1.0061031712361983
BGR,61,1.0049227069633233,1.001802747589762,1.0061031712361983
BGR,62T63,1.004406318605859,1.0004213124156012,1.0061031712361983
BGR,64T66,1.002653605917718,1.0001143769947185,1.0061031712361983
BGR,68,1.0050897268353804,1.0009415045219032,1.0061031712361983
BGR,69T75,1.0041231715058403,1.0007122863372833,1.0061031712361983
BGR,77T82,1.0033360904752677,1.0013681481904848,1.0061031712361983
BGR,84,1.0057652713045595,1.0010096848649734,1.0061031712361983
BGR,85,1.0058690454267118,0.9996299558875293,1.0061031712361983
BGR,86T88,1.0054724835571867,1.0014262364549535,1.0061031712361983
BGR,90T93,1.005014097609399,1.001215524135734,1.0061031712361983
BGR,94T98,1.004262391512792,1.0020722773594575,1.0061031712361983
BRA,01T02,0.8742156301438917,0.9977361273842572,0.9954814978271618
BRA,03,0.9954089335262314,0.9908190630950815,0.9954814978271618
BRA,05T06,0.9801500063839715,0.9942790602653547,0.9954814978271618
BRA,07T08,1.0095523005445632,0.9929881661232097,0.9954814978271618
BRA,10T12,0.9872234825930327,1.0147208653025361,0.9954814978271618
BRA,13T15,1.0032509144503352,0.9959549571804129,0.9954814978271618
BRA,16,1.003007824389948,0.9996457349050045,0.9954814978271618
BRA,17T18,1.0026746376800488,0.9977755901581695,0.9954814978271618
BRA,19,0.9839919459417358,1.0017747513447612,0.9954814978271618
BRA,20,0.9735909334885772,1.002529192491282,0.9954814978271618
BRA,21,1.0001429182883257,0.9927944216057245,0.9954814978271618
BRA,22,1.0002492786252397,0.9978443711610666,0.9954814978271618
BRA,23,0.969880874078326,0.9960205105690058,0.9954814978271618
BRA,24,1.0002028644724796,0.997932482949254,0.9954814978271618
BRA,25,1.0010096212722106,0.997060592748919,0.9954814978271618
BRA,26,1.0027180051340765,0.9947933357607498,0.9954814978271618
BRA,27,1.0039190729600778,0.9964516980161737,0.9954814978271618
BRA,28,1.0055003787561154,0.9950803004441436,0.9954814978271618
BRA,29T30,1.0081297038061803,0.9956919436043633,0.9954814978271618
BRA,31T33,1.001755695971201,0.9944369626159629,0.9954814978271618
BRA,35,0.9850250653282909,0.9939179101153084,0.9954814978271618
BRA,36T39,0.9956756073036308,0.9917697915883313,0.9954814978271618
BRA,41T43,0.995358861995961,0.9949918807877776,0.9954814978271618
BRA,45T47,0.9963276083280498,0.9915947074885073,0.9954814978271618
BRA,49,0.9897232369893254,0.9940675009305887,0.9954814978271618
BRA,50,0.9947208462632403,0.9943637685471153,0.9954814978271618
BRA,51,0.9946667513637188,0.9953457794132848,0.9954814978271618
BRA,52,1.0000494095966521,0.9916670315470798,0.9954814978271618
BRA,53,0.9963164761765771,0.9913936822218795,0.9954814978271618
BRA,55T56,0.9972481127960726,0.9964812650514642,0.9954814978271618
BRA,58T60,1.007514990609018,0.9937056889848173,0.9954814978271618
BRA,61,0.9972630392196004,0.9911882958637963,0.9954814978271618
BRA,62T63,1.0044732699540706,0.9907723786070968,0.9954814978271618
BRA,64T66,0.9948556201836694,0.990432502926082,0.9954814978271618
BRA,68,0.9963063484519514,0.9898753449514575,0.9954814978271618
BRA,69T75,1.001147229878174,0.9909793410134816,0.9954814978271618
BRA,77T82,0.9985729015453375,0.9911872622854866,0.9954814978271618
BRA,84,0.9955714337257529,0.9906180768596771,0.9954814978271618
BRA,85,0.9956477505837762,0.990437150406842,0.9954814978271618
BRA,86T88,0.9956013299915091,0.9913556887788433,0.9954814978271618
BRA,90T93,0.9991599493181142,0.9913964947134226,0.9954814978271618
BRA,94T98,0.9956125203150774,0.9927448183538923,0.9954814978271618
BRN,01T02,0.9604030888012525,0.99892141137289,0.9965790864708338
BRN,03,1.0044735670670049,0.9961749923625144,0.9965790864708338
BRN,05T06,0.9857933579633096,0.9940607977751752,0.9965790864708338
BRN,07T08,1.0161804735092714,0.991856027566324,0.9965790864708338
BRN,10T12,1.0122096260728486,1.002438646557276,0.9965790864708338
BRN,13T15,1.0048300404255506,1.0019079761971075,0.9965790864708338
BRN,16,1.017180340168301,0.9991414907328611,0.9965790864708338
BRN,17T18,0.9985178489697037,0.9999919135586051,0.9965790864708338
BRN,19,0.990010472517642,0.997087122731349,0.9965790864708338
BRN,20,1.0286190417847236,0.998582134980578,0.9965790864708338
BRN,21,1.0091453490102198,1.0000237997129289,0.9965790864708338
BRN,22,0.8638821302861701,1.003567360125335,0.9965790864708338
BRN,23,0.9946107338195332,0.9997645968349947,0.9965790864708338
BRN,24,1.1028862298085202,0.9951283576375712,0.9965790864708338
BRN,25,0.9921909343373752,1.0048441954145373,0.9965790864708338
BRN,26,0.9959066224231572,0.9996983719741209,0.9965790864708338
BRN,27,1.0098152918815149,0.9993436543545495,0.9965790864708338
BRN,28,1.0038870282635266,0.9995921988168771,0.9965790864708338
BRN,29T30,1.0040338839880678,0.9984431935543396,0.9965790864708338
BRN,31T33,0.8308560005174352,1.0029110473559308,0.9965790864708338
BRN,35,0.8952718058121372,0.9974382566821871,0.9965790864708338
BRN,36T39,0.9951499084279216,0.9951916677922167,0.9965790864708338
BRN,41T43,0.9953940051864624,1.0009413342407423,0.9965790864708338
BRN,45T47,0.9962113431042631,0.9971209763562614,0.9965790864708338
BRN,49,0.995397195425628,0.9968367128273048,0.9965790864708338
BRN,50,0.9726770485516206,0.9965597745667085,0.9965790864708338
BRN,51,0.9916027155267926,0.9947345937990147,0.9965790864708338
BRN,52,1.0079585295777183,0.9966094147738029,0.9965790864708338
BRN,53,1.0024928160756208,0.9990567473585611,0.9965790864708338
BRN,55T56,0.9999693588812586,1.0014672813559042,0.9965790864708338
BRN,58T60,1.0090831818424526,0.995056795960804,0.9965790864708338
BRN,61,0.9938832637254794,0.9975925238616746,0.9965790864708338
BRN,62T63,1.0038265368811288,0.9971170009528335,0.9965790864708338
BRN,64T66,0.9969650209329747,0.9935165853653892,0.9965790864708338
BRN,68,1.0011087128487026,0.9925175673581783,0.9965790864708338
BRN,69T75,0.9974399202080924,0.9965023179647019,0.9965790864708338
BRN,77T82,0.9960061727256152,0.9990628538917701,0.9965790864708338
BRN,84,0.9957096772265958,0.9969927449443539,0.9965790864708338
BRN,85,0.9963298052756124,0.9959569686943026,0.9965790864708338
BRN,86T88,0.9957451532871995,0.9977787441208377,0.9965790864708338
BRN,90T93,0.9932224151243763,1.006098964873759,0.9965790864708338
BRN,94T98,1.0038220446023012,0.9949656757092822,0.9965790864708338
CAN,01T02,0.9544667902508183,1.0069032553229516,1.0020773796696343
CAN,03,0.9984460066545827,1.0024078625839596,1.0020773796696343
CAN,05T06,0.9785011739995317,1.0017669779183158,1.0020773796696343
CAN,07T08,1.0038066979703837,1.001692892347137,1.0020773796696343
CAN,10T12,0.9975745176927578,1.0089864049275865,1.0020773796696343
CAN,13T15,1.009844677959415,1.0019038276900436,1.0020773796696343
CAN,16,0.9891757160913994,1.010536422429056,1.0020773796696343
CAN,17T18,0.9984917466820112,1.0042970182121813,1.0020773796696343
CAN,19,0.9792256713453731,1.0073834291791455,1.0020773796696343
CAN,20,0.9899256242697485,1.004161722180611,1.0020773796696343
CAN,21,1.0031687121891752,1.0019641200050984,1.0020773796696343
CAN,22,1.0016168745885243,1.0035739550600844,1.0020773796696343
CAN,23,0.9973899820308098,1.0041013949849926,1.0020773796696343
CAN,24,1.0132187977575835,1.0054208210551387,1.0020773796696343
CAN,25,1.0095711771157105,1.0031856184662042,1.0020773796696343
CAN,26,1.0055971862136397,1.0014670926312614,1.0020773796696343
CAN,27,1.0070306213493283,1.0032486418691082,1.0020773796696343
CAN,28,1.0048252675672995,1.002368686332288,1.0020773796696343
CAN,29T30,1.0057573690910677,1.0027589267098407,1.0020773796696343
CAN,31T33,1.0043347062007797,1.0021592980446279,1.0020773796696343
CAN,35,0.9905621326550536,1.0003711100963397,1.0020773796696343
CAN,36T39,0.9997607028351025,1.000678639972522,1.0020773796696343
CAN,41T43,1.000878452739112,1.0025503790943502,1.0020773796696343
CAN,45T47,1.0018905329206942,1.0002059848332465,1.0020773796696343
CAN,49,0.9916899367178649,1.0017677337167354,1.0020773796696343
CAN,50,0.9805715489843253,1.0046714200357305,1.0020773796696343
CAN,51,0.9763472011988886,1.002297606599625,1.0020773796696343
CAN,52,0.997232706335412,1.0014412244866926,1.0020773796696343
CAN,53,1.0015311798094992,1.0014561000132591,1.0020773796696343
CAN,55T56,1.0020260576287414,1.0023531192789472,1.0020773796696343
CAN,58T60,1.0036060956576847,1.000785522310506,1.0020773796696343
CAN,61,1.0013023817118332,1.000248415734391,1.0020773796696343
CAN,62T63,1.0019936396358364,1.0000813202290793,1.0020773796696343
CAN,64T66,1.000643505841058,1.000066934335556,1.0020773796696343
CAN,68,1.0017901198780148,0.9996958777126566,1.0020773796696343
CAN,69T75,1.0001785539037897,1.0002774746948024,1.0020773796696343
CAN,77T82,1.000189857624669,1.000468919194243,1.0020773796696343
CAN,84,1.0016444372383735,1.000441814546709,1.0020773796696343
CAN,85,1.0020170926409226,0.999980177293118,1.0020773796696343
CAN,86T88,1.0016842356312357,1.0001923959723917,1.0020773796696343
CAN,90T93,1.0021033056910689,1.0008871058971727,1.0020773796696343
CAN,94T98,1.0012902827021974,1.0007120824399536,1.0020773796696343
CHE,01T02,1.0099467560509798,1.0059935881577364,1.0058794561716136
CHE,03,1.0029267812243874,1.0035853148905556,1.0058794561716136
CHE,05T06,0.9967026338655044,1.0051540586596148,1.0058794561716136
CHE,07T08,1.0075800769111407,1.0050369805884127,1.0058794561716136
CHE,10T12,1.0049553884196238,1.0062407044063422,1.0058794561716136
CHE,13T15,1.002604018252601,1.0044429060576718,1.0058794561716136
CHE,16,1.007875218363935,1.0049456767067784,1.0058794561716136
CHE,17T18,1.00315360385633,1.0048159467329227,1.0058794561716136
CHE,19,1.0034375142449183,1.0061860530614928,1.0058794561716136
CHE,20,1.007921544777194,1.0052287822571984,1.0058794561716136
CHE,21,1.003135331782125,1.0045078340803462,1.0058794561716136
CHE,22,1.006129347591202,1.0051729071345528,1.0058794561716136
CHE,23,1.0044407176856593,1.0058225990174336,1.0058794561716136
CHE,24,1.0351077522595113,1.006347332046531,1.0058794561716136
CHE,25,1.0066442752480063,1.0049403927527572,1.0058794561716136
CHE,26,1.0030446924035983,1.0046492706063503,1.0058794561716136
CHE,27,1.004419864918711,1.0051764595574029,1.0058794561716136
CHE,28,1.0035727493797935,1.0047582972687399,1.0058794561716136
CHE,29T30,1.0029179198488816,1.0046161142070313,1.0058794561716136
CHE,31T33,1.0086868926326755,1.0047469251235532,1.0058794561716136
CHE,35,1.010799575722796,1.0051178977070183,1.0058794561716136
CHE,36T39,1.00579665762474,1.0046609487770974,1.0058794561716136
CHE,41T43,1.0055935796747137,1.0049165108646452,1.0058794561716136
CHE,45T47,1.0021362117700143,1.004576382812667,1.0058794561716136
CHE,49,1.0039155382332432,1.0048183249829583,1.0058794561716136
CHE,50,1.004661324829542,1.0058106198784171,1.0058794561716136
CHE,51,0.9985005114018548,1.0053664417878536,1.0058794561716136
CHE,52,1.0004995409859414,1.0051128208752849,1.0058794561716136
CHE,53,1.0027287179670688,1.0043016696849871,1.0058794561716136
CHE,55T56,1.003407129873238,1.0048078345880211,1.0058794561716136
CHE,58T60,0.9996461498760651,1.0041730788175325,1.0058794561716136
CHE,61,1.0034999901981376,1.0041117800091588,1.0058794561716136
CHE,62T63,1.0004510990866906,1.0037151450883182,1.0058794561716136
CHE,64T66,1.0015181881113497,1.0039652646724397,1.0058794561716136
CHE,68,1.0052341031065841,1.00404674203906,1.0058794561716136
CHE,69T75,1.0028875619206867,1.0041402115445055,1.0058794561716136
CHE,77T82,1.0034482245851242,1.0041963214523284,1.0058794561716136
CHE,84,1.0051611899214512,1.0042449568790113,1.0058794561716136
CHE,85,1.004663324692717,1.0044852415387977,1.0058794561716136
CHE,86T88,1.0057032838854931,1.0042391592958955,1.0058794561716136
CHE,90T93,1.0038870673289841,1.0042540342613284,1.0058794561716136
CHE,94T98,1.0050042090767566,1.0041501504871773,1.0058794561716136
CHL,01T02,1.005758224818659,1.0069506455655801,1.0074857367541254
CHL,03,1.0026253665312377,1.0063517813669873,1.0074857367541254
CHL,05T06,0.9334535011659052,1.0057073606973297,1.0074857367541254
CHL,07T08,0.9907861772155072,1.006614154357954,1.0074857367541254
CHL,10T12,1.0051145706044946,1.0076594270989305,1.0074857367541254
CHL,13T15,1.0005293756735734,1.0060862614522905,1.0074857367541254
CHL,16,1.0005085287586313,1.0080363723345214,1.0074857367541254
CHL,17T18,0.993740056056511,1.0081788155004525,1.0074857367541254
CHL,19,0.9965194669527779,1.0098096996649146,1.0074857367541254
CHL,20,0.9988669012889929,1.0078634659194396,1.0074857367541254
CHL,21,1.0029828110858883,1.0058922439647768,1.0074857367541254
CHL,22,0.9883509606472267,1.0074348522053445,1.0074857367541254
CHL,23,0.9966779624264394,1.0095784330860786,1.0074857367541254
CHL,24,1.038875066082343,1.0075617675125965,1.0074857367541254
CHL,25,1.0042957433538924,1.0074115121249982,1.0074857367541254
CHL,26,1.0054659226618856,1.0058481863094377,1.0074857367541254
CHL,27,1.0020270965701459,1.0072117830333802,1.0074857367541254
CHL,28,1.0015623824618802,1.0070454152969832,1.0074857367541254
CHL,29T30,1.0007929162681386,1.0061296301446874,1.0074857367541254
CHL,31T33,0.9986022776382175,1.006259211107464,1.0074857367541254
CHL,35,0.9846446672428831,1.0135059666469854,1.0074857367541254
CHL,36T39,1.0058848013178996,1.0060544145891366,1.0074857367541254
CHL,41T43,1.0066576394129978,1.006597386172265,1.0074857367541254
CHL,45T47,1.0022349255175682,1.0054851051340934,1.0074857367541254
CHL,49,0.9981199687506712,1.006334052841495,1.0074857367541254
CHL,50,0.9720917003802555,1.0060496353488866,1.0074857367541254
CHL,51,0.9729800923334163,1.0059475953761714,1.0074857367541254
CHL,52,0.9997059358068217,1.005305619458174,1.0074857367541254
CHL,53,1.0025151440138504,1.006035302086882,1.0074857367541254
CHL,55T56,1.0048695412094424,1.0060876449331726,1.0074857367541254
CHL,58T60,1.001892192912261,1.0056358557034373,1.0074857367541254
CHL,61,1.0056628561269634,1.0057027812892376,1.0074857367541254
CHL,62T63,1.0022469141797228,1.0049070160426934,1.0074857367541254
CHL,64T66,1.004136876507709,1.0048826071040455,1.0074857367541254
CHL,68,1.00565318551591,1.0049140307141384,1.0074857367541254
CHL,69T75,1.0040820057210242,1.0049102224073456,1.0074857367541254
CHL,77T82,1.0017086648219236,1.0049316112489615,1.0074857367541254
CHL,84,1.0069402792154223,1.0052500485494427,1.0074857367541254
CHL,85,1.0072160602759719,1.0050314366594384,1.0074857367541254
CHL,86T88,1.0071186361747666,1.0052908507327951,1.0074857367541254
CHL,90T93,1.005833885967785,1.0049391549349638,1.0074857367541254
CHL,94T98,1.0053143646809393,1.0051072227399693,1.0074857367541254
CHN,01T02,0.9995607717872328,1.0050058803198283,1.0065819909950033
CHN,03,1.0037998085510802,1.0030797706574366,1.0065819909950033
CHN,05T06,0.9663626881504102,1.0075850274184681,1.0065819909950033
CHN,07T08,0.9714836419238339,1.0100347701523682,1.0065819909950033
CHN,10T12,1.002902781243657,1.006637785642929,1.0065819909950033
CHN,13T15,0.9994192629836529,1.0055590719070318,1.0065819909950033
CHN,16,0.9988351148583701,1.0072211367412478,1.0065819909950033
CHN,17T18,0.9997403544401064,1.0062530073809488,1.0065819909950033
CHN,19,0.9828392271361278,1.0061999407475548,1.0065819909950033
CHN,20,0.9897263123885075,1.0087856241266653,1.0065819909950033
CHN,21,1.0012615941285,1.0049771380686856,1.0065819909950033
CHN,22,0.9950645613501872,1.0081196395546823,1.0065819909950033
CHN,23,0.9862869740049464,1.0105173209279907,1.0065819909950033
CHN,24,0.9792283207794686,1.0126518130671482,1.0065819909950033
CHN,25,0.9971258251494949,1.0106980177002443,1.0065819909950033
CHN,26,1.0013135648206803,1.0051988965060386,1.0065819909950033
CHN,27,0.997186481951084,1.0091209342182952,1.0065819909950033
CHN,28,0.9993728575855118,1.0080003995754259,1.0065819909950033
CHN,29T30,1.0028717431575271,1.0058663793055784,1.0065819909950033
CHN,31T33,0.9971330581065303,1.0057346527411388,1.0065819909950033
CHN,35,0.9445836483785836,1.0156129561795244,1.0065819909950033
CHN,36T39,0.9947910263905974,1.0062472245424452,1.0065819909950033
CHN,41T43,1.0061876021989429,1.0099228639767934,1.0065819909950033
CHN,45T47,1.0012232529230505,1.0004594251251004,1.0065819909950033
CHN,49,0.9965368456797008,1.0037240079427534,1.0065819909950033
CHN,50,0.9742799231829322,1.0059576098761813,1.0065819909950033
CHN,51,0.9936119858338398,1.0041117970684212,1.0065819909950033
CHN,52,0.9939341447763345,1.0041960561025902,1.0065819909950033
CHN,53,0.998532484696701,1.0025064811201703,1.0065819909950033
CHN,55T56,1.0027664847990634,1.0035160387615047,1.0065819909950033
CHN,58T60,1.00473624067979,1.0018713256476717,1.0065819909950033
CHN,61,1.0034686970413254,1.0024773119783765,1.0065819909950033
CHN,62T63,1.0050039533624628,0.9997986346819828,1.0065819909950033
CHN,64T66,0.9991973857939481,0.9986783562186371,1.0065819909950033
CHN,68,1.0053280371200646,0.9988536757021518,1.0065819909950033
CHN,69T75,1.001006141353784,1.0021884210074754,1.0065819909950033
CHN,77T82,1.0003366264672284,1.0019840820361365,1.0065819909950033
CHN,84,1.0063104455816287,0.9999829673908328,1.0065819909950033
CHN,85,1.006446119200312,0.9997452310772357,1.0065819909950033
CHN,86T88,1.00628583401897,1.000843718555347,1.0065819909950033
CHN,90T93,1.005551742254846,1.0001985959508635,1.0065819909950033
CHN,94T98,1.005008510056965,1.000643233764228,1.0065819909950033
COL,01T02,0.9416172904309691,1.0009748721454756,1.001392282609633
COL,03,1.0006684646965678,1.0038994054802572,1.001392282609633
COL,05T06,0.9875598949175658,0.9993516539673891,1.001392282609633
COL,07T08,0.997091989372772,0.9981651256514652,1.001392282609633
COL,10T12,0.992275454499935,1.0130097834234353,1.001392282609633
COL,13T15,1.004530387594576,0.9995941351987033,1.001392282609633
COL,16,0.995311482237082,1.006456435960528,1.001392282609633
COL,17T18,0.9986426948160659,1.0002427958863587,1.001392282609633
COL,19,0.9903175854823153,1.0027878261437597,1.001392282609633
COL,20,1.0046323034443847,1.0010002538695277,1.001392282609633
COL,21,1.007831663740536,0.9989041209117064,1.001392282609633
COL,22,1.0068667049416085,1.0015664899242525,1.001392282609633
COL,23,0.9935502267635227,1.0002848685227834,1.001392282609633
COL,24,1.0167403066298957,1.002675401784163,1.001392282609633
COL,25,1.0064605408287537,1.001182144415977,1.001392282609633
COL,26,1.005585706994399,1.0005508119637672,1.001392282609633
COL,27,1.0069410056563872,1.0012061960047562,1.001392282609633
COL,28,1.005267073011696,1.0009909601174425,1.001392282609633
COL,29T30,1.0078890449551068,1.0000075961735746,1.001392282609633
COL,31T33,1.0036523274027254,0.9993865262831994,1.001392282609633
COL,35,0.9897801098811314,1.000595965017279,1.001392282609633
COL,36T39,1.0002768422704822,0.9978893439337773,1.001392282609633
COL,41T43,1.000938312346156,1.0004477124826403,1.001392282609633
COL,45T47,1.0000690253567526,0.9973366619562302,1.001392282609633
COL,49,0.9953847108550394,0.9988496764919663,1.001392282609633
COL,50,0.9964979928248507,0.998811220252071,1.001392282609633
COL,51,0.9990543533850943,0.9997511629783623,1.001392282609633
COL,52,1.0003808187577603,0.9969576340617837,1.001392282609633
COL,53,1.001508258561517,0.9980250441919358,1.001392282609633
COL,55T56,1.001599304066053,1.0019363598074962,1.001392282609633
COL,58T60,1.0062083556145829,0.9974630206614372,1.001392282609633
COL,61,1.0016954355010028,0.9966808287838989,1.001392282609633
COL,62T63,1.0037333232640515,0.9964797940453469,1.001392282609633
COL,64T66,1.0020511565977401,0.9966538353886504,1.001392282609633
COL,68,1.001500616654772,0.9958778225737666,1.001392282609633
COL,69T75,1.0017156137906773,0.996530117994299,1.001392282609633
COL,77T82,1.000824073506335,0.9963360753198386,1.001392282609633
COL,84,1.0011716923119023,0.9972279851024533,1.001392282609633
COL,85,1.0015244405548902,0.9965760192528739,1.001392282609633
COL,86T88,1.0012561980503565,0.9973084746617449,1.001392282609633
COL,90T93,1.0020538125475937,0.996892290834433,1.001392282609633
COL,94T98,1.001499006520489,0.9969157486704605,1.001392282609633
CRI,01T02,1.0087634250293638,1.0034450314631476,1.003264856233756
CRI,03,1.0029959724226953,1.0035862920335736,1.003264856233756
CRI,05T06,1.0040102547301677,1.003512798113032,1.003264856233756
CRI,07T08,1.0024400678036514,1.0035424996382452,1.003264856233756
CRI,10T12,1.0040915418804661,1.0034549459228632,1.003264856233756
CRI,13T15,1.0015303592245024,1.0032881037527548,1.003264856233756
CRI,16,1.0051116450669209,1.0035511404946977,1.003264856233756
CRI,17T18,1.000758832587055,1.0032434896431406,1.003264856233756
CRI,19,1.0051937390615593,1.0034942093685464,1.003264856233756
CRI,20,1.0064590335064252,1.0034950056930296,1.003264856233756
CRI,21,0.9976616289821264,1.003365219692712,1.003264856233756
CRI,22,1.007808983597584,1.0036111911901877,1.003264856233756
CRI,23,1.0027832361805404,1.0035516499128116,1.003264856233756
CRI,24,1.016280324029891,1.0043592920487234,1.003264856233756
CRI,25,1.0067517353125508,1.0039040969519413,1.003264856233756
CRI,26,1.0039193712711254,1.0034443502066468,1.003264856233756
CRI,27,1.0060915581261738,1.003673691507533,1.003264856233756
CRI,28,1.0046855656007807,1.0036718517902818,1.003264856233756
CRI,29T30,1.0054935609339608,1.0036816901320655,1.003264856233756
CRI,31T33,1.0074087655161634,1.003507716245231,1.003264856233756
CRI,35,1.003739747810697,1.0033836975189565,1.003264856233756
CRI,36T39,1.0038698099648617,1.0034138669132695,1.003264856233756
CRI,41T43,1.0031979610017212,1.0036076134206884,1.003264856233756
CRI,45T47,1.0018771667089974,1.003387594837874,1.003264856233756
CRI,49,1.0017298312400091,1.003573086240713,1.003264856233756
CRI,50,0.9970293721074752,1.0036626252202838,1.003264856233756
CRI,51,1.010026447535091,1.0036976522094492,1.003264856233756
CRI,52,1.0018878799397035,1.003451966710801,1.003264856233756
CRI,53,1.0029339033951674,1.0033550973839747,1.003264856233756
CRI,55T56,1.0033621492705036,1.0034008263350909,1.003264856233756
CRI,58T60,1.002242555424372,1.0032873095251311,1.003264856233756
CRI,61,1.002547458989487,1.0033444705071897,1.003264856233756
CRI,62T63,1.0013884060308058,1.0033490963210163,1.003264856233756
CRI,64T66,1.0025540580202144,1.0033354867702826,1.003264856233756
CRI,68,1.0030992320449599,1.003380228870793,1.003264856233756
CRI,69T75,1.0023505340034857,1.0033563496206568,1.003264856233756
CRI,77T82,1.0028445640871033,1.0033797126049442,1.003264856233756
CRI,84,1.0032538258845214,1.003372142157008,1.003264856233756
CRI,85,1.0031969756993533,1.0033711989789187,1.003264856233756
CRI,86T88,1.0031962724317174,1.0033686310671384,1.003264856233756
CRI,90T93,1.0021537106810914,1.003386869793431,1.003264856233756
CRI,94T98,1.0030408321569073,1.003399739649488,1.003264856233756
CYP,01T02,1.0064735496187651,1.0039382599585103,1.0035934096616606
CYP,03,1.0022100920865662,1.0026729087114765,1.0035934096616606
CYP,05T06,0.9817577907548191,1.0057974065945663,1.0035934096616606
CYP,07T08,0.986886368467434,1.0075528315999251,1.0035934096616606
CYP,10T12,1.0032659683701264,1.0055413222823275,1.0035934096616606
CYP,13T15,1.0072849337550758,1.0029916674101962,1.0035934096616606
CYP,16,1.0059493491970406,1.0035643992594416,1.0035934096616606
CYP,17T18,1.0026397986237483,1.003498811262755,1.0035934096616606
CYP,19,0.872574610991534,1.0023448114172266,1.0035934096616606
CYP,20,1.0132063470749675,1.0040584840047948,1.0035934096616606
CYP,21,1.0052477550617382,1.0035345548989927,1.0035934096616606
CYP,22,1.0034088652850892,1.0055962284758988,1.0035934096616606
CYP,23,0.9460684271687214,1.0123292302130202,1.0035934096616606
CYP,24,1.0194766478111421,1.006203610068768,1.0035934096616606
CYP,25,1.0022059748494325,1.0056646033074113,1.0035934096616606
CYP,26,1.00000747383153,1.006542441991846,1.0035934096616606
CYP,27,1.00626043465075,1.0036968595084255,1.0035934096616606
CYP,28,1.004874611259434,1.0037045521120436,1.0035934096616606
CYP,29T30,1.0050413520986292,1.0036820100664645,1.0035934096616606
CYP,31T33,1.0024050052950604,1.0034874972196528,1.0035934096616606
CYP,35,0.9638273982897301,1.0037807974366515,1.0035934096616606
CYP,36T39,1.0019076344130027,1.0054895906985006,1.0035934096616606
CYP,41T43,1.001870237556168,1.0051269123335917,1.0035934096616606
CYP,45T47,1.001019052735854,1.0027582238553245,1.0035934096616606
CYP,49,0.9988625236884882,1.002906097634698,1.0035934096616606
CYP,50,1.0171389138234739,1.0021433147397247,1.0035934096616606
CYP,51,0.9883805894005222,1.003374667432815,1.0035934096616606
CYP,52,0.9999430226866384,1.0026801556253981,1.0035934096616606
CYP,53,1.000771621819926,1.0026321096877095,1.0035934096616606
CYP,55T56,1.0009819823753876,1.0036895116002649,1.0035934096616606
CYP,58T60,1.000815038901077,1.0023060664422596,1.0035934096616606
CYP,61,1.0010105274912846,1.0025341042956204,1.0035934096616606
CYP,62T63,0.9972966331623514,1.0017378556688556,1.0035934096616606
CYP,64T66,0.9988883121758173,1.001569796384315,1.0035934096616606
CYP,68,1.0025944104020084,1.0016290870769395,1.0035934096616606
CYP,69T75,1.0010870039120272,1.001744271938303,1.0035934096616606
CYP,77T82,1.0006316688142758,1.0019372560047737,1.0035934096616606
CYP,84,1.003245328468705,1.0021442760140482,1.0035934096616606
CYP,85,1.0032504102746929,1.0016545199957243,1.0035934096616606
CYP,86T88,1.0032116571700938,1.0025490203093403,1.0035934096616606
CYP,90T93,1.0027313228566774,1.002633202351859,1.0035934096616606
CYP,94T98,1.002774945025196,1.0021146969618182,1.0035934096616606
CZE,01T02,1.0014869371149373,1.0051525632495033,1.0064768240471547
CZE,03,0.9982313803943149,1.0074055166915827,1.0064768240471547
CZE,05T06,0.9664444214536133,1.0047719021603427,1.0064768240471547
CZE,07T08,0.9929982828795731,1.0056223559623143,1.0064768240471547
CZE,10T12,1.0029025292726028,1.006833666578185,1.0064768240471547
CZE,13T15,0.9976883416044686,1.0051878668342653,1.0064768240471547
CZE,16,1.000261628040182,1.0065867904927723,1.0064768240471547
CZE,17T18,0.9995356064469424,1.0055905813728765,1.0064768240471547
CZE,19,0.9851279417747102,1.0093257355375622,1.0064768240471547
CZE,20,0.9954782495406981,1.005594991159514,1.0064768240471547
CZE,21,0.9991474936327802,1.0040538221010227,1.0064768240471547
CZE,22,1.005250248981546,1.0052684228363065,1.0064768240471547
CZE,23,0.9895693119066274,1.0075744947223677,1.0064768240471547
CZE,24,0.9934144727850298,1.0079273495297236,1.0064768240471547
CZE,25,1.0031120641380116,1.0054235099322055,1.0064768240471547
CZE,26,1.0025180363336927,1.005243093640613,1.0064768240471547
CZE,27,1.0030476861389774,1.0054773527487832,1.0064768240471547
CZE,28,1.0016390410286777,1.0056209977076604,1.0064768240471547
CZE,29T30,1.0033670782542556,1.0046867338981085,1.0064768240471547
CZE,31T33,1.0042053257928811,1.0043673331418765,1.0064768240471547
CZE,35,0.9668977980715158,1.0094832992793388,1.0064768240471547
CZE,36T39,1.0002783770565513,1.0044903706080772,1.0064768240471547
CZE,41T43,1.0045312186905395,1.0043783825408445,1.0064768240471547
CZE,45T47,1.0013523509663855,1.003308516184363,1.0064768240471547
CZE,49,0.9968880816233843,1.0039486113057756,1.0064768240471547
CZE,50,0.988985078489395,1.0050276861428697,1.0064768240471547
CZE,51,1.0048539802837888,1.0054366721763677,1.0064768240471547
CZE,52,0.9994633443301917,1.0042348994997312,1.0064768240471547
CZE,53,1.00234230661364,1.003066099682643,1.0064768240471547
CZE,55T56,1.00421247628856,1.0040272000817654,1.0064768240471547
CZE,58T60,1.0036728001718727,1.00296357276053,1.0064768240471547
CZE,61,1.0035848792287927,1.0028261015242441,1.0064768240471547
CZE,62T63,1.0036585943261418,1.0022237893081294,1.0064768240471547
CZE,64T66,1.002690596629891,1.0024485783768777,1.0064768240471547
CZE,68,1.0048309933110495,1.0038023803456806,1.0064768240471547
CZE,69T75,1.002184160517269,1.0031457107197959,1.0064768240471547
CZE,77T82,1.0020832759773037,1.0038138250062898,1.0064768240471547
CZE,84,1.0057271989987626,1.0029918060761125,1.0064768240471547
CZE,85,1.0059280308344105,1.002785892147673,1.0064768240471547
CZE,86T88,1.0061608020563075,1.0032822570207538,1.0064768240471547
CZE,90T93,1.0052671169897385,1.0035180309985865,1.0064768240471547
CZE,94T98,1.0049887539437468,1.0031180382613758,1.0064768240471547
DEU,01T02,0.9963786118857028,1.0055445520247017,1.00588596188278
DEU,03,1.0017943783046173,1.0043514967639378,1.00588596188278
DEU,05T06,0.9847976871795615,1.005541090133266,1.00588596188278
DEU,07T08,0.9987578045299047,1.0042349403562572,1.00588596188278
DEU,10T12,1.0038644257949416,1.006975879868446,1.00588596188278
DEU,13T15,1.000909920273934,1.004826309583145,1.00588596188278
DEU,16,1.0029017225624903,1.006722159548239,1.00588596188278
DEU,17T18,1.0010327015886442,1.0052210440065565,1.00588596188278
DEU,19,0.9965645640087862,1.0064106896759637,1.00588596188278
DEU,20,1.0028227964606908,1.0054651481815302,1.00588596188278
DEU,21,1.0018502217148435,1.0043768641419428,1.00588596188278
DEU,22,1.0061059279588709,1.00529123048632,1.00588596188278
DEU,23,1.0026460728605244,1.0057577350028515,1.00588596188278
DEU,24,0.9992971596932235,1.0078500632711118,1.00588596188278
DEU,25,1.0055057833043317,1.005342957549266,1.00588596188278
DEU,26,1.0036033839528016,1.0044019966381184,1.00588596188278
DEU,27,1.0052819109729996,1.0047739222865257,1.00588596188278
DEU,28,1.0038131372475652,1.004727585934237,1.00588596188278
DEU,29T30,1.0038766993400825,1.0046576553413673,1.00588596188278
DEU,31T33,1.0053194186922279,1.0047092298700586,1.00588596188278
DEU,35,0.9886676708012594,1.0069846369600859,1.00588596188278
DEU,36T39,1.0037698925105933,1.0043104106534952,1.00588596188278
DEU,41T43,1.0047843880840164,1.0048527698849563,1.00588596188278
DEU,45T47,1.0022068806089204,1.0041634825610666,1.00588596188278
DEU,49,1.0027099522323029,1.004529868690213,1.00588596188278
DEU,50,1.0071824800524045,1.0061972993234076,1.00588596188278
DEU,51,0.9896692544322098,1.0051258496730855,1.00588596188278
DEU,52,1.0014568727850994,1.004417921766345,1.00588596188278
DEU,53,1.0024010207136655,1.0043712136249705,1.00588596188278
DEU,55T56,1.003837829985297,1.0047349361519098,1.00588596188278
DEU,58T60,1.0024825842589997,1.003932796844017,1.00588596188278
DEU,61,1.003674213111678,1.0040463096256478,1.00588596188278
DEU,62T63,1.0017176875565303,1.0035120076509403,1.00588596188278
DEU,64T66,1.0032420412957912,1.0037202648912742,1.00588596188278
DEU,68,1.004782343776575,1.003734560679263,1.00588596188278
DEU,69T75,1.0026625294333804,1.003798877354483,1.00588596188278
DEU,77T82,1.0031343084444906,1.0040874166402993,1.00588596188278
DEU,84,1.0049147207156173,1.0039509776712159,1.00588596188278
DEU,85,1.0055133426909213,1.0036633057842665,1.00588596188278
DEU,86T88,1.0057328750743708,1.0039857419276703,1.00588596188278
DEU,90T93,1.0048980215153813,1.0039172489484154,1.00588596188278
DEU,94T98,1.0052534452933692,1.0038989766898117,1.00588596188278
DNK,01T02,0.9924476495019408,1.0060404122373707,1.004919979178815
DNK,03,0.9950373865102733,1.0041656678007065,1.004919979178815
DNK,05T06,0.9934360594300666,1.0040131104053933,1.004919979178815
DNK,07T08,0.9976666636141042,1.0053637997686633,1.004919979178815
DNK,10T12,1.0026638624471362,1.0064276932432545,1.004919979178815
DNK,13T15,1.002955656180176,1.0043232792853707,1.004919979178815
DNK,16,1.008412369706362,1.0055077092354066,1.004919979178815
DNK,17T18,1.0058605796783509,1.0043009635345541,1.004919979178815
DNK,19,0.9977278439938034,1.006291134069296,1.004919979178815
DNK,20,1.0103687567519246,1.0045017032839774,1.004919979178815
DNK,21,1.0054514329851099,1.0035934004393654,1.004919979178815
DNK,22,1.0078090827767547,1.0046699098577296,1.004919979178815
DNK,23,0.9994032430865903,1.0053231018844286,1.004919979178815
DNK,24,1.0276662606239555,1.0063074660304403,1.004919979178815
DNK,25,1.0055888808903035,1.0049773393417014,1.004919979178815
DNK,26,1.0037109785239833,1.004011388681465,1.004919979178815
DNK,27,1.0060972194552542,1.0042983617126173,1.004919979178815
DNK,28,1.0037756939416373,1.0044880885694376,1.004919979178815
DNK,29T30,1.0034403594389223,1.0045871716286456,1.004919979178815
DNK,31T33,1.0062813060150455,1.0042422613433448,1.004919979178815
DNK,35,0.9921013848568451,1.0047065881325148,1.004919979178815
DNK,36T39,1.0039383109679787,1.003773072476461,1.004919979178815
DNK,41T43,1.0040776329108303,1.0045077012303696,1.004919979178815
DNK,45T47,1.0023307080105943,1.0036150421577041,1.004919979178815
DNK,49,0.9996773568418102,1.0051443439449645,1.004919979178815
DNK,50,0.9977791851772131,1.0044126182336848,1.004919979178815
DNK,51,0.9996650003815459,1.0042010342369996,1.004919979178815
DNK,52,0.9993585780994212,1.003862871663605,1.004919979178815
DNK,53,1.0021722567726603,1.0038658884679101,1.004919979178815
DNK,55T56,1.0036273438221162,1.0043662760322156,1.004919979178815
DNK,58T60,1.0025953900545579,1.0034644384088212,1.004919979178815
DNK,61,1.002812720262778,1.0036222042368674,1.004919979178815
DNK,62T63,1.0019481854096282,1.0034178090913355,1.004919979178815
DNK,64T66,1.0028550365070723,1.0032764795957338,1.004919979178815
DNK,68,1.0042720016196245,1.0034316280033861,1.004919979178815
DNK,69T75,1.0025263017748474,1.003483241546249,1.004919979178815
DNK,77T82,1.0025056401754244,1.0041279675399142,1.004919979178815
DNK,84,1.0046386955905537,1.0035162808192608,1.004919979178815
DNK,85,1.0047549218001843,1.0034444644278633,1.004919979178815
DNK,86T88,1.0048572887409761,1.003554748143449,1.004919979178815
DNK,90T93,1.0044639049416717,1.0036216193276088,1.004919979178815
DNK,94T98,1.0041427400986342,1.0035095599318282,1.004919979178815
ESP,01T02,1.0086953693573268,1.0048839477181994,1.0054600490669592
ESP,03,0.9997405499281499,1.0044867185091817,1.0054600490669592
ESP,05T06,0.924340190996663,1.003941373427928,1.0054600490669592
ESP,07T08,0.9955024856127899,1.0054398184470499,1.0054600490669592
ESP,10T12,1.0034972802061701,1.0072424271297005,1.0054600490669592
ESP,13T15,1.0023531442866838,1.0044318430627683,1.0054600490669592
ESP,16,1.0029319947664137,1.0053868138345472,1.0054600490669592
ESP,17T18,1.0014518267716612,1.0052372981205069,1.0054600490669592
ESP,19,0.9953931602718271,1.007560185361736,1.0054600490669592
ESP,20,1.000578996112307,1.0061149469617456,1.0054600490669592
ESP,21,0.9996349302375811,1.0048219425399847,1.0054600490669592
ESP,22,1.005309282095112,1.0054725312330433,1.0054600490669592
ESP,23,0.9936726968363772,1.0065374104704683,1.0054600490669592
ESP,24,1.0121458967050385,1.0066040911016958,1.0054600490669592
ESP,25,1.002964153191427,1.006058025704883,1.0054600490669592
ESP,26,1.003303074637177,1.004452664689053,1.0054600490669592
ESP,27,1.0030095656215996,1.0055957461840772,1.0054600490669592
ESP,28,1.0022529698874296,1.0052140648603967,1.0054600490669592
ESP,29T30,1.002651658950396,1.005118390765669,1.0054600490669592
ESP,31T33,1.0049444674353418,1.0044803298265275,1.0054600490669592
ESP,35,0.9938582632288306,1.0061237259321696,1.0054600490669592
ESP,36T39,1.0046243064240616,1.004521068228288,1.0054600490669592
ESP,41T43,1.0045442711908088,1.0048023480075752,1.0054600490669592
ESP,45T47,1.0026639681433263,1.0039731724302814,1.0054600490669592
ESP,49,0.9987069806637406,1.0047367129710665,1.0054600490669592
ESP,50,0.932027844813821,1.0044702131562746,1.0054600490669592
ESP,51,0.9888478081205908,1.0050845475208632,1.0054600490669592
ESP,52,1.0007361154044048,1.0045610510633396,1.0054600490669592
ESP,53,1.0019988086552736,1.0041581861019695,1.0054600490669592
ESP,55T56,1.004147654506823,1.0044579855410738,1.0054600490669592
ESP,58T60,1.001922967963824,1.003880884185382,1.0054600490669592
ESP,61,1.0027802870917097,1.0042631820949381,1.0054600490669592
ESP,62T63,1.001001681072077,1.0038512379013258,1.0054600490669592
ESP,64T66,1.0031841666482169,1.0035174875375108,1.0054600490669592
ESP,68,1.0046591648263719,1.003410374783286,1.0054600490669592
ESP,69T75,1.002504993056421,1.003846665199624,1.0054600490669592
ESP,77T82,1.00195889271489,1.0040079517669034,1.0054600490669592
ESP,84,1.00464096443125,1.0037826949244215,1.0054600490669592
ESP,85,1.0049198832929882,1.003537924545188,1.0054600490669592
ESP,86T88,1.0051655938420903,1.0038298450037832,1.0054600490669592
ESP,90T93,1.0044282994351095,1.0038202717883247,1.0054600490669592
ESP,94T98,1.0046531900087452,1.0036006335925165,1.0054600490669592
EST,01T02,0.9659707850715361,1.006449177994833,1.0038596009922085
EST,03,1.0033274345287073,1.0012821649965937,1.0038596009922085
EST,05T06,0.8967928353082816,1.0030068889155417,1.0038596009922085
EST,07T08,0.9502180079190499,1.0035912418339397,1.0038596009922085
EST,10T12,1.0000191717767557,1.007469771096389,1.0038596009922085
EST,13T15,1.0087257435447459,1.0026304347831132,1.0038596009922085
EST,16,0.9830992463228703,1.009082302938895,1.0038596009922085
EST,17T18,0.995352958964314,1.0070052253338104,1.0038596009922085
EST,19,0.8228872367920292,1.0104328494231325,1.0038596009922085
EST,20,1.0044594937505293,1.0058372703504852,1.0038596009922085
EST,21,1.0096993373391407,1.0015737715961472,1.0038596009922085
EST,22,1.0069634696209637,1.004095829446637,1.0038596009922085
EST,23,0.9961682378318444,1.005512196176664,1.0038596009922085
EST,24,1.0211274615969674,1.0086648321662284,1.0038596009922085
EST,25,1.00415369984206,1.0044533395192197,1.0038596009922085
EST,26,1.0033703322085927,1.0031050187819444,1.0038596009922085
EST,27,1.0079591368557972,1.0030912495064201,1.0038596009922085
EST,28,1.0040580183875745,1.003362907041938,1.0038596009922085
EST,29T30,1.00698895566568,1.0025989094823498,1.0038596009922085
EST,31T33,1.0033776378681176,1.0033830053100372,1.0038596009922085
EST,35,0.9377819923949225,1.0089253284271484,1.0038596009922085
EST,36T39,1.002797504008418,1.004100776193376,1.0038596009922085
EST,41T43,1.0024183632773662,1.0030962158691814,1.0038596009922085
EST,45T47,1.0015453148868556,1.0004507065176373,1.0038596009922085
EST,49,0.9984577109171917,1.0008293133649806,1.0038596009922085
EST,50,0.9961295319698836,1.0017252588490342,1.0038596009922085
EST,51,1.0176666907451302,1.0037011156343,1.0038596009922085
EST,52,0.9989808183941303,1.0024651040432593,1.0038596009922085
EST,53,1.005650623018767,1.0006792067335495,1.0038596009922085
EST,55T56,1.0046848316910748,1.0025862181437368,1.0038596009922085
EST,58T60,1.006829610111998,1.0004598292162037,1.0038596009922085
EST,61,1.0059197936646256,0.9997788774960781,1.0038596009922085
EST,62T63,1.0065471626535594,0.999062728977657,1.0038596009922085
EST,64T66,1.0036866085754577,0.9987924475321759,1.0038596009922085
EST,68,1.0028920955082168,0.9998178078691187,1.0038596009922085
EST,69T75,1.0034343854142393,0.9998627898513858,1.0038596009922085
EST,77T82,1.001967835913714,0.9999881912810089,1.0038596009922085
EST,84,1.0035891520800735,0.9996026192997615,1.0038596009922085
EST,85,1.003736056833604,1.000045380233426,1.0038596009922085
EST,86T88,1.0038169588552932,0.999965502981853,1.0038596009922085
EST,90T93,1.0036224372629643,1.001214211818769,1.0038596009922085
EST,94T98,1.0027722172276814,1.0017865678112814,1.0038596009922085
FIN,01T02,0.9921735412316616,1.0049321036840555,1.0045950933495915
FIN,03,0.9965052321557711,1.0036446694278145,1.0045950933495915
FIN,05T06,0.8775420497850306,1.0056417802183564,1.0045950933495915
FIN,07T08,0.999156068546797,1.0054924208512974,1.0045950933495915
FIN,10T12,1.0033200362388666,1.0066091344527495,1.0045950933495915
FIN,13T15,1.004148200992024,1.0038241976323792,1.0045950933495915
FIN,16,0.9981575400782098,1.0085549306897545,1.0045950933495915
FIN,17T18,0.9942338757439529,1.0066801917043269,1.0045950933495915
FIN,19,0.9985539899471411,1.0046328863776628,1.0045950933495915
FIN,20,0.9992694210707409,1.0057474837076186,1.0045950933495915
FIN,21,1.0047111546788576,1.0027920059625508,1.0045950933495915
FIN,22,1.0051673848846137,1.0051186971594765,1.0045950933495915
FIN,23,1.003826947857337,1.0052459545908123,1.0045950933495915
FIN,24,1.0122354219109397,1.0068678130533377,1.0045950933495915
FIN,25,1.0053288295180793,1.005120203942988,1.0045950933495915
FIN,26,1.0037698384940372,1.0031094937182543,1.0045950933495915
FIN,27,1.0053071452614173,1.00424986208431,1.0045950933495915
FIN,28,1.003713830793593,1.0038151999735634,1.0045950933495915
FIN,29T30,1.0039359542453505,1.004290644722037,1.0045950933495915
FIN,31T33,1.0035108003515711,1.0036089106870163,1.0045950933495915
FIN,35,0.9905252124607025,1.0075271906422476,1.0045950933495915
FIN,36T39,1.0046745573844953,1.003629014512086,1.0045950933495915
FIN,41T43,1.0036863503239108,1.0043244867120684,1.0045950933495915
FIN,45T47,1.0016723522791358,1.0031594219248834,1.0045950933495915
FIN,49,1.000925120816028,1.003446098139297,1.0045950933495915
FIN,50,0.9948050592677403,1.003788627373918,1.0045950933495915
FIN,51,0.9937175256716506,1.003893819574769,1.0045950933495915
FIN,52,1.0005769890722842,1.0038772402750384,1.0045950933495915
FIN,53,1.0018574118572252,1.0033288526168416,1.0045950933495915
FIN,55T56,1.0029223088967165,1.0039903661818828,1.0045950933495915
FIN,58T60,1.0014923742545563,1.0031278470945963,1.0045950933495915
FIN,61,1.0029232730493747,1.0028627326075326,1.0045950933495915
FIN,62T63,1.000561575245731,1.0027402238295873,1.0045950933495915
FIN,64T66,1.0023922439575592,1.0028231246406927,1.0045950933495915
FIN,68,1.0038863951049735,1.002887614038897,1.0045950933495915
FIN,69T75,1.0016763495020153,1.0029123212358775,1.0045950933495915
FIN,77T82,1.0020876782216994,1.0031380339497578,1.0045950933495915
FIN,84,1.0038314363354932,1.0031989791285252,1.0045950933495915
FIN,85,1.0043633919242732,1.0028276853829448,1.0045950933495915
FIN,86T88,1.004473724716652,1.0029474325043217,1.0045950933495915
FIN,90T93,1.0038505798962063,1.0037139411474385,1.0045950933495915
FIN,94T98,1.003821581290587,1.0037676609809798,1.0045950933495915
FRA,01T02,0.9990219758010614,1.0056627826931637,1.0043693060010006
FRA,03,0.9984253760246279,1.0045031820655297,1.0043693060010006
FRA,05T06,0.8344260409516349,1.0034642438190464,1.0043693060010006
FRA,07T08,0.9981215295280077,1.0049097947211854,1.0043693060010006
FRA,10T12,1.0036708509356407,1.0061465892248154,1.0043693060010006
FRA,13T15,1.003131433704409,1.0041144419311907,1.0043693060010006
FRA,16,1.003376557326387,1.0059040431876936,1.0043693060010006
FRA,17T18,1.0032250098194946,1.0042976843357478,1.0043693060010006
FRA,19,1.0014574619333014,1.005942806148146,1.0043693060010006
FRA,20,1.004025366895947,1.0047857495744077,1.0043693060010006
FRA,21,1.00222652743233,1.0040079644539721,1.0043693060010006
FRA,22,1.007071367167256,1.0047093114440901,1.0043693060010006
FRA,23,1.0017511702935125,1.0052151933775473,1.0043693060010006
FRA,24,0.9930817342123499,1.005934225149246,1.0043693060010006
FRA,25,1.0049468941249986,1.0050531772870614,1.0043693060010006
FRA,26,1.0032868413410225,1.004102308463244,1.0043693060010006
FRA,27,1.0048061356486355,1.0047408655228331,1.0043693060010006
FRA,28,1.003305581795802,1.004602862490055,1.0043693060010006
FRA,29T30,1.003812313913877,1.0044225081555436,1.0043693060010006
FRA,31T33,1.005440756605735,1.0043509787975287,1.0043693060010006
FRA,35,1.0018170099936676,1.0052743156200405,1.0043693060010006
FRA,36T39,1.0028521942121433,1.0040496993368686,1.0043693060010006
FRA,41T43,1.0040851809262712,1.0045088063734722,1.0043693060010006
FRA,45T47,1.0024144458327748,1.0036379498037618,1.0043693060010006
FRA,49,1.0028353959427583,1.003823599846106,1.0043693060010006
FRA,50,1.002382876211281,1.0049388079594592,1.0043693060010006
FRA,51,0.9955815734520611,1.0045316129004787,1.0043693060010006
FRA,52,1.002366298639489,1.0036227810768776,1.0043693060010006
FRA,53,1.002802142394273,1.0034406750232514,1.0043693060010006
FRA,55T56,1.0035210287994285,1.0041877752379593,1.0043693060010006
FRA,58T60,1.0022401718504772,1.0038283057823625,1.0043693060010006
FRA,61,1.0025392604274963,1.003613095224145,1.0043693060010006
FRA,62T63,1.002802050095428,1.0033966996849024,1.0043693060010006
FRA,64T66,1.0026292045971226,1.0034218681181575,1.0043693060010006
FRA,68,1.0038883029096697,1.0033037011805699,1.0043693060010006
FRA,69T75,1.002743085447786,1.0035198874608962,1.0043693060010006
FRA,77T82,1.0025026925474325,1.0035015785339714,1.0043693060010006
FRA,84,1.0040923727610704,1.003482448366449,1.0043693060010006
FRA,85,1.003998134639741,1.0034370547664837,1.0043693060010006
FRA,86T88,1.0042339530997777,1.003464514755564,1.0043693060010006
FRA,90T93,1.0038159093869525,1.0037327933108469,1.0043693060010006
FRA,94T98,1.0038183336856228,1.0035640653924598,1.0043693060010006
GBR,01T02,0.9957819702295793,1.005808773015434,1.0037658347543577
GBR,03,0.9994100238827003,1.004265801888615,1.0037658347543577
GBR,05T06,0.9900469235551912,1.0037358353384291,1.0037658347543577
GBR,07T08,1.002376978096794,1.0047880066702168,1.0037658347543577
GBR,10T12,1.0038687171116307,1.0059280203974201,1.0037658347543577
GBR,13T15,1.0041768305546293,1.0033280486553633,1.0037658347543577
GBR,16,1.0059209707324306,1.0054212220096708,1.0037658347543577
GBR,17T18,1.003700910721364,1.0041124111142021,1.0037658347543577
GBR,19,0.9941452756379763,1.0061512306146603,1.0037658347543577
GBR,20,1.0027722144785505,1.0046828476974812,1.0037658347543577
GBR,21,1.0042115294351506,1.0034709229491479,1.0037658347543577
GBR,22,1.004700518458306,1.0046093241682135,1.0037658347543577
GBR,23,1.0031441533430712,1.0044845023188946,1.0037658347543577
GBR,24,1.0011274243237611,1.005805548257118,1.0037658347543577
GBR,25,1.0056991326477078,1.0042520570826696,1.0037658347543577
GBR,26,1.0033114422293938,1.003404446190808,1.0037658347543577
GBR,27,1.0055552296921906,1.0041502873530508,1.0037658347543577
GBR,28,1.0031965244059329,1.0040365335612396,1.0037658347543577
GBR,29T30,1.0037976160508306,1.0042472452504214,1.0037658347543577
GBR,31T33,1.0041088642181575,1.0037297991525462,1.0037658347543577
GBR,35,0.9965855871344805,1.0072829988981895,1.0037658347543577
GBR,36T39,1.003031583328528,1.003206330783193,1.0037658347543577
GBR,41T43,1.0033178321277376,1.0036453725366246,1.0037658347543577
GBR,45T47,1.0024736321706273,1.0031775804361058,1.0037658347543577
GBR,49,1.001565134218685,1.003427674984525,1.0037658347543577
GBR,50,1.005787693060943,1.0037200420022756,1.0037658347543577
GBR,51,0.9860986369641137,1.0051353636914533,1.0037658347543577
GBR,52,1.0020042777717282,1.0036313046155165,1.0037658347543577
GBR,53,1.002179064526143,1.0030615389569684,1.0037658347543577
GBR,55T56,1.0033494240699172,1.0035068541876482,1.0037658347543577
GBR,58T60,1.0027829383464495,1.003022564295861,1.0037658347543577
GBR,61,1.0023781961083502,1.0028569761716204,1.0037658347543577
GBR,62T63,1.0021529445494641,1.002850183899769,1.0037658347543577
GBR,64T66,1.0014105671816815,1.0029696831259312,1.0037658347543577
GBR,68,1.0034839860914337,1.0027403805291049,1.0037658347543577
GBR,69T75,1.0018844380760221,1.0029743691694146,1.0037658347543577
GBR,77T82,1.0019742439486057,1.0032437343035616,1.0037658347543577
GBR,84,1.0035079126825166,1.0030516511918746,1.0037658347543577
GBR,85,1.0033830403010264,1.0028962461235118,1.0037658347543577
GBR,86T88,1.0036370519171425,1.003059433601567,1.0037658347543577
GBR,90T93,1.0032174988767657,1.003097800331229,1.0037658347543577
GBR,94T98,1.0035280571681209,1.0028617161140312,1.0037658347543577
GRC,01T02,1.0071984921201202,1.0044940238592068,1.0055250141259873
GRC,03,1.004731805917539,1.0023881754777109,1.0055250141259873
GRC,05T06,0.8581194789494144,1.0038497974359486,1.0055250141259873
GRC,07T08,0.9940764395601246,1.0050118088893663,1.0055250141259873
GRC,10T12,1.0047778729311387,1.0059783475221113,1.0055250141259873
GRC,13T15,1.000437487977869,1.0045313879699562,1.0055250141259873
GRC,16,1.0047684319959225,1.0048201459979373,1.0055250141259873
GRC,17T18,1.0041633323239596,1.003939225060769,1.0055250141259873
GRC,19,0.9885561638576351,1.0068802828208072,1.0055250141259873
GRC,20,1.003933081155147,1.0044262570006257,1.0055250141259873
GRC,21,1.0057922698403123,1.0036517950401551,1.0055250141259873
GRC,22,1.00371977713723,1.0050903441473276,1.0055250141259873
GRC,23,0.9592906537360112,1.0090419452471582,1.0055250141259873
GRC,24,0.9942971042484423,1.0107921332209295,1.0055250141259873
GRC,25,1.0015010788088896,1.0059373590989142,1.0055250141259873
GRC,26,1.0040810902975394,1.0039094615184745,1.0055250141259873
GRC,27,0.9980775087416499,1.0077950618723848,1.0055250141259873
GRC,28,1.0024627858528747,1.0049302131009359,1.0055250141259873
GRC,29T30,1.0041423158739764,1.0040148854671118,1.0055250141259873
GRC,31T33,1.0045607792398699,1.0042262185048925,1.0055250141259873
GRC,35,0.9787606312041832,1.0087532900480527,1.0055250141259873
GRC,36T39,1.0043640110556615,1.0078167836520837,1.0055250141259873
GRC,41T43,1.0045365632208645,1.006903225454136,1.0055250141259873
GRC,45T47,1.0021773725742034,1.0026495805899502,1.0055250141259873
GRC,49,1.0019489977904728,1.003535431800211,1.0055250141259873
GRC,50,0.9726975585760113,1.0093884466751684,1.0055250141259873
GRC,51,1.0033148644651897,1.004217597622166,1.0055250141259873
GRC,52,0.998019265191254,1.0039766777722807,1.0055250141259873
GRC,53,1.001899519748056,1.0030468652525668,1.0055250141259873
GRC,55T56,1.0040899404334862,1.003781941827122,1.0055250141259873
GRC,58T60,1.0030124786167447,1.0031442946152709,1.0055250141259873
GRC,61,1.0043120929906866,1.0026034407625843,1.0055250141259873
GRC,62T63,1.0033981875303464,1.0023674244767011,1.0055250141259873
GRC,64T66,1.0031735709152179,1.001796928310502,1.0055250141259873
GRC,68,1.00400236464272,1.0018239119572756,1.0055250141259873
GRC,69T75,1.0017572114541344,1.0023101421549971,1.0055250141259873
GRC,77T82,1.0034919290033129,1.0028669486263082,1.0055250141259873
GRC,84,1.0051206074072587,1.0021300865309803,1.0055250141259873
GRC,85,1.0052506149330713,1.001962150420465,1.0055250141259873
GRC,86T88,1.0053032606376395,1.0027047640920987,1.0055250141259873
GRC,90T93,1.0046067134844772,1.0028662114603433,1.0055250141259873
GRC,94T98,1.0045743265152514,1.0032175632823042,1.0055250141259873
HRV,01T02,0.9926398641099876,1.0053134898129166,1.0050161177915509
HRV,03,1.0007131648796912,1.0053744146374057,1.0050161177915509
HRV,05T06,0.9447431968613608,1.008583392075861,1.0050161177915509
HRV,07T08,0.9982053282211872,1.0053131333100227,1.0050161177915509
HRV,10T12,1.0021813435610627,1.0060039160420444,1.0050161177915509
HRV,13T15,1.0025946746292682,1.0043469758109438,1.0050161177915509
HRV,16,1.0029224415774796,1.005292403196133,1.0050161177915509
HRV,17T18,1.0003162019597913,1.004641656762743,1.0050161177915509
HRV,19,0.9953288539006414,1.0067432919328547,1.0050161177915509
HRV,20,0.9397634108433731,1.0065200397414487,1.0050161177915509
HRV,21,1.0003910718561624,1.004068480969632,1.0050161177915509
HRV,22,1.003698008690306,1.005232604818808,1.0050161177915509
HRV,23,0.9761193708466128,1.0050852195378652,1.0050161177915509
HRV,24,1.0134754115005449,1.0056529114958843,1.0050161177915509
HRV,25,1.005124283312751,1.00416156118874,1.0050161177915509
HRV,26,1.0045981826943544,1.0029776260700705,1.0050161177915509
HRV,27,1.0052544933242187,1.0043178641861414,1.0050161177915509
HRV,28,1.0046760229384053,1.0039523696707815,1.0050161177915509
HRV,29T30,1.0032664520686625,1.0042223656558333,1.0050161177915509
HRV,31T33,1.0041557324231334,1.0049784025053974,1.0050161177915509
HRV,35,1.0018520750725532,1.0040330188416358,1.0050161177915509
HRV,36T39,1.0030136045249207,1.0038521096755542,1.0050161177915509
HRV,41T43,1.002785752120364,1.0053790950363186,1.0050161177915509
HRV,45T47,1.0020067752820605,1.0036591821901133,1.0050161177915509
HRV,49,1.0006949345608422,1.0034937550193455,1.0050161177915509
HRV,50,0.966048396083312,1.0059498022910436,1.0050161177915509
HRV,51,1.0150356736900088,1.0036392391902027,1.0050161177915509
HRV,52,1.0017906691697007,1.0042932769500712,1.0050161177915509
HRV,53,1.0025814335333103,1.00316905923744,1.0050161177915509
HRV,55T56,1.0043997274640122,1.003601453547977,1.0050161177915509
HRV,58T60,1.002026072277512,1.0030021397296942,1.0050161177915509
HRV,61,1.0038904633304397,1.0028719273511142,1.0050161177915509
HRV,62T63,1.0021384675913925,1.0027710158808816,1.0050161177915509
HRV,64T66,1.0023636670612193,1.0024632558265545,1.0050161177915509
HRV,68,1.0042789365983145,1.0035170422578275,1.0050161177915509
HRV,69T75,1.001984959073506,1.0032114104487053,1.0050161177915509
HRV,77T82,1.0028662739354621,1.0034384890541868,1.0050161177915509
HRV,84,1.0044622600639777,1.0031375928661623,1.0050161177915509
HRV,85,1.0044988908907628,1.0025895726049812,1.0050161177915509
HRV,86T88,1.0046237794415374,1.0032940559949015,1.0050161177915509
HRV,90T93,1.0039725929840986,1.0033700543568593,1.0050161177915509
HRV,94T98,1.0037082923218599,1.003314261706981,1.0050161177915509
HUN,01T02,0.9864624711491756,1.0060193505191037,1.0052362599284412
HUN,03,1.000729696319484,1.0048932852628643,1.0052362599284412
HUN,05T06,0.9164075231433567,1.0071746606577745,1.0052362599284412
HUN,07T08,0.9950741180972599,1.008351963464667,1.0052362599284412
HUN,10T12,0.9995120105874233,1.007965787860942,1.0052362599284412
HUN,13T15,1.0039143505763855,1.0038465830983117,1.0052362599284412
HUN,16,1.0001966959765731,1.005905002765799,1.0052362599284412
HUN,17T18,1.0000748609157877,1.0044409518107138,1.0052362599284412
HUN,19,0.9983910107285607,1.0058002066886413,1.0052362599284412
HUN,20,0.986922636337908,1.0058435856391694,1.0052362599284412
HUN,21,1.0004337788810607,1.0036137415911839,1.0052362599284412
HUN,22,1.004780155383972,1.0053298157858495,1.0052362599284412
HUN,23,0.9970814119407745,1.0062354527851551,1.0052362599284412
HUN,24,1.009405123416288,1.0067219890818815,1.0052362599284412
HUN,25,1.0040729557964583,1.0052915242676645,1.0052362599284412
HUN,26,1.0037969489825225,1.00389397707196,1.0052362599284412
HUN,27,1.0039718526424024,1.0050895926890469,1.0052362599284412
HUN,28,1.0034326368944462,1.004473423779801,1.0052362599284412
HUN,29T30,1.004370547283153,1.0042906679797623,1.0052362599284412
HUN,31T33,1.0060333679086706,1.003694816365666,1.0052362599284412
HUN,35,0.9703884121158177,1.004633185765995,1.0052362599284412
HUN,36T39,1.0030917528659364,1.0036755313591212,1.0052362599284412
HUN,41T43,1.0041624241164533,1.0047237261486022,1.0052362599284412
HUN,45T47,1.000961635488382,1.0033615282992485,1.0052362599284412
HUN,49,0.998096849828914,1.0034390707578613,1.0052362599284412
HUN,50,0.9757264966330118,1.004240914678596,1.0052362599284412
HUN,51,0.9890156499794008,1.0041882219579088,1.0052362599284412
HUN,52,1.0008426481235293,1.0029984650437884,1.0052362599284412
HUN,53,1.0031777424126782,1.002634586011149,1.0052362599284412
HUN,55T56,1.0036133946342791,1.00429398997042,1.0052362599284412
HUN,58T60,1.003378441352993,1.0026627175091645,1.0052362599284412
HUN,61,1.0041445690845323,1.0023158707884212,1.0052362599284412
HUN,62T63,1.0027090570961663,1.0020807540768877,1.0052362599284412
HUN,64T66,1.002793397659732,1.0020568182047291,1.0052362599284412
HUN,68,1.0039612609489292,1.0023712610204503,1.0052362599284412
HUN,69T75,1.002563839844736,1.0025170381213653,1.0052362599284412
HUN,77T82,1.0017698077362287,1.0028712701526556,1.0052362599284412
HUN,84,1.0047312514164135,1.0023519850663876,1.0052362599284412
HUN,85,1.0048969194610478,1.0022363674847634,1.0052362599284412
HUN,86T88,1.004892138456159,1.0027457107879192,1.0052362599284412
HUN,90T93,1.0043192685190847,1.0030300928064608,1.0052362599284412
HUN,94T98,1.003920104165351,1.002622199249146,1.0052362599284412
IDN,01T02,0.9266722384586766,0.9969246255622414,1.0032607359222778
IDN,03,1.002079690580122,0.9916174945692551,1.0032607359222778
IDN,05T06,0.9684382130139322,0.9973910181883089,1.0032607359222778
IDN,07T08,1.0053110761104525,0.9940797168127088,1.0032607359222778
IDN,10T12,0.9925701605656665,1.0166120428163,1.0032607359222778
IDN,13T15,1.020632879803783,0.9969134519366247,1.0032607359222778
IDN,16,0.9886278175846585,1.0121034334944707,1.0032607359222778
IDN,17T18,1.0019645561974566,1.000342453510611,1.0032607359222778
IDN,19,0.9901000510503237,1.0029683558224538,1.0032607359222778
IDN,20,0.982729992897182,1.0028494528985072,1.0032607359222778
IDN,21,0.9969695488333168,1.003774140412222,1.0032607359222778
IDN,22,0.9787126027291108,1.013443872904843,1.0032607359222778
IDN,23,0.9564341000836243,1.0032436489733034,1.0032607359222778
IDN,24,1.0294786975629053,0.9974066329705908,1.0032607359222778
IDN,25,1.0035314065084127,1.0012228715709652,1.0032607359222778
IDN,26,1.0065394788433086,1.000243167961893,1.0032607359222778
IDN,27,1.0112329665384143,1.0000365850861694,1.0032607359222778
IDN,28,1.005477330688334,1.002085219534661,1.0032607359222778
IDN,29T30,1.0111553698965505,0.996300354894839,1.0032607359222778
IDN,31T33,0.9933928424083889,1.000475942038132,1.0032607359222778
IDN,35,0.9395522940293844,1.0221777490435817,1.0032607359222778
IDN,36T39,1.0016179281000863,0.9979707243359552,1.0032607359222778
IDN,41T43,1.0014750754499715,1.0003682378802852,1.0032607359222778
IDN,45T47,1.0014740993766815,0.9940227971626809,1.0032607359222778
IDN,49,0.9955244795075364,0.9945804666285429,1.0032607359222778
IDN,50,0.9726257755837939,0.9987350856567064,1.0032607359222778
IDN,51,1.0025750352880143,0.996063679210919,1.0032607359222778
IDN,52,1.001448742564142,0.9961677514201415,1.0032607359222778
IDN,53,1.0040132230471908,0.9963694577154986,1.0032607359222778
IDN,55T56,1.002714419581753,1.0038198568651324,1.0032607359222778
IDN,58T60,1.004169396810226,0.9968794926737012,1.0032607359222778
IDN,61,1.001608256548893,0.9930117608471952,1.0032607359222778
IDN,62T63,1.0043246309103524,0.9971861476970726,1.0032607359222778
IDN,64T66,0.9970689483999212,0.9913133899986282,1.0032607359222778
IDN,68,1.0031944340522128,0.9921219932102834,1.0032607359222778
IDN,69T75,1.0239734977725314,0.9929965521891135,1.0032607359222778
IDN,77T82,0.9996887163195892,0.9927946532913342,1.0032607359222778
IDN,84,1.002394911737559,0.9955945418084816,1.0032607359222778
IDN,85,1.003211956958893,0.9933700072251376,1.0032607359222778
IDN,86T88,1.0027958792110414,0.9981127862470478,1.0032607359222778
IDN,90T93,1.0057112119604428,0.995311650626448,1.0032607359222778
IDN,94T98,1.0025451266679555,0.9933722581287393,1.0032607359222778
IND,01T02,0.9902376818245459,0.9996429608915626,1.0057191884674668
IND,03,1.005382041065375,0.9973733356628638,1.0057191884674668
IND,05T06,0.9638916370885707,1.0004982381897112,1.0057191884674668
IND,07T08,0.9562008546397124,1.002819118428143,1.0057191884674668
IND,10T12,1.004013367404015,1.007249766448441,1.0057191884674668
IND,13T15,1.0017617862064068,1.0041319782120535,1.0057191884674668
IND,16,0.9986520147077942,1.0030003096495013,1.0057191884674668
IND,17T18,0.9964052528736432,1.0041804889131192,1.0057191884674668
IND,19,0.987760321313483,1.004445505799321,1.0057191884674668
IND,20,0.9928386070094603,1.0042899229946842,1.0057191884674668
IND,21,1.0027568254763966,1.000775014206508,1.0057191884674668
IND,22,0.9813822454612321,1.0053911041705432,1.0057191884674668
IND,23,0.973790025278587,1.0054589757354977,1.0057191884674668
IND,24,0.9404332507438292,1.0096011809188012,1.0057191884674668
IND,25,0.9911894333985223,1.0092669488556167,1.0057191884674668
IND,26,0.9987050245439565,1.008769402842415,1.0057191884674668
IND,27,0.9957478421809406,1.0128628288421846,1.0057191884674668
IND,28,0.9979535682958279,1.00919965469022,1.0057191884674668
IND,29T30,1.000052861158144,1.0114505658654576,1.0057191884674668
IND,31T33,0.9658290053372233,1.0066585002724477,1.0057191884674668
IND,35,0.9363743608086499,1.0026032667180977,1.0057191884674668
IND,36T39,0.9943407474945548,1.0021135830673868,1.0057191884674668
IND,41T43,1.0041568384370014,1.0069468560256152,1.0057191884674668
IND,45T47,0.9995428476154058,0.9987738111721836,1.0057191884674668
IND,49,0.9943866896681269,1.0016344327420232,1.0057191884674668
IND,50,0.9780071648486428,1.0036553838404152,1.0057191884674668
IND,51,0.9842334852928215,1.0067848558250483,1.0057191884674668
IND,52,0.9923670427098849,1.0038264978892402,1.0057191884674668
IND,53,0.9953955431415145,0.9997672996077019,1.0057191884674668
IND,55T56,1.0010844021199137,1.0059207634074052,1.0057191884674668
IND,58T60,1.0020987430731194,1.0024597377325348,1.0057191884674668
IND,61,0.9980306976079569,1.007434966914282,1.0057191884674668
IND,62T63,1.009065029144524,0.9982124260731439,1.0057191884674668
IND,64T66,1.0007135380380516,1.0010803830707788,1.0057191884674668
IND,68,1.0050012970827202,0.9976130786461019,1.0057191884674668
IND,69T75,1.0017932902118032,1.0008062849692816,1.0057191884674668
IND,77T82,0.9970069512295416,0.9998929205046252,1.0057191884674668
IND,84,1.0055885373701494,0.9993580263307037,1.0057191884674668
IND,85,1.005377260535457,0.9977059447370896,1.0057191884674668
IND,86T88,1.0056187548123776,0.998810600922258,1.0057191884674668
IND,90T93,1.0053074953578953,1.0001549299648045,1.0057191884674668
IND,94T98,1.0048798882284093,1.001814965916154,1.0057191884674668
IRL,01T02,0.9566012828048638,1.0063783995728723,1.007050960021367
IRL,03,0.9978773883047738,1.006170273578833,1.007050960021367
IRL,05T06,0.8829054316083302,1.0068418260435175,1.007050960021367
IRL,07T08,0.9962006227203954,1.006520604965586,1.007050960021367
IRL,10T12,1.0013706668934448,1.0065354071122496,1.007050960021367
IRL,13T15,1.0001117323618685,1.0036051932558196,1.007050960021367
IRL,16,0.9979642339076306,1.0073950875900484,1.007050960021367
IRL,17T18,1.0056643034111006,1.0035492038886369,1.007050960021367
IRL,19,1.0069889763532631,1.004140405606407,1.007050960021367
IRL,20,1.0116175260703706,1.003942641379991,1.007050960021367
IRL,21,1.0064717086005872,1.003337166731953,1.007050960021367
IRL,22,1.0103905288094726,1.0040716143522923,1.007050960021367
IRL,23,0.9920242316628156,1.005272122678172,1.007050960021367
IRL,24,1.001279558991046,1.0051869607179116,1.007050960021367
IRL,25,1.0083589371460506,1.004037290698788,1.007050960021367
IRL,26,1.0021458135184036,1.0037477231866303,1.007050960021367
IRL,27,1.0062308052331865,1.0043409406523205,1.007050960021367
IRL,28,1.0028065992093937,1.0037752268014488,1.007050960021367
IRL,29T30,1.0041377020519104,1.0043726509363966,1.007050960021367
IRL,31T33,1.0093071024112203,1.0034647831043497,1.007050960021367
IRL,35,0.992297535458595,1.003984836871475,1.007050960021367
IRL,36T39,1.0049763802443772,1.0036920617005196,1.007050960021367
IRL,41T43,1.004942838686435,1.0045961008274602,1.007050960021367
IRL,45T47,1.0005165948466792,1.0034881572134344,1.007050960021367
IRL,49,1.0039605362298605,1.0035414756818934,1.007050960021367
IRL,50,0.9982118898398311,1.005812428797875,1.007050960021367
IRL,51,0.9262519047141797,1.004224214003559,1.007050960021367
IRL,52,1.0003280063265687,1.0037241801509857,1.007050960021367
IRL,53,1.0024917432833669,1.0033111377378712,1.007050960021367
IRL,55T56,1.0056394109813651,1.00358495829023,1.007050960021367
IRL,58T60,1.0028263739073133,1.00319704463301,1.007050960021367
IRL,61,1.0025680069144975,1.0033316371207421,1.007050960021367
IRL,62T63,1.0010148066490838,1.0033917943576525,1.007050960021367
IRL,64T66,1.0000306267281076,1.0031541008998297,1.007050960021367
IRL,68,1.00358836267283,1.0030848236936611,1.007050960021367
IRL,69T75,1.0012434860796726,1.0032650118881041,1.007050960021367
IRL,77T82,1.0002836036569107,1.0033442320182502,1.007050960021367
IRL,84,1.0064208715389715,1.0034170555868362,1.007050960021367
IRL,85,1.006440205946038,1.003150198198174,1.007050960021367
IRL,86T88,1.0067362333556016,1.0032309357617475,1.007050960021367
IRL,90T93,1.0042763184260977,1.0035047797493417,1.007050960021367
IRL,94T98,1.0047826762139913,1.0033639090442774,1.007050960021367
ISL,01T02,1.0073028936877402,1.0034914903950811,1.0032492898470609
ISL,03,0.999466409912879,1.0034844359963953,1.0032492898470609
ISL,05T06,1.0038923546339817,1.003412381448109,1.0032492898470609
ISL,07T08,1.0048172507587951,1.0033572484939293,1.0032492898470609
ISL,10T12,1.009962132238501,1.003353898953468,1.0032492898470609
ISL,13T15,1.0046794755544302,1.0034528883544844,1.0032492898470609
ISL,16,1.0140344759430435,1.0037043917255029,1.0032492898470609
ISL,17T18,1.0054076718920189,1.0034772674955652,1.0032492898470609
ISL,19,1.0067679329360624,1.0033553066390282,1.0032492898470609
ISL,20,1.0076164601618984,1.003452753971168,1.0032492898470609
ISL,21,1.0036755217207973,1.0035839150486123,1.0032492898470609
ISL,22,1.0094705024211494,1.0035342595185106,1.0032492898470609
ISL,23,1.0054907030839655,1.0035317233438028,1.0032492898470609
ISL,24,1.0047247389172478,1.0040649930254952,1.0032492898470609
ISL,25,1.0070250630329933,1.00363976059216,1.0032492898470609
ISL,26,1.0038962211161229,1.003600186861839,1.0032492898470609
ISL,27,1.0071848272232322,1.0038177893772124,1.0032492898470609
ISL,28,1.00473994968172,1.003584660524393,1.0032492898470609
ISL,29T30,1.0047525099306458,1.0036508677390772,1.0032492898470609
ISL,31T33,1.00546466152266,1.0035716844368625,1.0032492898470609
ISL,35,1.0038276940700215,1.0034367023833919,1.0032492898470609
ISL,36T39,1.0041935119551735,1.003451039842663,1.0032492898470609
ISL,41T43,1.0032434909221615,1.0036140203820543,1.0032492898470609
ISL,45T47,1.0028459714787559,1.0033813333985426,1.0032492898470609
ISL,49,1.0036779891502683,1.0035484517909137,1.0032492898470609
ISL,50,1.0025913646522093,1.0037425695569513,1.0032492898470609
ISL,51,0.9979510444284301,1.00357162702341,1.0032492898470609
ISL,52,1.0014864094537663,1.0033536423923224,1.0032492898470609
ISL,53,1.0028437748694383,1.0033405378598845,1.0032492898470609
ISL,55T56,1.004404755069998,1.0033940352533626,1.0032492898470609
ISL,58T60,1.0012799716295284,1.0033094497824138,1.0032492898470609
ISL,61,1.001778654864435,1.0032966303350666,1.0032492898470609
ISL,62T63,1.0016891208956282,1.0032373845915583,1.0032492898470609
ISL,64T66,1.0022905706381506,1.003203707761331,1.0032492898470609
ISL,68,1.0029907048120428,1.003272993515421,1.0032492898470609
ISL,69T75,1.0028274704571694,1.0032638281423998,1.0032492898470609
ISL,77T82,1.0032018299337808,1.0033779598208106,1.0032492898470609
ISL,84,1.003233652151488,1.0032824464711942,1.0032492898470609
ISL,85,1.00321044041745,1.0032794918936612,1.0032492898470609
ISL,86T88,1.003233981530833,1.0033092635319298,1.0032492898470609
ISL,90T93,1.0030644822191748,1.0032894348433783,1.0032492898470609
ISL,94T98,1.0030655645695281,1.003273501827946,1.0032492898470609
ISR,01T02,1.012380906620814,1.0064981698821642,1.0051390250105632
ISR,03,1.0035950094902084,1.0049038361683842,1.0051390250105632
ISR,05T06,0.8982577049140106,1.004665784071301,1.0051390250105632
ISR,07T08,0.9970647611431884,1.0041039422720257,1.0051390250105632
ISR,10T12,1.0048174766493567,1.0056853456111445,1.0051390250105632
ISR,13T15,1.0008034685503686,1.0043081116044505,1.0051390250105632
ISR,16,1.0075326850395685,1.0045893857606236,1.0051390250105632
ISR,17T18,1.0049944662935415,1.0043095165336111,1.0051390250105632
ISR,19,0.9969314629297288,1.0063785439471218,1.0051390250105632
ISR,20,1.00644939309159,1.0046402787980786,1.0051390250105632
ISR,21,1.004539814343329,1.0041394717230478,1.0051390250105632
ISR,22,0.9973605417682742,1.0048809363232327,1.0051390250105632
ISR,23,1.0009453428490769,1.005507373607875,1.0051390250105632
ISR,24,1.0237271231191514,1.0075928174578772,1.0051390250105632
ISR,25,1.0073073003630826,1.0048212009067905,1.0051390250105632
ISR,26,1.0042698324847237,1.003786302496062,1.0051390250105632
ISR,27,1.0066394773192398,1.004435914091801,1.0051390250105632
ISR,28,1.00465258747634,1.0044281660226861,1.0051390250105632
ISR,29T30,1.0041120485282373,1.0045704868696876,1.0051390250105632
ISR,31T33,0.997733374143753,1.0038856293290706,1.0051390250105632
ISR,35,0.9814643572250444,1.0059556059601635,1.0051390250105632
ISR,36T39,1.0046977861819566,1.0045293038758207,1.0051390250105632
ISR,41T43,1.0048862571751398,1.004623910798207,1.0051390250105632
ISR,45T47,1.0022841319865157,1.0035186504716056,1.0051390250105632
ISR,49,1.0018789621692124,1.0039928593073708,1.0051390250105632
ISR,50,0.9962776955423822,1.005425383109114,1.0051390250105632
ISR,51,1.0066235035552737,1.0045881366416891,1.0051390250105632
ISR,52,0.9984643063378348,1.003968279229113,1.0051390250105632
ISR,53,1.003537588433175,1.0036063280527188,1.0051390250105632
ISR,55T56,1.0033872602738763,1.0047163190709023,1.0051390250105632
ISR,58T60,1.0018092235274745,1.0035566278877779,1.0051390250105632
ISR,61,1.0035126345508953,1.00332965273223,1.0051390250105632
ISR,62T63,0.9993807295218479,1.0032184468774001,1.0051390250105632
ISR,64T66,1.0020149591056737,1.0034122225529858,1.0051390250105632
ISR,68,1.0046135669580465,1.0032343194820643,1.0051390250105632
ISR,69T75,1.003032816055638,1.003473573231556,1.0051390250105632
ISR,77T82,1.0033020342072498,1.0032170375820801,1.0051390250105632
ISR,84,1.004963509433734,1.0040225529162015,1.0051390250105632
ISR,85,1.005008019981437,1.0034239487840029,1.0051390250105632
ISR,86T88,1.0050107628626148,1.0035474478042687,1.0051390250105632
ISR,90T93,1.004606410179139,1.0032956415281098,1.0051390250105632
ISR,94T98,1.0040348131549357,1.0041605654476033,1.0051390250105632
ITA,01T02,1.0077468093543724,1.0053175592121448,1.0058002130884554
ITA,03,1.0003164270298308,1.0050840221799722,1.0058002130884554
ITA,05T06,0.9896677743299148,1.0050425277038881,1.0058002130884554
ITA,07T08,1.0016496448377423,1.004006605577754,1.0058002130884554
ITA,10T12,1.0050539178930495,1.0064348065653677,1.0058002130884554
ITA,13T15,1.0022754359890924,1.0046547065420843,1.0058002130884554
ITA,16,1.0050391454388754,1.0055488621531714,1.0058002130884554
ITA,17T18,1.002880793359105,1.0051427991621449,1.0058002130884554
ITA,19,0.9994939788954574,1.0066791695109774,1.0058002130884554
ITA,20,1.0040975351054209,1.006059107738881,1.0058002130884554
ITA,21,1.0020479758790977,1.0050399780321677,1.0058002130884554
ITA,22,1.0055132769810864,1.005713337981762,1.0058002130884554
ITA,23,1.00202909929195,1.0065625536066312,1.0058002130884554
ITA,24,1.0129099710967493,1.0075978249384767,1.0058002130884554
ITA,25,1.0036688470232948,1.0055727021556404,1.0058002130884554
ITA,26,1.0030109132019085,1.0050838049282007,1.0058002130884554
ITA,27,1.0031587331842784,1.005592677669247,1.0058002130884554
ITA,28,1.002569071132701,1.0051946506222038,1.0058002130884554
ITA,29T30,1.0029071672254375,1.0051338598556967,1.0058002130884554
ITA,31T33,1.0052582206753768,1.0050764072042404,1.0058002130884554
ITA,35,0.9927097240284218,1.0087099282380538,1.0058002130884554
ITA,36T39,1.0050083799038276,1.0049919934517975,1.0058002130884554
ITA,41T43,1.0051340579881183,1.0048921543735592,1.0058002130884554
ITA,45T47,1.0023618774201013,1.0044462536815117,1.0058002130884554
ITA,49,1.0018177224033489,1.0049627971662582,1.0058002130884554
ITA,50,0.9814033513995802,1.0050035593210216,1.0058002130884554
ITA,51,1.0015324249183999,1.0048334353091124,1.0058002130884554
ITA,52,1.0022137765545307,1.004781506217632,1.0058002130884554
ITA,53,1.001879336912252,1.0056711352441805,1.0058002130884554
ITA,55T56,1.0043184532643474,1.0048707450801169,1.0058002130884554
ITA,58T60,1.0018363193178703,1.0043353810785032,1.0058002130884554
ITA,61,1.0029296401269243,1.0041917484848575,1.0058002130884554
ITA,62T63,1.002904955201594,1.0040812938810453,1.0058002130884554
ITA,64T66,1.0030142858179754,1.0039926446488354,1.0058002130884554
ITA,68,1.0049650263000496,1.0039157474580667,1.0058002130884554
ITA,69T75,1.0031475459131811,1.0042900123622196,1.0058002130884554
ITA,77T82,1.0031820389384858,1.0045261380890897,1.0058002130884554
ITA,84,1.0054457760140196,1.0042948893202306,1.0058002130884554
ITA,85,1.0053847189729015,1.0040856194051908,1.0058002130884554
ITA,86T88,1.0055398595713583,1.0044511611195837,1.0058002130884554
ITA,90T93,1.0045122988687543,1.0044337815840383,1.0058002130884554
ITA,94T98,1.0051864887978859,1.0045698761586392,1.0058002130884554
JPN,01T02,1.0111475055185841,1.005781738130459,1.0057258665886768
JPN,03,1.0011862603014305,1.004793983689588,1.0057258665886768
JPN,05T06,0.9734790965484222,1.0051145311124707,1.0057258665886768
JPN,07T08,0.994370694386778,1.005307598106223,1.0057258665886768
JPN,10T12,1.005911086697145,1.0058157814307438,1.0057258665886768
JPN,13T15,1.0017039941697787,1.0049556556267674,1.0057258665886768
JPN,16,1.0060031169952255,1.0058858936923396,1.0057258665886768
JPN,17T18,1.0013100014077476,1.0056261512121474,1.0057258665886768
JPN,19,0.9946354998643288,1.0080090097644805,1.0057258665886768
JPN,20,0.999616328055734,1.0065186841225577,1.0057258665886768
JPN,21,1.0009050563814894,1.0051413029229106,1.0057258665886768
JPN,22,1.0064675673656451,1.0058460768796162,1.0057258665886768
JPN,23,0.996615070668265,1.0050085230381267,1.0057258665886768
JPN,24,1.0076305841670652,1.0066846287346127,1.0057258665886768
JPN,25,1.0052609672975743,1.0066166094975906,1.0057258665886768
JPN,26,1.003210159761998,1.0051504581542727,1.0057258665886768
JPN,27,1.0046232007523916,1.005746217566943,1.0057258665886768
JPN,28,1.003765265553416,1.0053441105184868,1.0057258665886768
JPN,29T30,1.0010516698485972,1.005660585676737,1.0057258665886768
JPN,31T33,1.004280263556995,1.005069549758779,1.0057258665886768
JPN,35,0.9818973053807611,1.0092615902995334,1.0057258665886768
JPN,36T39,1.004011987256801,1.0041419298121057,1.0057258665886768
JPN,41T43,1.0053821572263661,1.0055272312925974,1.0057258665886768
JPN,45T47,1.0021763628651192,1.0044909964903197,1.0057258665886768
JPN,49,1.0032166988129316,1.0044384605187524,1.0057258665886768
JPN,50,0.9824264712753475,1.0085590048689859,1.0057258665886768
JPN,51,0.9949954447390312,1.0057284426225408,1.0057258665886768
JPN,52,1.001553784343224,1.0043143150925482,1.0057258665886768
JPN,53,1.0022914126121987,1.004262675465583,1.0057258665886768
JPN,55T56,1.0043038395080859,1.0053328030815172,1.0057258665886768
JPN,58T60,1.0024871723406907,1.004368924103839,1.0057258665886768
JPN,61,1.0047483822026166,1.004208535339641,1.0057258665886768
JPN,62T63,1.002658377209661,1.0040373771593112,1.0057258665886768
JPN,64T66,1.003382369192642,1.0039919565831603,1.0057258665886768
JPN,68,1.0050286381705753,1.0036694742925127,1.0057258665886768
JPN,69T75,1.0023574722242143,1.0041585538839912,1.0057258665886768
JPN,77T82,1.001654492005494,1.0041069413274086,1.0057258665886768
JPN,84,1.0054723497141118,1.0041690483008863,1.0057258665886768
JPN,85,1.0052559135360164,1.0040564100769216,1.0057258665886768
JPN,86T88,1.005535098857335,1.0043316855519582,1.0057258665886768
JPN,90T93,1.0047531947626982,1.0048737067347042,1.0057258665886768
JPN,94T98,1.0048792184731146,1.0045556988463127,1.0057258665886768
KAZ,01T02,0.9830596607041504,0.9969178014600547,1.0012643562508827
KAZ,03,1.0013312941828933,0.9922191864778185,1.0012643562508827
KAZ,05T06,0.9774926050519568,0.9961988504985069,1.0012643562508827
KAZ,07T08,0.972177857909839,0.9986901202951756,1.0012643562508827
KAZ,10T12,1.0021236436872598,0.9999790948878233,1.0012643562508827
KAZ,13T15,1.0124723890373317,0.998679882685879,1.0012643562508827
KAZ,16,0.9904633637090493,1.0015320291454135,1.0012643562508827
KAZ,17T18,1.0053514272845756,0.9979908178505146,1.0012643562508827
KAZ,19,0.9802451822819693,0.9991803116780106,1.0012643562508827
KAZ,20,0.9811202892795623,0.9983527105021214,1.0012643562508827
KAZ,21,0.9905497735712787,0.9941167437224775,1.0012643562508827
KAZ,22,0.9964761040363742,0.9999563382665225,1.0012643562508827
KAZ,23,0.9129965556524653,1.0008174608112765,1.0012643562508827
KAZ,24,0.9967704724905067,0.9973874847107087,1.0012643562508827
KAZ,25,1.0083739032915464,0.9991522551013666,1.0012643562508827
KAZ,26,0.9997293551202583,0.9971073080323687,1.0012643562508827
KAZ,27,1.0121666977061314,0.9979309181103879,1.0012643562508827
KAZ,28,1.0075121053518454,0.9981104963491799,1.0012643562508827
KAZ,29T30,1.0153949649319662,0.9954461551167526,1.0012643562508827
KAZ,31T33,0.999402820633382,0.9983577488533946,1.0012643562508827
KAZ,35,0.8325768581217926,1.0021449683058485,1.0012643562508827
KAZ,36T39,0.9934103582191024,1.0049718692510894,1.0012643562508827
KAZ,41T43,0.9982649564274355,1.0025166999106256,1.0012643562508827
KAZ,45T47,0.9992822670813645,0.9942589486931043,1.0012643562508827
KAZ,49,0.9942399208735704,0.9956550278371848,1.0012643562508827
KAZ,50,1.0172757273283997,0.998154293260705,1.0012643562508827
KAZ,51,1.003969468977487,0.9950503805911141,1.0012643562508827
KAZ,52,1.0016383121345078,0.9949648498323109,1.0012643562508827
KAZ,53,1.0032719049812202,0.9940137336750312,1.0012643562508827
KAZ,55T56,1.006418998208592,0.9960557752786703,1.0012643562508827
KAZ,58T60,1.001036293118998,0.9996268807749585,1.0012643562508827
KAZ,61,1.0011015723862402,0.9961870428964715,1.0012643562508827
KAZ,62T63,0.994445477910056,0.9975304463777072,1.0012643562508827
KAZ,64T66,0.9977601385390844,0.993391889770454,1.0012643562508827
KAZ,68,1.0002132254777059,0.9945907591659306,1.0012643562508827
KAZ,69T75,0.9989052552633757,0.9966297969282891,1.0012643562508827
KAZ,77T82,0.997906566867727,0.9960001923047285,1.0012643562508827
KAZ,84,0.999421870466467,1.0018889937058266,1.0012643562508827
KAZ,85,1.000548988406466,1.0014267868072655,1.0012643562508827
KAZ,86T88,1.0002324833829852,0.9999735631111129,1.0012643562508827
KAZ,90T93,0.9999845645898036,1.0022586729225476,1.0012643562508827
KAZ,94T98,1.0002649582316172,1.005165518178296,1.0012643562508827
KHM,01T02,0.8718096383185882,0.9961998684367397,1.0076131694667536
KHM,03,0.9946715421098767,0.9875605834513118,1.0076131694667536
KHM,05T06,1.0042779475233443,0.9914962684588464,1.0076131694667536
KHM,07T08,0.987862043800763,0.9929335843938499,1.0076131694667536
KHM,10T12,0.9857179038644308,1.0190203751790592,1.0076131694667536
KHM,13T15,1.0383043772505562,0.9964246880556955,1.0076131694667536
KHM,16,0.9966513179032249,1.0016351373268406,1.0076131694667536
KHM,17T18,1.008090050898187,1.0034876343171444,1.0076131694667536
KHM,19,0.8269818446459756,0.9990902309694866,1.0076131694667536
KHM,20,1.0060586089821142,1.0047788717070394,1.0076131694667536
KHM,21,1.0288715109652349,0.9950591163757169,1.0076131694667536
KHM,22,0.9899144517682964,1.0089709538581209,1.0076131694667536
KHM,23,0.8139929950044993,0.9957373324922771,1.0076131694667536
KHM,24,1.0824824745389217,0.9953507596256023,1.0076131694667536
KHM,25,1.0374849050634045,0.9980514136535462,1.0076131694667536
KHM,26,1.0156956560239505,0.9962188604992341,1.0076131694667536
KHM,27,1.0245424438527377,0.9976142779217326,1.0076131694667536
KHM,28,1.0235972413091023,0.9956277305911716,1.0076131694667536
KHM,29T30,1.019607510413507,0.9968021055200303,1.0076131694667536
KHM,31T33,1.0024215643864596,0.9976977384475003,1.0076131694667536
KHM,35,0.9406561520309749,1.0050520887341754,1.0076131694667536
KHM,36T39,1.0043941845803217,1.0017678331586528,1.0076131694667536
KHM,41T43,1.0047994573038024,0.9953827066365345,1.0076131694667536
KHM,45T47,1.017012686682966,0.9957002102998315,1.0076131694667536
KHM,49,1.0049694686454567,0.9947587201387456,1.0076131694667536
KHM,50,1.0144998546382438,0.9982601915811573,1.0076131694667536
KHM,51,0.9660211617224136,1.000033729620062,1.0076131694667536
KHM,52,1.0211702232230695,0.9931356718681182,1.0076131694667536
KHM,53,1.0221251046963302,0.9937780354715968,1.0076131694667536
KHM,55T56,1.0021587275572963,1.0084753500894998,1.0076131694667536
KHM,58T60,1.018346168254574,0.995864080922359,1.0076131694667536
KHM,61,1.010323025371621,0.9940973169243882,1.0076131694667536
KHM,62T63,1.0172431161234097,0.9957104251123777,1.0076131694667536
KHM,64T66,1.021599971585866,0.9894971403237766,1.0076131694667536
KHM,68,1.0113300131873502,0.9935957903097282,1.0076131694667536
KHM,69T75,1.0154852541856743,0.9950768183797624,1.0076131694667536
KHM,77T82,1.0119594316034444,0.9952731528450385,1.0076131694667536
KHM,84,1.006495678072762,0.9979036087579625,1.0076131694667536
KHM,85,1.0100780903861555,0.9917202985584166,1.0076131694667536
KHM,86T88,1.0087337073975373,0.9930811683205129,1.0076131694667536
KHM,90T93,1.012860868404223,0.9933244089954201,1.0076131694667536
KHM,94T98,1.0091338669036558,0.9923335441307856,1.0076131694667536
KOR,01T02,1.0108910190501388,1.0048170040713533,1.0071087057369694
KOR,03,1.0002223755334827,1.0052103053191956,1.0071087057369694
KOR,05T06,0.8906051451219172,1.004494787480088,1.0071087057369694
KOR,07T08,0.9939303393916983,1.0053876767278576,1.0071087057369694
KOR,10T12,1.0057475109000151,1.006873908149781,1.0071087057369694
KOR,13T15,1.0005314665773255,1.0058102140336604,1.0071087057369694
KOR,16,1.0060036597736357,1.0067665315102596,1.0071087057369694
KOR,17T18,0.9997296852841231,1.0062320053361475,1.0071087057369694
KOR,19,0.9947617045143871,1.0059246214809443,1.0071087057369694
KOR,20,0.999744390663537,1.007113120359739,1.0071087057369694
KOR,21,1.0035594073105758,1.0055521908440728,1.0071087057369694
KOR,22,1.0024354840416851,1.0064287906536231,1.0071087057369694
KOR,23,0.9936166201400434,1.008715077847182,1.0071087057369694
KOR,24,0.9933990187297413,1.0106662889442497,1.0071087057369694
KOR,25,1.002749725754341,1.0073803646213397,1.0071087057369694
KOR,26,1.002035480594006,1.005112594721451,1.0071087057369694
KOR,27,1.0024759314056266,1.006593082340298,1.0071087057369694
KOR,28,1.0028507756830907,1.0062108863953598,1.0071087057369694
KOR,29T30,1.0001906603797195,1.006410290585849,1.0071087057369694
KOR,31T33,1.0039125418964685,1.0058286084820012,1.0071087057369694
KOR,35,0.9668214065412583,1.011666772237137,1.0071087057369694
KOR,36T39,1.001957357328738,1.005466967279786,1.0071087057369694
KOR,41T43,1.0066345538238,1.006626988474111,1.0071087057369694
KOR,45T47,1.0001383505936132,1.0044709767630355,1.0071087057369694
KOR,49,0.9976585002373942,1.0051751578861208,1.0071087057369694
KOR,50,0.9912521946968373,1.0070642843582618,1.0071087057369694
KOR,51,0.9818892166199189,1.0049131673462173,1.0071087057369694
KOR,52,0.997300709298297,1.0048392961011752,1.0071087057369694
KOR,53,0.9976715780638251,1.0048688257544576,1.0071087057369694
KOR,55T56,1.0040295998560314,1.0056648980215133,1.0071087057369694
KOR,58T60,1.002378122666506,1.003944380187855,1.0071087057369694
KOR,61,1.0028841505840485,1.0044525160725644,1.0071087057369694
KOR,62T63,1.002620404081475,1.0034686843364307,1.0071087057369694
KOR,64T66,1.0040168989369214,1.003322468665735,1.0071087057369694
KOR,68,1.0060420653631357,1.0033007188090517,1.0071087057369694
KOR,69T75,1.00160616728436,1.0051273270122938,1.0071087057369694
KOR,77T82,1.0013099142611575,1.0035188522422778,1.0071087057369694
KOR,84,1.0066388897299432,1.0034698541425575,1.0071087057369694
KOR,85,1.006445963009473,1.0042042091848693,1.0071087057369694
KOR,86T88,1.0065052562647672,1.0046460317061863,1.0071087057369694
KOR,90T93,1.0050218024328343,1.0050402442459418,1.0071087057369694
KOR,94T98,1.004670506183089,1.0049745425368717,1.0071087057369694
LAO,01T02,0.9335480712696848,0.9911667454295885,0.9959042322945505
LAO,03,0.9773803284487828,0.9832307833096691,0.9959042322945505
LAO,05T06,0.9823049125959844,0.989103407690857,0.9959042322945505
LAO,07T08,0.9949408744696983,0.989068310576574,0.9959042322945505
LAO,10T12,0.9863040132630325,1.01405082441032,0.9959042322945505
LAO,13T15,1.0384422168860854,0.9893685262948697,0.9959042322945505
LAO,16,0.9943281912680385,1.0066630232747642,0.9959042322945505
LAO,17T18,1.0016040419011634,1.005783705532427,0.9959042322945505
LAO,19,1.0161578850842097,0.9931684302580825,0.9959042322945505
LAO,20,1.0429789586175504,0.9927876858282109,0.9959042322945505
LAO,21,1.005916693814501,0.989543853331801,0.9959042322945505
LAO,22,0.9668317007990566,0.996325432848036,0.9959042322945505
LAO,23,1.0097277926823833,0.9927513993927634,0.9959042322945505
LAO,24,1.0958819695027016,0.9951247182785796,0.9959042322945505
LAO,25,1.0399289788023733,0.9956497383264499,0.9959042322945505
LAO,26,1.0116849185449335,0.9949546436373975,0.9959042322945505
LAO,27,1.028159389032932,0.9955058795058898,0.9959042322945505
LAO,28,1.0221640036402202,0.9951603454170806,0.9959042322945505
LAO,29T30,1.0209507666084423,0.996268144561906,0.9959042322945505
LAO,31T33,0.9619478743839448,0.9966233020192662,0.9959042322945505
LAO,35,0.8631440537671129,0.9925782420814452,0.9959042322945505
LAO,36T39,0.9845722750672302,0.9907569790908524,0.9959042322945505
LAO,41T43,0.9937607251739963,0.995897403866934,0.9959042322945505
LAO,45T47,1.0002013648329142,0.9892843191680193,0.9959042322945505
LAO,49,1.0066819507061076,0.9920801545359923,0.9959042322945505
LAO,50,0.9372432089540412,0.9978236351055749,0.9959042322945505
LAO,51,1.0172233475967538,0.9887922706110409,0.9959042322945505
LAO,52,0.9887326585647537,0.9959421495423418,0.9959042322945505
LAO,53,1.0046834508886782,0.9884025744233624,0.9959042322945505
LAO,55T56,1.001406620059368,0.9985182460988992,0.9959042322945505
LAO,58T60,0.9991514975684918,0.99742403128004,0.9959042322945505
LAO,61,0.9991249504823715,0.9885861641207666,0.9959042322945505
LAO,62T63,1.0003068782806797,0.9929037278468021,0.9959042322945505
LAO,64T66,1.0015812723181197,0.9861162781767406,0.9959042322945505
LAO,68,1.0002730806738636,0.9858981346996453,0.9959042322945505
LAO,69T75,1.0024076837447649,0.9911637378350894,0.9959042322945505
LAO,77T82,1.000150062395724,0.992323564345779,0.9959042322945505
LAO,84,0.9953276729571531,0.989350301698716,0.9959042322945505
LAO,85,0.9987198387088627,0.9883193948455761,0.9959042322945505
LAO,86T88,0.998860110823113,0.9908209221773128,0.9959042322945505
LAO,90T93,1.0041110275715996,0.9901072115976598,0.9959042322945505
LAO,94T98,0.9980588735104984,0.9881971419940887,0.9959042322945505
LTU,01T02,0.9613395749061455,1.0051878532942387,1.0048398151988278
LTU,03,1.0023284979987683,1.0033212548332635,1.0048398151988278
LTU,05T06,0.9543304975639345,1.0036219402779862,1.0048398151988278
LTU,07T08,0.9997914025347402,1.003465631404494,1.0048398151988278
LTU,10T12,1.0018152526296524,1.0064662221494243,1.0048398151988278
LTU,13T15,1.006700956010367,1.0027355460122496,1.0048398151988278
LTU,16,1.004586961347494,1.0058462008761475,1.0048398151988278
LTU,17T18,1.0042796384476378,1.003579059117836,1.0048398151988278
LTU,19,1.0015423104361405,1.0037825310054287,1.0048398151988278
LTU,20,0.9531911927647079,1.0072160373635808,1.0048398151988278
LTU,21,1.0041626427097499,1.002624012484873,1.0048398151988278
LTU,22,1.0040900522571121,1.0049088391973036,1.0048398151988278
LTU,23,0.9919209277272139,1.0033223544197651,1.0048398151988278
LTU,24,1.0383879150410076,1.0051915027422842,1.0048398151988278
LTU,25,1.007966739441908,1.0036745435677188,1.0048398151988278
LTU,26,1.0051330612692806,1.0026483873124394,1.0048398151988278
LTU,27,1.0058486458383036,1.0039431679877726,1.0048398151988278
LTU,28,1.0036370422121228,1.0036566894675736,1.0048398151988278
LTU,29T30,1.0053518477162102,1.003582888424685,1.0048398151988278
LTU,31T33,1.007625880136712,1.0031155142549393,1.0048398151988278
LTU,35,1.009363035319941,1.0030125566627932,1.0048398151988278
LTU,36T39,1.0034998002671114,1.0026484427390203,1.0048398151988278
LTU,41T43,1.0041134086063603,1.002953617088499,1.0048398151988278
LTU,45T47,1.00186764942102,1.0017276142198817,1.0048398151988278
LTU,49,1.0003818170075316,1.0023948001304759,1.0048398151988278
LTU,50,0.9932313616115119,1.0022673979786887,1.0048398151988278
LTU,51,1.0176217060094308,1.0032526122161505,1.0048398151988278
LTU,52,1.0002111754266327,1.0021729372109618,1.0048398151988278
LTU,53,1.0034900478322881,1.001923284377365,1.0048398151988278
LTU,55T56,1.0037264895454683,1.0022399737579524,1.0048398151988278
LTU,58T60,1.0012002201307526,1.0025795495309433,1.0048398151988278
LTU,61,1.00307933465504,1.0017034438601848,1.0048398151988278
LTU,62T63,1.0025564403525098,1.0014874405563792,1.0048398151988278
LTU,64T66,1.0026819656503505,1.0013210885260129,1.0048398151988278
LTU,68,1.0026660136303354,1.0019370251566568,1.0048398151988278
LTU,69T75,1.000920360571344,1.0016219383247416,1.0048398151988278
LTU,77T82,1.0020798441258316,1.0019398316148904,1.0048398151988278
LTU,84,1.0043520757239093,1.0015332043183216,1.0048398151988278
LTU,85,1.0045193895641495,1.001315618805573,1.0048398151988278
LTU,86T88,1.0045726981091956,1.0016584252874117,1.0048398151988278
LTU,90T93,1.0039635945757701,1.001797822178271,1.0048398151988278
LTU,94T98,1.0036242363502532,1.0017096189695744,1.0048398151988278
LVA,01T02,0.9741963752618007,1.0074599588694628,1.0041687299344846
LVA,03,0.9973665405261477,1.0030722652530273,1.0041687299344846
LVA,05T06,0.4427237412439841,1.004659487346448,1.0041687299344846
LVA,07T08,0.9976490117004739,1.0033840524182545,1.0041687299344846
LVA,10T12,1.0009659966030622,1.0068120314843996,1.0041687299344846
LVA,13T15,1.0027611819916695,1.0035947958108167,1.0041687299344846
LVA,16,0.9970391136387458,1.0078995078976842,1.0041687299344846
LVA,17T18,1.0065494021720558,1.0030470590398775,1.0041687299344846
LVA,19,0.7752142799056911,1.002694453367744,1.0041687299344846
LVA,20,1.0078623792169215,1.0058892414761629,1.0041687299344846
LVA,21,1.0029221402811548,1.002444844069995,1.0041687299344846
LVA,22,1.0061948299754502,1.004413471403865,1.0041687299344846
LVA,23,0.9872741043545467,1.0037847782062805,1.0041687299344846
LVA,24,1.0414233346454207,1.0052488352783062,1.0041687299344846
LVA,25,1.0044165882411151,1.0046221334225296,1.0041687299344846
LVA,26,1.0047508238871365,1.0026694977618733,1.0041687299344846
LVA,27,1.0061083774584798,1.0031917850296843,1.0041687299344846
LVA,28,1.0031240717757077,1.0035180982259868,1.0041687299344846
LVA,29T30,1.0016098757181335,1.00477474417736,1.0041687299344846
LVA,31T33,1.0040741470176566,1.0037432406343985,1.0041687299344846
LVA,35,1.0005522579899955,1.0049364113094172,1.0041687299344846
LVA,36T39,1.0040464076599,1.0027374021265847,1.0041687299344846
LVA,41T43,1.0030327450154473,1.0039200843464149,1.0041687299344846
LVA,45T47,1.0007110045650764,1.0019553210567402,1.0041687299344846
LVA,49,0.9951651791539183,1.0027300946444455,1.0041687299344846
LVA,50,1.0092630244758773,1.0026798642384394,1.0041687299344846
LVA,51,1.0028061053210673,1.0038166784621354,1.0041687299344846
LVA,52,1.0002093470027742,1.0022285849493453,1.0041687299344846
LVA,53,1.0030950271758652,1.0016320671600647,1.0041687299344846
LVA,55T56,1.003590386989391,1.0025938767232425,1.0041687299344846
LVA,58T60,0.9998834993638457,1.0016372936774907,1.0041687299344846
LVA,61,1.0036676668796427,1.0013714970506138,1.0041687299344846
LVA,62T63,1.0022337890682427,1.001079025731658,1.0041687299344846
LVA,64T66,1.0017230751017194,1.0010847242944863,1.0041687299344846
LVA,68,1.003011934582225,1.0015523396397514,1.0041687299344846
LVA,69T75,1.0015982794636602,1.001384499121558,1.0041687299344846
LVA,77T82,1.001222291627619,1.0024628103979532,1.0041687299344846
LVA,84,1.0037972529703403,1.0014350894630621,1.0041687299344846
LVA,85,1.0038681464124457,1.0017358689930842,1.0041687299344846
LVA,86T88,1.0039113778510118,1.0019743692547096,1.0041687299344846
LVA,90T93,1.003723947342357,1.0022625082311407,1.0041687299344846
LVA,94T98,1.0037372206541562,1.0020871156309956,1.0041687299344846
MAR,01T02,1.0015354018959262,1.0041341827446604,1.0061329779485897
MAR,03,1.003548540934197,1.0023948808206729,1.0061329779485897
MAR,05T06,0.9874991419813965,1.0035962591774812,1.0061329779485897
MAR,07T08,0.9908722388777086,1.0036257144224523,1.0061329779485897
MAR,10T12,1.0035657701571732,1.0071304625815916,1.0061329779485897
MAR,13T15,1.0027569368541258,1.0041338934616728,1.0061329779485897
MAR,16,1.0082736807954347,1.005105877466569,1.0061329779485897
MAR,17T18,1.0000618109709776,1.0045888404743653,1.0061329779485897
MAR,19,0.9887737466990375,1.008505895417981,1.0061329779485897
MAR,20,1.0024909615419748,1.0048461546417555,1.0061329779485897
MAR,21,1.0039029524501104,1.0036999772034991,1.0061329779485897
MAR,22,0.9998645162654682,1.0081264579728155,1.0061329779485897
MAR,23,0.9573901847858736,1.0089786565678798,1.0061329779485897
MAR,24,1.0165844647559192,1.0062669249408067,1.0061329779485897
MAR,25,1.0028172813293421,1.0061587298682393,1.0061329779485897
MAR,26,1.0021149232753754,1.005276655586494,1.0061329779485897
MAR,27,1.005080305449138,1.004722064454853,1.0061329779485897
MAR,28,1.0034876646261606,1.0051688355444848,1.0061329779485897
MAR,29T30,1.0027882849523795,1.0049464679971951,1.0061329779485897
MAR,31T33,1.0084219383732294,1.00375826250722,1.0061329779485897
MAR,35,0.9558408918568866,1.0039032180801233,1.0061329779485897
MAR,36T39,1.0014854402818218,1.0029181661319921,1.0061329779485897
MAR,41T43,1.004996097645604,1.0096438819850613,1.0061329779485897
MAR,45T47,1.000958768154565,1.003078112783151,1.0061329779485897
MAR,49,0.993673848816318,1.0035377990536158,1.0061329779485897
MAR,50,0.993816467282826,1.0056273423461541,1.0061329779485897
MAR,51,0.968742753150436,1.0052727246207762,1.0061329779485897
MAR,52,0.9989873913906292,1.003386608306895,1.0061329779485897
MAR,53,1.002851227681717,1.0026393067344936,1.0061329779485897
MAR,55T56,1.0035597721173994,1.003951082701973,1.0061329779485897
MAR,58T60,0.9954168285444359,1.0057080809943506,1.0061329779485897
MAR,61,1.0035236994093153,1.003278372905733,1.0061329779485897
MAR,62T63,1.005989082761135,1.0012758787233336,1.0061329779485897
MAR,64T66,1.0010179909420966,1.0017045864165064,1.0061329779485897
MAR,68,1.0049370856522077,1.0011817515166384,1.0061329779485897
MAR,69T75,1.003565688279942,1.0013429664077234,1.0061329779485897
MAR,77T82,1.0027935626049516,1.0014693036965265,1.0061329779485897
MAR,84,1.0050749916766284,1.003011269858721,1.0061329779485897
MAR,85,1.0057263709646593,1.0021692739684043,1.0061329779485897
MAR,86T88,1.0056085884083037,1.0026038745036756,1.0061329779485897
MAR,90T93,1.0027759927204611,1.0035801482109585,1.0061329779485897
MAR,94T98,1.0044753613695643,1.0022980325529038,1.0061329779485897
MEX,01T02,0.9810604185443974,1.0029470663183258,1.0034171639808842
MEX,03,1.0002443513357404,1.0027653112125077,1.0034171639808842
MEX,05T06,0.9768754570935598,1.0021274645668727,1.0034171639808842
MEX,07T08,0.9972849675294673,1.002759569179235,1.0034171639808842
MEX,10T12,1.0029524362673716,1.006598223731447,1.0034171639808842
MEX,13T15,1.0038163235688342,1.003813797052034,1.0034171639808842
MEX,16,0.9966901556695794,1.006850780767239,1.0034171639808842
MEX,17T18,1.0000618750611159,1.0042591189816272,1.0034171639808842
MEX,19,0.9888648335483545,1.0077572181215078,1.0034171639808842
MEX,20,0.9549618483437271,1.0067947882137027,1.0034171639808842
MEX,21,0.9990086853818312,1.0048456184113193,1.0034171639808842
MEX,22,0.9906264784573153,1.0070151206306692,1.0034171639808842
MEX,23,0.9615722488378846,1.0094294888015618,1.0034171639808842
MEX,24,1.009608293065886,1.004633346405786,1.0034171639808842
MEX,25,1.0030183027151731,1.0055105196380631,1.0034171639808842
MEX,26,1.0036881317247277,1.003525426616307,1.0034171639808842
MEX,27,1.0043444195018028,1.004879377522835,1.0034171639808842
MEX,28,1.0045861493446127,1.0033256479130113,1.0034171639808842
MEX,29T30,1.0035809334945354,1.0038667796067449,1.0034171639808842
MEX,31T33,0.9948897261765486,1.0040351095759157,1.0034171639808842
MEX,35,0.9627501036782677,1.0021758286981342,1.0034171639808842
MEX,36T39,1.0000884257180338,1.0069074544428775,1.0034171639808842
MEX,41T43,1.0029920453519212,1.0028772109293564,1.0034171639808842
MEX,45T47,1.0020306448109884,1.0004460635790733,1.0034171639808842
MEX,49,0.9970403476803735,1.0018098620028872,1.0034171639808842
MEX,50,0.9841300185459048,1.0006862744561063,1.0034171639808842
MEX,51,1.0003369679017604,1.0036758032679396,1.0034171639808842
MEX,52,1.001058142661587,1.001262778673591,1.0034171639808842
MEX,53,0.999557805368387,1.0018798744141324,1.0034171639808842
MEX,55T56,1.0045586326297269,1.0015750900197782,1.0034171639808842
MEX,58T60,1.0033276231776307,1.0015139386303469,1.0034171639808842
MEX,61,1.0029354187334727,1.0005822597692868,1.0034171639808842
MEX,62T63,1.0030438911712194,1.0009762159464626,1.0034171639808842
MEX,64T66,1.00343408630486,0.9999325016371935,1.0034171639808842
MEX,68,1.0030744241612315,0.9996420420400867,1.0034171639808842
MEX,69T75,1.0004248287444282,1.000551924337136,1.0034171639808842
MEX,77T82,0.9999729116292443,1.0003851449529368,1.0034171639808842
MEX,84,1.003016601390218,1.0013753882011431,1.0034171639808842
MEX,85,1.0034511531999943,1.0003082221947623,1.0034171639808842
MEX,86T88,1.0032641856195714,1.0015255049851344,1.0034171639808842
MEX,90T93,1.003575161457297,1.0010484419268104,1.0034171639808842
MEX,94T98,1.003006478209057,1.0003938614684023,1.0034171639808842
MLT,01T02,1.0103014122257192,1.0039215125434495,1.0062349735587683
MLT,03,1.0024952763250685,1.0069214546271144,1.0062349735587683
MLT,05T06,0.9922645918402403,1.0054550691443331,1.0062349735587683
MLT,07T08,1.0047520935056704,1.004201097645586,1.0062349735587683
MLT,10T12,1.0060983893010327,1.0054209449896665,1.0062349735587683
MLT,13T15,0.9976461182103575,1.0058050651358006,1.0062349735587683
MLT,16,1.0041916406877693,1.0046821024228432,1.0062349735587683
MLT,17T18,1.007678127193385,1.0048040988106133,1.0062349735587683
MLT,19,0.999673523346756,1.006315896472991,1.0062349735587683
MLT,20,1.0101965267497788,1.005630110650472,1.0062349735587683
MLT,21,0.9993087043397761,1.005951907314006,1.0062349735587683
MLT,22,1.0067635197812506,1.0047153393827133,1.0062349735587683
MLT,23,1.012585883066309,1.0058138954338365,1.0062349735587683
MLT,24,1.0333551988202412,1.0049641844621295,1.0062349735587683
MLT,25,0.9996745640923399,1.0059647857235976,1.0062349735587683
MLT,26,1.0012369991935521,1.0059579968575987,1.0062349735587683
MLT,27,1.0035326206372732,1.0052912461057673,1.0062349735587683
MLT,28,1.002079863296035,1.0055418685147675,1.0062349735587683
MLT,29T30,1.0038024824904668,1.004138922339559,1.0062349735587683
MLT,31T33,1.0037811569459305,1.0045316212444981,1.0062349735587683
MLT,35,0.9884024525405367,1.0112374791338457,1.0062349735587683
MLT,36T39,1.0040582079924216,1.0053803689666039,1.0062349735587683
MLT,41T43,1.0044464577431134,1.0047453143674638,1.0062349735587683
MLT,45T47,1.0019601540108807,1.0042797662835083,1.0062349735587683
MLT,49,1.0017182140070675,1.004173125629962,1.0062349735587683
MLT,50,0.9024855167085071,1.0043586955601054,1.0062349735587683
MLT,51,1.003187874376927,1.0050262350189136,1.0062349735587683
MLT,52,0.9960130362245649,1.0041953009976847,1.0062349735587683
MLT,53,0.9999131496820941,1.0073229464517077,1.0062349735587683
MLT,55T56,1.0031602979654746,1.004510586402483,1.0062349735587683
MLT,58T60,1.0014336228462029,1.0031015139165367,1.0062349735587683
MLT,61,1.002074703317366,1.0028681750111852,1.0062349735587683
MLT,62T63,1.0001422468099463,1.0034766219708264,1.0062349735587683
MLT,64T66,1.000251823989444,1.003829008275464,1.0062349735587683
MLT,68,1.0038330239688296,1.0031613380784519,1.0062349735587683
MLT,69T75,1.0002960046927996,1.0034218752880346,1.0062349735587683
MLT,77T82,0.9995905975957854,1.0040259569439582,1.0062349735587683
MLT,84,1.0053680300957086,1.0030008602324383,1.0062349735587683
MLT,85,1.0053418636482845,1.0025347743567452,1.0062349735587683
MLT,86T88,1.005745096491915,1.003510080546551,1.0062349735587683
MLT,90T93,1.0029906999063758,1.0025979023557896,1.0062349735587683
MLT,94T98,1.0042290803700835,1.0035069952896651,1.0062349735587683
MMR,01T02,0.9296167650045655,1.0084454776730516,1.0038843574889507
MMR,03,1.0019371890850408,0.9824314478104579,1.0038843574889507
MMR,05T06,0.9717288133787785,0.9930799838520769,1.0038843574889507
MMR,07T08,1.0123992575901413,0.9946375378008789,1.0038843574889507
MMR,10T12,0.9816913568275054,1.0153428704079743,1.0038843574889507
MMR,13T15,1.020467706001151,0.9981167905596057,1.0038843574889507
MMR,16,0.9927469317913666,1.005801877286363,1.0038843574889507
MMR,17T18,1.013238564879177,0.9970622600281195,1.0038843574889507
MMR,19,0.9958726136482607,0.9993399918053882,1.0038843574889507
MMR,20,1.0019664572756093,1.0043246777108952,1.0038843574889507
MMR,21,1.002096424977951,1.00196623223188,1.0038843574889507
MMR,22,1.0097226046679355,1.0032013209498754,1.0038843574889507
MMR,23,0.9958718600723594,0.996090115444919,1.0038843574889507
MMR,24,1.0779139729188985,0.9976338761265289,1.0038843574889507
MMR,25,1.020237795680749,0.9959570704496308,1.0038843574889507
MMR,26,1.0092103908676742,0.9940942407107616,1.0038843574889507
MMR,27,1.01775056017569,0.9958652641353911,1.0038843574889507
MMR,28,1.0169227847828473,0.9947410037669665,1.0038843574889507
MMR,29T30,1.0198738929272906,0.9943507881295925,1.0038843574889507
MMR,31T33,1.012000980690051,0.9958509974355891,1.0038843574889507
MMR,35,0.9056428022868661,1.0039016486214523,1.0038843574889507
MMR,36T39,1.0039502395651714,0.9944136809908968,1.0038843574889507
MMR,41T43,0.9977270521601337,0.9968878314869023,1.0038843574889507
MMR,45T47,0.9962465141254159,0.9965225883649536,1.0038843574889507
MMR,49,0.9931360549966406,0.9920163522345588,1.0038843574889507
MMR,50,1.0048221428860453,0.9977467310196793,1.0038843574889507
MMR,51,1.0113089059705653,0.9943648636201573,1.0038843574889507
MMR,52,1.001458014426826,0.9936105119475103,1.0038843574889507
MMR,53,1.0072976338513848,0.9888288104938928,1.0038843574889507
MMR,55T56,1.0062184737952828,0.9987982996624782,1.0038843574889507
MMR,58T60,1.0216992428108047,0.9921406244382499,1.0038843574889507
MMR,61,1.0077726251661603,0.9868198951276508,1.0038843574889507
MMR,62T63,1.0313784896551224,0.9888557319559782,1.0038843574889507
MMR,64T66,1.002892393621911,0.9859703758001609,1.0038843574889507
MMR,68,1.0062811805164598,0.9873609050891506,1.0038843574889507
MMR,69T75,1.0230558403502907,0.9903981568203887,1.0038843574889507
MMR,77T82,1.0084285212224757,0.9921061677844104,1.0038843574889507
MMR,84,1.0033822975859599,0.9929248108168359,1.0038843574889507
MMR,85,1.0038576738835066,0.993445515745175,1.0038843574889507
MMR,86T88,1.0036840284197746,0.9947574189080012,1.0038843574889507
MMR,90T93,1.0041138913638705,0.9994283730514992,1.0038843574889507
MMR,94T98,1.0037068107059781,0.9976166807067564,1.0038843574889507
NLD,01T02,1.0119729018169217,1.005945388207015,1.005580000561263
NLD,03,0.9913762001861957,1.0038664294205357,1.005580000561263
NLD,05T06,0.9916328457957605,1.0053671911785085,1.005580000561263
NLD,07T08,1.0001656535254955,1.0065301816185381,1.005580000561263
NLD,10T12,1.003120199261027,1.0068162492414898,1.005580000561263
NLD,13T15,0.9989614765340218,1.005289657656999,1.005580000561263
NLD,16,1.009334317870733,1.0047477675401633,1.005580000561263
NLD,17T18,1.0037837503397768,1.0043985875836199,1.005580000561263
NLD,19,0.9976729565505302,1.006371012412623,1.005580000561263
NLD,20,0.994137860834344,1.0059386870932252,1.005580000561263
NLD,21,1.0002514905219353,1.0038297912385283,1.005580000561263
NLD,22,1.0064143676939878,1.0053547296062644,1.005580000561263
NLD,23,1.0108921835925575,1.0051185096254711,1.005580000561263
NLD,24,0.996955751552857,1.0069330583665341,1.005580000561263
NLD,25,1.0049948487663423,1.0053275333274632,1.005580000561263
NLD,26,1.0044877429432368,1.0036797829313806,1.005580000561263
NLD,27,1.0058386295005999,1.004277130004572,1.005580000561263
NLD,28,1.0047368326976827,1.0041912317623172,1.005580000561263
NLD,29T30,1.004364842328998,1.0043299446221505,1.005580000561263
NLD,31T33,1.0044479558743338,1.0041055300768837,1.005580000561263
NLD,35,0.9769837301257335,1.0059697627378217,1.005580000561263
NLD,36T39,1.0038678113348856,1.0038957240899313,1.005580000561263
NLD,41T43,1.0044889331554419,1.004489205812444,1.005580000561263
NLD,45T47,1.00257451366541,1.0034191258988643,1.005580000561263
NLD,49,1.002100297616016,1.0040461786724024,1.005580000561263
NLD,50,0.9877278711249116,1.0059401188885586,1.005580000561263
NLD,51,0.9968569577536633,1.0044214790260866,1.005580000561263
NLD,52,1.0013048976158807,1.0036369710752955,1.005580000561263
NLD,53,1.003074685534662,1.0033193845307278,1.005580000561263
NLD,55T56,1.0041545065226667,1.0041895968098198,1.005580000561263
NLD,58T60,1.0011741560034275,1.0033613467298872,1.005580000561263
NLD,61,1.0025382813699875,1.0034381147518765,1.005580000561263
NLD,62T63,1.0013517370416072,1.003143743638087,1.005580000561263
NLD,64T66,1.0032758858601394,1.0030508682944919,1.005580000561263
NLD,68,1.0048389226747598,1.0033400948374294,1.005580000561263
NLD,69T75,1.0013051724197817,1.0032738275926918,1.005580000561263
NLD,77T82,1.0014114428041763,1.0032919607699218,1.005580000561263
NLD,84,1.0050972398034883,1.0033232759827864,1.005580000561263
NLD,85,1.0050724599640477,1.0032118126005587,1.005580000561263
NLD,86T88,1.0053964280504444,1.0033498556133262,1.005580000561263
NLD,90T93,1.0040478774671604,1.003925529178944,1.005580000561263
NLD,94T98,1.0045931318499544,1.003707196703082,1.005580000561263
NOR,01T02,1.001257294103839,1.004280681690468,1.003473244047228
NOR,03,1.0033959814607512,1.0031400353072535,1.003473244047228
NOR,05T06,0.9967576679031621,1.0023210768753457,1.003473244047228
NOR,07T08,1.0028124288586404,1.0038054200139328,1.003473244047228
NOR,10T12,1.0042355004278318,1.0057542769951537,1.003473244047228
NOR,13T15,1.005893846182257,1.003377987001649,1.003473244047228
NOR,16,1.00826526963246,1.0048870644626702,1.003473244047228
NOR,17T18,1.0035510938907501,1.0043781278456656,1.003473244047228
NOR,19,0.9955619534377921,1.0054651216922612,1.003473244047228
NOR,20,0.9903544854659561,1.0043632185632105,1.003473244047228
NOR,21,0.9969482552546652,1.003270572704875,1.003473244047228
NOR,22,1.0078131914685777,1.004559160575929,1.003473244047228
NOR,23,1.0037311630281902,1.0049153098529884,1.003473244047228
NOR,24,0.9998944215802408,1.0067287179251525,1.003473244047228
NOR,25,1.0040382440705817,1.0050247541890678,1.003473244047228
NOR,26,1.0039121972525356,1.0030997602254759,1.003473244047228
NOR,27,1.0044429072471748,1.004466135989726,1.003473244047228
NOR,28,1.0032239422767497,1.0039158966546622,1.003473244047228
NOR,29T30,1.0022737557395736,1.00414779806815,1.003473244047228
NOR,31T33,1.0037326209445874,1.0035503040636948,1.003473244047228
NOR,35,1.0062903427024592,1.0020445221948053,1.003473244047228
NOR,36T39,1.0023783408025115,1.0030450208586266,1.003473244047228
NOR,41T43,1.0031964558655817,1.003349291715201,1.003473244047228
NOR,45T47,1.0022038952539283,1.0028311085733284,1.003473244047228
NOR,49,1.0031140595812973,1.0036935750994904,1.003473244047228
NOR,50,0.9896272550862794,1.0061518996792866,1.003473244047228
NOR,51,0.9919023963686585,1.0041322961517967,1.003473244047228
NOR,52,1.0015561391420806,1.0034115398321177,1.003473244047228
NOR,53,1.002736374504528,1.0028596071738576,1.003473244047228
NOR,55T56,1.003524244229288,1.0030548490584448,1.003473244047228
NOR,58T60,1.0020267754140557,1.0028949752058285,1.003473244047228
NOR,61,1.00248798577796,1.0021837436670293,1.003473244047228
NOR,62T63,1.002410962754722,1.00228543822137,1.003473244047228
NOR,64T66,1.0020880676030253,1.0018508700161677,1.003473244047228
NOR,68,1.0032764310156037,1.002132755289912,1.003473244047228
NOR,69T75,1.0013126577545628,1.0023587342464393,1.003473244047228
NOR,77T82,1.0014353026730431,1.0029831416052521,1.003473244047228
NOR,84,1.0032176698691804,1.0025854838622628,1.003473244047228
NOR,85,1.0034406487956,1.00190439517438,1.003473244047228
NOR,86T88,1.0034181908542035,1.0020128183394927,1.003473244047228
NOR,90T93,1.0032673256465396,1.0026682562384097,1.003473244047228
NOR,94T98,1.0031632508906212,1.0024655801461144,1.003473244047228
NZL,01T02,0.9695761895767409,1.0051589524592075,1.002793079959224
NZL,03,0.9965035513503069,1.0019885983387902,1.002793079959224
NZL,05T06,0.9852004997368159,1.0031698455537326,1.002793079959224
NZL,07T08,1.0009951645110555,0.9997336219229,1.002793079959224
NZL,10T12,0.9953839290084038,1.0099157701069803,1.002793079959224
NZL,13T15,1.0033168835652864,1.0040492309085105,1.002793079959224
NZL,16,1.0022513323290592,1.0054693863080932,1.002793079959224
NZL,17T18,1.0009994280946055,1.003692381237501,1.002793079959224
NZL,19,0.9992955280213743,1.0055234213206654,1.002793079959224
NZL,20,0.9826865611189136,1.0041942836931324,1.002793079959224
NZL,21,0.9898098883101345,1.0031477171598633,1.002793079959224
NZL,22,1.0016104430214627,1.0029373423167478,1.002793079959224
NZL,23,1.0067459613311,1.0022291977091318,1.002793079959224
NZL,24,0.9981650861748171,1.003104004307163,1.002793079959224
NZL,25,1.0049681980864438,1.0036607288513106,1.002793079959224
NZL,26,1.0043788348582248,1.0020310574791242,1.002793079959224
NZL,27,1.0090669250894795,1.0020515566880916,1.002793079959224
NZL,28,1.0040106510721445,1.0031578536957948,1.002793079959224
NZL,29T30,1.007951268406012,1.001810094927961,1.002793079959224
NZL,31T33,1.0080602850347071,1.0017871457487333,1.002793079959224
NZL,35,0.9965219684864551,1.0025582832262276,1.002793079959224
NZL,36T39,0.9996818843194536,1.000348282574541,1.002793079959224
NZL,41T43,1.0014218360878901,1.0020302165045913,1.002793079959224
NZL,45T47,1.001048446506545,1.0006294730163612,1.002793079959224
NZL,49,0.997914550929852,1.0015161892385307,1.002793079959224
NZL,50,0.9914080834453414,1.0017285385099843,1.002793079959224
NZL,51,0.9945846643145672,1.0016719720889047,1.002793079959224
NZL,52,1.000206101012387,1.000228093249003,1.002793079959224
NZL,53,1.0012365421547458,1.00111243931507,1.002793079959224
NZL,55T56,1.004042716319394,1.0018058138129355,1.002793079959224
NZL,58T60,1.0028838059619465,1.0006578305689764,1.002793079959224
NZL,61,1.0029441942094353,1.0003745620788516,1.002793079959224
NZL,62T63,1.0028911567465997,0.9999082553790726,1.002793079959224
NZL,64T66,1.0007308663110603,0.9997564359425917,1.002793079959224
NZL,68,1.0020143450180434,0.9999624740192279,1.002793079959224
NZL,69T75,1.0003647170300194,1.0003328552260269,1.002793079959224
NZL,77T82,0.9995242851860143,1.0004777516291994,1.002793079959224
NZL,84,1.0024197957511276,1.000410214543013,1.002793079959224
NZL,85,1.002565179687418,0.9999417827714275,1.002793079959224
NZL,86T88,1.0027209139118474,1.000506741102944,1.002793079959224
NZL,90T93,1.0025123089800465,1.0007806895715237,1.002793079959224
NZL,94T98,1.0015091652451351,1.0002651876770254,1.002793079959224
PER,01T02,0.9198050882689934,1.0045644499219668,1.0067454929840647
PER,03,1.0019813659053658,1.0019497422187658,1.0067454929840647
PER,05T06,0.9939672614690869,1.0021410923872538,1.0067454929840647
PER,07T08,1.0108100320070255,1.0013657128931766,1.0067454929840647
PER,10T12,1.001092661922624,1.0162572297056938,1.0067454929840647
PER,13T15,1.0036028574583054,1.0052392018482041,1.0067454929840647
PER,16,0.9956246369400943,1.0094195292373391,1.0067454929840647
PER,17T18,1.0065960333404875,1.001821323242945,1.0067454929840647
PER,19,1.005119238532132,1.006183600329057,1.0067454929840647
PER,20,1.0105331317745267,1.0030937884636117,1.0067454929840647
PER,21,1.0087642034266788,1.0021965046604249,1.0067454929840647
PER,22,0.9927333901888391,1.0038301536944962,1.0067454929840647
PER,23,1.0074915918209142,1.003840638282551,1.0067454929840647
PER,24,1.0482080282132866,1.0037870168608936,1.0067454929840647
PER,25,1.0097244084166201,1.0024714467703706,1.0067454929840647
PER,26,1.0079181733064468,1.002251434316727,1.0067454929840647
PER,27,1.0098258193415444,1.002495859420407,1.0067454929840647
PER,28,1.0083781791819049,1.0021745015394263,1.0067454929840647
PER,29T30,1.0099241049056105,1.0016251216517502,1.0067454929840647
PER,31T33,0.9896119238078533,1.0050240976873648,1.0067454929840647
PER,35,0.9932624893598547,1.0025992360993585,1.0067454929840647
PER,36T39,1.0084171006082054,1.0013691664705893,1.0067454929840647
PER,41T43,1.0063083853006098,1.0029764818517186,1.0067454929840647
PER,45T47,1.0041203652425335,1.0006391830902903,1.0067454929840647
PER,49,1.0031052752157554,1.001938688092236,1.0067454929840647
PER,50,0.9897664977837983,1.0021286396797096,1.0067454929840647
PER,51,1.0080706835222435,1.0033116091303511,1.0067454929840647
PER,52,1.0033047027802855,1.001745917441346,1.0067454929840647
PER,53,1.0040045858080677,1.0014719207982266,1.0067454929840647
PER,55T56,1.0054113614129894,1.0055430546135318,1.0067454929840647
PER,58T60,1.0078129422589426,1.0007269651502537,1.0067454929840647
PER,61,1.0069615757671868,1.0008057767351102,1.0067454929840647
PER,62T63,1.0073874025975909,1.0003023321678668,1.0067454929840647
PER,64T66,1.0080260188595394,1.0002033678826683,1.0067454929840647
PER,68,1.0063709826087224,1.0000559582101092,1.0067454929840647
PER,69T75,1.0064691644657067,1.0006889823006395,1.0067454929840647
PER,77T82,1.0079220203213952,1.0004322422240892,1.0067454929840647
PER,84,1.00597561000805,1.0012633471017005,1.0067454929840647
PER,85,1.006655865160704,1.0000787518372682,1.0067454929840647
PER,86T88,1.0064672714920613,1.000546443054872,1.0067454929840647
PER,90T93,1.0061271273303392,1.0023724995685206,1.0067454929840647
PER,94T98,1.006660344153961,1.0004559426627095,1.0067454929840647
PHL,01T02,0.9931349004614592,1.0028761518702065,1.0050898058906224
PHL,03,1.003567921367129,1.001864633699324,1.0050898058906224
PHL,05T06,0.9621138735418827,1.0019239118758696,1.0050898058906224
PHL,07T08,0.9915977867142381,1.0020356177211516,1.0050898058906224
PHL,10T12,1.0048698056846588,1.0059441615625229,1.0050898058906224
PHL,13T15,1.0061449899071784,1.0035965409781509,1.0050898058906224
PHL,16,1.002812154983421,1.0057921471462383,1.0050898058906224
PHL,17T18,0.9841123079078412,1.0065626058526291,1.0050898058906224
PHL,19,0.9979603810167876,1.0056668407335254,1.0050898058906224
PHL,20,1.0088280480116305,1.0045969559323926,1.0050898058906224
PHL,21,1.0015555977852428,1.005032074647512,1.0050898058906224
PHL,22,1.0090474321096752,1.0054396737514917,1.0050898058906224
PHL,23,0.9639354810486265,1.006008040236626,1.0050898058906224
PHL,24,1.0242057080672098,1.0072371501859554,1.0050898058906224
PHL,25,1.0055951555790315,1.0075545020840688,1.0050898058906224
PHL,26,1.0031318711238768,1.0045606677361547,1.0050898058906224
PHL,27,1.0069555757827129,1.0042984175387775,1.0050898058906224
PHL,28,1.0041040703552915,1.0048086027021328,1.0050898058906224
PHL,29T30,1.0030043893539777,1.0049119028806193,1.0050898058906224
PHL,31T33,1.0055092138418857,1.0047221487751643,1.0050898058906224
PHL,35,0.9722342291442913,1.0048591995560205,1.0050898058906224
PHL,36T39,1.0033810620244128,1.0037740952104297,1.0050898058906224
PHL,41T43,1.0037861179184082,1.0068070049394544,1.0050898058906224
PHL,45T47,1.0017135784981244,1.0032039088568065,1.0050898058906224
PHL,49,0.9982115298807577,1.0040262363570487,1.0050898058906224
PHL,50,0.9713961979110521,1.0030925162080733,1.0050898058906224
PHL,51,0.9871356509683736,1.0037222405139996,1.0050898058906224
PHL,52,1.0005696664274364,1.0031478889098395,1.0050898058906224
PHL,53,1.0035731538032906,1.0026844566874487,1.0050898058906224
PHL,55T56,1.0034688916048298,1.0048754023996052,1.0050898058906224
PHL,58T60,0.997352454527899,1.0046840715248275,1.0050898058906224
PHL,61,1.0037828641330055,1.0024468543909162,1.0050898058906224
PHL,62T63,0.9988989129705163,1.0029793867287995,1.0050898058906224
PHL,64T66,1.0016231361693053,1.0015430395989358,1.0050898058906224
PHL,68,1.0042326062579265,1.0019373611900158,1.0050898058906224
PHL,69T75,1.0011700855276622,1.002521126066113,1.0050898058906224
PHL,77T82,1.0017480505865706,1.0026066246109937,1.0050898058906224
PHL,84,1.0046247640422565,1.0017163500209123,1.0050898058906224
PHL,85,1.0039671445564764,1.0017436050121693,1.0050898058906224
PHL,86T88,1.0039927379405897,1.0035438795002294,1.0050898058906224
PHL,90T93,1.0033378921617704,1.0034484940281916,1.0050898058906224
PHL,94T98,1.0042088670776237,1.0031077157089507,1.0050898058906224
POL,01T02,0.9845234638628662,1.0063667879245293,1.005913778983647
POL,03,1.0007584765333322,1.003342914012783,1.005913778983647
POL,05T06,0.9443850332925938,1.0034379857272113,1.005913778983647
POL,07T08,0.9900254611946989,1.0058036910610626,1.005913778983647
POL,10T12,1.001240101872033,1.0072708345984376,1.005913778983647
POL,13T15,1.004953266640836,1.0036200951538226,1.005913778983647
POL,16,1.0003932219905969,1.0062488635079971,1.005913778983647
POL,17T18,1.0020005976744177,1.0045648975378796,1.005913778983647
POL,19,0.9925524911440702,1.0058820248592841,1.005913778983647
POL,20,0.9830884447211126,1.0062796602343431,1.005913778983647
POL,21,1.0003917455765,1.001971266869597,1.005913778983647
POL,22,1.004461778348191,1.0054027918723742,1.005913778983647
POL,23,0.9883698240490634,1.0068417543288504,1.005913778983647
POL,24,0.991024288066002,1.0093245745357737,1.005913778983647
POL,25,1.003737893308843,1.0052853778395952,1.005913778983647
POL,26,1.0036913057564414,1.0041371798756997,1.005913778983647
POL,27,1.0040000513810374,1.0050534534988975,1.005913778983647
POL,28,1.0029193828172083,1.004649767463234,1.005913778983647
POL,29T30,1.0040825061631748,1.004255723552424,1.005913778983647
POL,31T33,1.0060306483133359,1.0038383627135286,1.005913778983647
POL,35,0.9572763247224296,1.0061306266753884,1.005913778983647
POL,36T39,1.0011925781520148,1.0040679254136273,1.005913778983647
POL,41T43,1.002377540689342,1.0039818032410415,1.005913778983647
POL,45T47,1.0023478762099396,1.0022701148463429,1.005913778983647
POL,49,0.9960119624193312,1.0034610031833093,1.005913778983647
POL,50,1.0079164526216333,1.003118244332154,1.005913778983647
POL,51,1.007192361112173,1.0033319411877153,1.005913778983647
POL,52,1.0009164072902668,1.0034829695504015,1.005913778983647
POL,53,1.0036635974906318,1.0027288033066484,1.005913778983647
POL,55T56,1.0043124313163543,1.0038313067433728,1.005913778983647
POL,58T60,1.004950388363579,1.0021201001593971,1.005913778983647
POL,61,1.0043260298342078,1.0022225268003226,1.005913778983647
POL,62T63,1.0043468723423472,1.0013744024446078,1.005913778983647
POL,64T66,1.003233826100074,1.00159580945758,1.005913778983647
POL,68,1.0035880606006298,1.006938123952119,1.005913778983647
POL,69T75,1.0033635352606556,1.0017033325704907,1.005913778983647
POL,77T82,1.0021204059653421,1.0027546328612562,1.005913778983647
POL,84,1.0054384333344288,1.0014765821954201,1.005913778983647
POL,85,1.0055381962236412,1.0018722096700499,1.005913778983647
POL,86T88,1.0055383999741596,1.0025236148041334,1.005913778983647
POL,90T93,1.0049673028774586,1.0036798850918158,1.005913778983647
POL,94T98,1.004459954160882,1.0023521856799056,1.005913778983647
PRT,01T02,1.004406155662054,1.005616810001233,1.0051417714795607
PRT,03,0.9993487144628818,1.003882999425766,1.0051417714795607
PRT,05T06,0.8740681846421154,1.0061348526629723,1.0051417714795607
PRT,07T08,0.9968715289921231,1.0052924209158445,1.0051417714795607
PRT,10T12,1.0024842403798413,1.0073519283413885,1.0051417714795607
PRT,13T15,1.0030498575541336,1.0040390884369206,1.0051417714795607
PRT,16,1.0003927988561971,1.0064859755577804,1.0051417714795607
PRT,17T18,0.9977362688421444,1.0062012076119002,1.0051417714795607
PRT,19,0.9960398228368998,1.0076694106141835,1.0051417714795607
PRT,20,0.996600879723844,1.0066526884021432,1.0051417714795607
PRT,21,1.0015132360422923,1.0043810194983462,1.0051417714795607
PRT,22,1.0042384892663065,1.005651747129113,1.0051417714795607
PRT,23,0.9878419547167392,1.0063920800762656,1.0051417714795607
PRT,24,1.0155606902221261,1.0070812734932573,1.0051417714795607
PRT,25,1.0032247154126404,1.0053589958349436,1.0051417714795607
PRT,26,1.0031753514236361,1.004277658889479,1.0051417714795607
PRT,27,1.0029571601319098,1.0055697323905892,1.0051417714795607
PRT,28,1.0021754991209868,1.0052689458267634,1.0051417714795607
PRT,29T30,1.0036523863448428,1.0046665195907205,1.0051417714795607
PRT,31T33,1.0038980649315228,1.004465180832715,1.0051417714795607
PRT,35,0.9883886845725531,1.0108061012145404,1.0051417714795607
PRT,36T39,1.0055970310943665,1.0045867454752802,1.0051417714795607
PRT,41T43,1.0041296668921886,1.0053531300533802,1.0051417714795607
PRT,45T47,1.0022371090410258,1.0035465237217132,1.0051417714795607
PRT,49,0.995508721601867,1.0043349710413672,1.0051417714795607
PRT,50,0.982127717900154,1.0045318840255164,1.0051417714795607
PRT,51,0.9965868846106025,1.0044420528905054,1.0051417714795607
PRT,52,1.0010434402872561,1.0034311929882984,1.0051417714795607
PRT,53,1.0030639988059928,1.00314596208984,1.0051417714795607
PRT,55T56,1.0033307437408938,1.0043769765319996,1.0051417714795607
PRT,58T60,1.0022216603387433,1.003485876846006,1.0051417714795607
PRT,61,1.0033107787480502,1.0033560545781557,1.0051417714795607
PRT,62T63,1.0024200300165864,1.0030570287758374,1.0051417714795607
PRT,64T66,1.0032808709989192,1.0028535114306958,1.0051417714795607
PRT,68,1.0047638879493181,1.0028188268467648,1.0051417714795607
PRT,69T75,1.0021337314454397,1.0032247283730495,1.0051417714795607
PRT,77T82,1.0020474358074514,1.0032201841548813,1.0051417714795607
PRT,84,1.004632874273813,1.0033198691259069,1.0051417714795607
PRT,85,1.0049270164787074,1.0029082785337586,1.0051417714795607
PRT,86T88,1.0048369027235222,1.0036342339747857,1.0051417714795607
PRT,90T93,1.0040279232640286,1.003626977402316,1.0051417714795607
PRT,94T98,1.004625519064002,1.0034620158438885,1.0051417714795607
ROU,01T02,0.9940021332723299,1.0055211126133903,1.0050119218371694
ROU,03,1.0049122716051493,1.0043287834037025,1.0050119218371694
ROU,05T06,0.9754030555273829,1.004330401414556,1.0050119218371694
ROU,07T08,0.9835871054811711,1.0044707941463222,1.0050119218371694
ROU,10T12,1.0045870970679152,1.0060606743722487,1.0050119218371694
ROU,13T15,1.0053137677426283,1.0035280322911129,1.0050119218371694
ROU,16,1.001291835979841,1.0059959310538213,1.0050119218371694
ROU,17T18,1.0023091889591544,1.0044163262974635,1.0050119218371694
ROU,19,0.9973744833345677,1.0065227096159293,1.0050119218371694
ROU,20,0.9494291976491014,1.0069560090696386,1.0050119218371694
ROU,21,0.9877201321480994,1.0040799471583717,1.0050119218371694
ROU,22,1.0036559632795539,1.0055655859703703,1.0050119218371694
ROU,23,0.9761203411952182,1.0055684249598358,1.0050119218371694
ROU,24,0.9908742861987329,1.0065313332720014,1.0050119218371694
ROU,25,1.0002145258182609,1.005179472422371,1.0050119218371694
ROU,26,1.0035457513134411,1.0041808271932418,1.0050119218371694
ROU,27,1.0042470784248125,1.0046815507529194,1.0050119218371694
ROU,28,1.0021497875951466,1.0052935115780854,1.0050119218371694
ROU,29T30,1.0028442232794255,1.00469828961534,1.0050119218371694
ROU,31T33,1.005975425462211,1.004004635946797,1.0050119218371694
ROU,35,0.9862985792074301,1.0069522447871841,1.0050119218371694
ROU,36T39,1.003896086414281,1.004080375063056,1.0050119218371694
ROU,41T43,1.0039442264127356,1.006070582918279,1.0050119218371694
ROU,45T47,1.0017245365312841,1.0032469254070333,1.0050119218371694
ROU,49,1.0018326191626878,1.003631152019354,1.0050119218371694
ROU,50,1.0106044797165843,1.0032527923120163,1.0050119218371694
ROU,51,1.0033328272432758,1.00391877964683,1.0050119218371694
ROU,52,1.0016777135016361,1.0032221463996005,1.0050119218371694
ROU,53,1.002602079749667,1.0031865071013248,1.0050119218371694
ROU,55T56,1.0037570645662441,1.003338915568304,1.0050119218371694
ROU,58T60,1.003753586379752,1.0026911116923083,1.0050119218371694
ROU,61,1.0031494285954794,1.0033391064736228,1.0050119218371694
ROU,62T63,1.0020846934355565,1.002425442830184,1.0050119218371694
ROU,64T66,1.001913971953251,1.0021694949516373,1.0050119218371694
ROU,68,1.0042524637054384,1.001985279703465,1.0050119218371694
ROU,69T75,1.0019086841598894,1.0029911110771925,1.0050119218371694
ROU,77T82,1.002205616486782,1.002978809857437,1.0050119218371694
ROU,84,1.0046322988537089,1.0018812176386753,1.0050119218371694
ROU,85,1.0042719559414603,1.0019882903490744,1.0050119218371694
ROU,86T88,1.0046211775127876,1.0025834313794921,1.0050119218371694
ROU,90T93,1.0044670762125971,1.0029071202359328,1.0050119218371694
ROU,94T98,1.003982318690194,1.002916168771425,1.0050119218371694
ROW,01T02,0.9945425514888934,0.9990049038422718,0.998623066459821
ROW,03,1.0001695534396957,0.9990571560450706,0.998623066459821
ROW,05T06,0.984821279861389,0.998852895804868,0.998623066459821
ROW,07T08,1.005945511290288,0.9989846164890757,0.998623066459821
ROW,10T12,1.0061361377035218,0.9993778454257265,0.998623066459821
ROW,13T15,1.0091688616435757,0.9997402914701744,0.998623066459821
ROW,16,1.0092705794840853,0.9994303230264439,0.998623066459821
ROW,17T18,1.0059916485600513,0.9997395942498016,0.998623066459821
ROW,19,1.0050297839210824,0.9989994718227173,0.998623066459821
ROW,20,1.0013696690034892,0.9998520141552991,0.998623066459821
ROW,21,1.0050874965027359,0.999675528159702,0.998623066459821
ROW,22,0.998284870337573,1.000331851989934,0.998623066459821
ROW,23,1.0005406685779186,0.9994241316958764,0.998623066459821
ROW,24,1.0280258443008667,1.0002791466263663,0.998623066459821
ROW,25,1.0106753096100427,1.0004238012212958,0.998623066459821
ROW,26,1.0032391983329458,1.0003076059685314,0.998623066459821
ROW,27,1.0070996325857244,1.0006583311201873,0.998623066459821
ROW,28,1.0054301180840817,1.000490609083256,0.998623066459821
ROW,29T30,1.0063225649287197,1.0004009266585678,0.998623066459821
ROW,31T33,0.9933754340147243,0.9999608056800415,0.998623066459821
ROW,35,0.9990182587357549,0.9990126945062038,0.998623066459821
ROW,36T39,1.0008756009197979,0.999167977897665,0.998623066459821
ROW,41T43,0.9987556527281195,0.9997343840946997,0.998623066459821
ROW,45T47,1.0014739503979055,0.9990076656832869,0.998623066459821
ROW,49,1.0010325918676775,0.9992578226094324,0.998623066459821
ROW,50,1.0073575337235279,0.9997321710662322,0.998623066459821
ROW,51,0.9940095266835179,0.9995886542642505,0.998623066459821
ROW,52,1.003279350329646,0.9992655970594198,0.998623066459821
ROW,53,1.0017407171749841,0.9990805530204576,0.998623066459821
ROW,55T56,1.0029988517430708,0.9992279547318275,0.998623066459821
ROW,58T60,1.0034846906392243,0.9992543986106722,0.998623066459821
ROW,61,0.9999801508895402,0.9990960703716213,0.998623066459821
ROW,62T63,1.0025484134551106,0.9990700756782976,0.998623066459821
ROW,64T66,1.0018909103657772,0.998944775468075,0.998623066459821
ROW,68,0.999552659109412,0.9987998724833173,0.998623066459821
ROW,69T75,1.002914230573645,0.9990232435981099,0.998623066459821
ROW,77T82,1.0020137041806372,0.9990781744590397,0.998623066459821
ROW,84,0.9987397364031507,0.9990456564391538,0.998623066459821
ROW,85,0.9988986705481492,0.998940102309925,0.998623066459821
ROW,86T88,0.9988558327467072,0.9991628192643468,0.998623066459821
ROW,90T93,1.0008666526476282,0.9991368024396189,0.998623066459821
ROW,94T98,0.9992400322854778,0.9991781864340906,0.998623066459821
RUS,01T02,0.9874163776005717,0.9987795764669366,0.9989989374770096
RUS,03,0.9979053287537667,0.9958666343855938,0.9989989374770096
RUS,05T06,0.9776710418208514,0.9946113337468946,0.9989989374770096
RUS,07T08,0.9823957722551002,0.9969442029231252,0.9989989374770096
RUS,10T12,0.9994213397725916,1.0023513103820225,0.9989989374770096
RUS,13T15,1.0157446237277616,0.9979153145781684,0.9989989374770096
RUS,16,0.9836860165748269,1.0025274264189623,0.9989989374770096
RUS,17T18,0.9993953246946716,1.000999657669473,0.9989989374770096
RUS,19,0.9887114259155338,0.9985685055755631,0.9989989374770096
RUS,20,0.9555013785653883,1.0036479628804236,0.9989989374770096
RUS,21,1.0011823440537198,0.997484080500857,0.9989989374770096
RUS,22,0.9909776897299808,1.0057983144561495,0.9989989374770096
RUS,23,0.9650807947488818,1.0068357331881086,0.9989989374770096
RUS,24,0.9485230129717677,1.0064517598507514,0.9989989374770096
RUS,25,0.9939346701839509,1.0051169910975812,0.9989989374770096
RUS,26,1.0029491028367055,0.9981828709437873,0.9989989374770096
RUS,27,0.9957368233080203,1.004723306551018,0.9989989374770096
RUS,28,0.9961085663734175,1.0033123566828805,0.9989989374770096
RUS,29T30,1.001085260844695,1.0008181969518044,0.9989989374770096
RUS,31T33,0.9969084990384961,0.9999951465119116,0.9989989374770096
RUS,35,0.93304186580457,1.0127621146315606,0.9989989374770096
RUS,36T39,0.9808018892521148,1.0047280112429071,0.9989989374770096
RUS,41T43,0.9960038007477582,1.0000231237918875,0.9989989374770096
RUS,45T47,0.9980710526968396,0.9949037975746272,0.9989989374770096
RUS,49,0.9813487644514132,0.997327249294458,0.9989989374770096
RUS,50,0.9608931829257983,0.996407596584777,0.9989989374770096
RUS,51,0.9919438452544213,0.9983358917133093,0.9989989374770096
RUS,52,0.9916636208519635,0.9974711817855079,0.9989989374770096
RUS,53,1.0004811925675727,0.9953865426373564,0.9989989374770096
RUS,55T56,1.0046347262821973,0.996787640277391,0.9989989374770096
RUS,58T60,1.013063702726006,0.9946101316198959,0.9989989374770096
RUS,61,1.000833861480027,0.9947664812420346,0.9989989374770096
RUS,62T63,1.00882981282295,0.9930653977947002,0.9989989374770096
RUS,64T66,0.9972126129417757,0.9918650010372521,0.9989989374770096
RUS,68,0.9977134031340492,0.9943178338256105,0.9989989374770096
RUS,69T75,1.0006511551100694,0.9941475644807937,0.9989989374770096
RUS,77T82,0.992262868046516,0.9934699617263238,0.9989989374770096
RUS,84,0.998589918199428,0.9944545259786841,0.9989989374770096
RUS,85,0.9990823405684003,0.9935755776250496,0.9989989374770096
RUS,86T88,0.9988655322322129,0.9950819977948738,0.9989989374770096
RUS,90T93,1.0001346862359173,0.994912789167166,0.9989989374770096
RUS,94T98,0.9999451355162555,0.9929625974228217,0.9989989374770096
SAU,01T02,1.0118111227977789,0.9979132890116837,0.9993967544023792
SAU,03,0.9988190151812077,0.9996847819780237,0.9993967544023792
SAU,05T06,0.9911190739415378,0.9934791610050139,0.9993967544023792
SAU,07T08,0.9980346268876789,0.9945361076000835,0.9993967544023792
SAU,10T12,1.0034460059477084,0.9992232725738421,0.9993967544023792
SAU,13T15,1.0035374990756485,1.000425455389851,0.9993967544023792
SAU,16,0.9737887829748131,1.0015051518663587,0.9993967544023792
SAU,17T18,0.9964910249291257,1.0021147710540381,0.9993967544023792
SAU,19,0.9924524776640385,0.99811306714554,0.9993967544023792
SAU,20,0.9761704371120329,0.9985426857516193,0.9993967544023792
SAU,21,0.9931458265219709,1.000297282562006,0.9993967544023792
SAU,22,0.8625263603921686,1.0040679635218768,0.9993967544023792
SAU,23,0.975646569731562,1.0013731620098685,0.9993967544023792
SAU,24,1.025341833334832,1.000572917355291,0.9993967544023792
SAU,25,1.0024342930278143,1.000497559714559,0.9993967544023792
SAU,26,1.0006832993542323,1.0008788620896416,0.9993967544023792
SAU,27,1.0006889659512372,1.0023891542594179,0.9993967544023792
SAU,28,0.9989651832703601,1.001311620439948,0.9993967544023792
SAU,29T30,1.0093020338320995,1.0005095417122873,0.9993967544023792
SAU,31T33,0.8966057246863116,1.001841246403444,0.9993967544023792
SAU,35,0.9212719320824656,0.9987109271061111,0.9993967544023792
SAU,36T39,0.9953433562550472,0.9985546442601745,0.9993967544023792
SAU,41T43,0.9955097386965258,1.0017614830053092,0.9993967544023792
SAU,45T47,0.9962001909003717,0.998663367195034,0.9993967544023792
SAU,49,0.9670741573267814,0.9985254637397211,0.9993967544023792
SAU,50,0.9746865880355248,0.9996562879349156,0.9993967544023792
SAU,51,0.9943452251603014,1.000406130431702,0.9993967544023792
SAU,52,0.9956700009844496,1.0002751718574918,0.9993967544023792
SAU,53,0.9883230564280654,1.0022548221106853,0.9993967544023792
SAU,55T56,1.0011386144357814,0.9999196803796678,0.9993967544023792
SAU,58T60,1.008417734216137,0.9986644088170545,0.9993967544023792
SAU,61,0.9955637221211702,0.9989368561530948,0.9993967544023792
SAU,62T63,1.0002442569357355,0.9986497820530993,0.9993967544023792
SAU,64T66,1.002471275758731,0.9947056397127768,0.9993967544023792
SAU,68,0.999253410854311,0.9944834452065471,0.9993967544023792
SAU,69T75,0.9942853987446185,1.003156639969375,0.9993967544023792
SAU,77T82,0.9940253336739038,1.0045503047968218,0.9993967544023792
SAU,84,0.9986043863102129,0.994549712593152,0.9993967544023792
SAU,85,0.9992427550485472,0.9948655945203188,0.9993967544023792
SAU,86T88,0.99760420090147,0.9983605725321069,0.9993967544023792
SAU,90T93,1.0004820679736386,0.9960082204861472,0.9993967544023792
SAU,94T98,0.9979499037098394,0.9951788721772001,0.9993967544023792
SGP,01T02,0.9751602814460935,1.002749026506535,1.0061269396259533
SGP,03,0.9964707892096365,1.0029563797941938,1.0061269396259533
SGP,05T06,0.9762011411448722,1.0011695796156481,1.0061269396259533
SGP,07T08,1.0001895465781647,1.0027474114208663,1.0061269396259533
SGP,10T12,0.9955001764636735,1.0115332082660302,1.0061269396259533
SGP,13T15,0.9895447828358531,1.007769698891686,1.0061269396259533
SGP,16,0.9934631966339442,1.0096023357382344,1.0061269396259533
SGP,17T18,1.001228058527658,1.006030149158254,1.0061269396259533
SGP,19,0.9967953919862458,1.0063783410087375,1.0061269396259533
SGP,20,0.9942890139326276,1.0056497221974001,1.0061269396259533
SGP,21,1.0095665037491999,1.0010042553228384,1.0061269396259533
SGP,22,0.9640079472324246,1.0102803044576463,1.0061269396259533
SGP,23,1.0009445515337585,1.0093444153080295,1.0061269396259533
SGP,24,1.0222594612906204,1.0092680318764709,1.0061269396259533
SGP,25,1.0019331160801495,1.0072753988398433,1.0061269396259533
SGP,26,1.0032646041797972,1.0042986575693986,1.0061269396259533
SGP,27,1.0037090756552252,1.0059733452618425,1.0061269396259533
SGP,28,1.0054379278850276,1.003811651552898,1.0061269396259533
SGP,29T30,1.0025308956563952,1.0042837917306844,1.0061269396259533
SGP,31T33,0.9889727607400706,1.0041832380358964,1.0061269396259533
SGP,35,0.9470741129140458,1.010625099770054,1.0061269396259533
SGP,36T39,1.0006070963492233,1.003909411495015,1.0061269396259533
SGP,41T43,1.0038433703413987,1.0050074437274756,1.0061269396259533
SGP,45T47,0.9978395452570628,1.0026931619415305,1.0061269396259533
SGP,49,0.9956184086950653,1.002767786097402,1.0061269396259533
SGP,50,0.9763834747390361,1.0079602514992099,1.0061269396259533
SGP,51,0.9853533547052339,1.0037068785098289,1.0061269396259533
SGP,52,0.9973111021621597,1.0025173365222801,1.0061269396259533
SGP,53,1.0002504282325515,1.0023760183082047,1.0061269396259533
SGP,55T56,1.0026526496272088,1.0044917417173962,1.0061269396259533
SGP,58T60,1.0034901438429749,1.0020057941749831,1.0061269396259533
SGP,61,1.005003251945428,1.0013365858030365,1.0061269396259533
SGP,62T63,1.0029366105845798,1.0013156152621592,1.0061269396259533
SGP,64T66,1.0043252069238264,0.9998762005667216,1.0061269396259533
SGP,68,1.0040729838898617,1.000219127872997,1.0061269396259533
SGP,69T75,1.0046725434749637,1.0008936046232348,1.0061269396259533
SGP,77T82,1.0028075627534514,1.000398154028348,1.0061269396259533
SGP,84,1.005676622246091,1.0020815358492332,1.0061269396259533
SGP,85,1.0059865343842131,1.000756313668214,1.0061269396259533
SGP,86T88,1.005873623817571,1.0014416912392097,1.0061269396259533
SGP,90T93,1.0047061165759787,1.0020322009068279,1.0061269396259533
SGP,94T98,1.0060579804566974,0.9988565909699093,1.0061269396259533
SVK,01T02,1.0104859673001938,1.0051691212270693,1.0054004652740385
SVK,03,0.9998553228501654,1.00474700364153,1.0054004652740385
SVK,05T06,0.919289191447186,1.0038819301453412,1.0054004652740385
SVK,07T08,0.9785059724399708,1.0052133744052867,1.0054004652740385
SVK,10T12,1.0052280222783851,1.0057526621412003,1.0054004652740385
SVK,13T15,1.0042573255610192,1.0040077746655305,1.0054004652740385
SVK,16,1.0069812580033188,1.0041385119780812,1.0054004652740385
SVK,17T18,1.002315709267983,1.0050417710876534,1.0054004652740385
SVK,19,0.9943576115298559,1.005798410477001,1.0054004652740385
SVK,20,0.9568304783066058,1.0060386616280323,1.0054004652740385
SVK,21,0.9835679325574676,1.0044638931513143,1.0054004652740385
SVK,22,1.0041575773631453,1.005727624148256,1.0054004652740385
SVK,23,0.9698749373689747,1.0070683996399323,1.0054004652740385
SVK,24,0.9420959578215554,1.0083365836640934,1.0054004652740385
SVK,25,1.003356595863682,1.0053749569334556,1.0054004652740385
SVK,26,1.003984519296036,1.0041471126319856,1.0054004652740385
SVK,27,1.004661990703848,1.004825261635143,1.0054004652740385
SVK,28,1.0018146107357397,1.0056726734467085,1.0054004652740385
SVK,29T30,1.0040065200140231,1.0043026603670575,1.0054004652740385
SVK,31T33,1.0089360531768043,1.0040984838965223,1.0054004652740385
SVK,35,1.0025599174604083,1.0076240352805736,1.0054004652740385
SVK,36T39,1.002691497823717,1.00342577089036,1.0054004652740385
SVK,41T43,1.004108825253889,1.0039279498621132,1.0054004652740385
SVK,45T47,1.0016094052345024,1.0033228968631094,1.0054004652740385
SVK,49,0.9991458336239756,1.0033208925090236,1.0054004652740385
SVK,50,1.0125159085502002,1.0050803431320705,1.0054004652740385
SVK,51,1.0141133898997816,1.0058803172267836,1.0054004652740385
SVK,52,1.0003551603867664,1.0039420122980005,1.0054004652740385
SVK,53,1.0036297490362247,1.0028248689568215,1.0054004652740385
SVK,55T56,1.0046821574227696,1.003608673782862,1.0054004652740385
SVK,58T60,1.0040401268651626,1.002890613410908,1.0054004652740385
SVK,61,1.0044312792436765,1.0025165507645528,1.0054004652740385
SVK,62T63,1.0026369200181808,1.002466056572686,1.0054004652740385
SVK,64T66,1.0036956547367661,1.0022965369224435,1.0054004652740385
SVK,68,1.0044915286491707,1.002381451500681,1.0054004652740385
SVK,69T75,1.0017392854908032,1.0034755386338476,1.0054004652740385
SVK,77T82,1.0028157375202085,1.0030562365612592,1.0054004652740385
SVK,84,1.0049413212115244,1.0024475274865423,1.0054004652740385
SVK,85,1.0050858516049197,1.0025871181210806,1.0054004652740385
SVK,86T88,1.005137303414783,1.00292673636924,1.0054004652740385
SVK,90T93,1.0047447968264196,1.0031909539200423,1.0054004652740385
SVK,94T98,1.0044904788654032,1.0030815542379967,1.0054004652740385
SVN,01T02,0.9870916218082672,1.005434243075665,1.0053176877134515
SVN,03,1.0064365827092612,1.003957803940026,1.0053176877134515
SVN,05T06,0.9381659940334304,1.0039365014858055,1.0053176877134515
SVN,07T08,0.9890610173135929,1.005434912890878,1.0053176877134515
SVN,10T12,1.0041079441646767,1.0059392915666114,1.0053176877134515
SVN,13T15,1.004374391973536,1.0036276087472682,1.0053176877134515
SVN,16,0.9931113214576655,1.0061070733828021,1.0053176877134515
SVN,17T18,0.9969143855550732,1.0050430084781294,1.0053176877134515
SVN,19,0.12632811517596804,1.0049378621200873,1.0053176877134515
SVN,20,1.0081983032133168,1.0055999726939797,1.0053176877134515
SVN,21,1.0044570690572248,1.003197727483152,1.0053176877134515
SVN,22,1.0070108925238244,1.0047629131057398,1.0053176877134515
SVN,23,0.9707731730450466,1.0057704126110918,1.0053176877134515
SVN,24,1.0184531288253391,1.0070712955727603,1.0053176877134515
SVN,25,1.0063553494982234,1.0047293823322356,1.0053176877134515
SVN,26,1.004147227800344,1.0035850310690124,1.0053176877134515
SVN,27,1.0038120656284368,1.0050084361898137,1.0053176877134515
SVN,28,1.0029103632602638,1.004910531601701,1.0053176877134515
SVN,29T30,1.0040352623307192,1.0047273417253542,1.0053176877134515
SVN,31T33,1.006253937684466,1.0041469221348378,1.0053176877134515
SVN,35,0.9696524282709913,1.0058780369332647,1.0053176877134515
SVN,36T39,1.0049155422808258,1.0045675644267784,1.0053176877134515
SVN,41T43,1.0036723353124628,1.004793630850725,1.0053176877134515
SVN,45T47,1.002598962348515,1.0033094325361651,1.0053176877134515
SVN,49,0.9974768071561567,1.0039055252288556,1.0053176877134515
SVN,50,0.9575199849045467,1.0079601554462312,1.0053176877134515
SVN,51,1.011571465619961,1.0039995891816067,1.0053176877134515
SVN,52,1.0017745768505504,1.003890419950744,1.0053176877134515
SVN,53,1.0023287611347524,1.003021343245834,1.0053176877134515
SVN,55T56,1.004038165729217,1.0039530438377193,1.0053176877134515
SVN,58T60,1.0022823745186376,1.0028944569708145,1.0053176877134515
SVN,61,1.0036158896384941,1.0026444616593568,1.0053176877134515
SVN,62T63,1.0021739875669404,1.0025872002406777,1.0053176877134515
SVN,64T66,1.0030252025845683,1.0025141648474376,1.0053176877134515
SVN,68,1.005085920776838,1.0024865312860949,1.0053176877134515
SVN,69T75,1.002331161785622,1.0031493068191881,1.0053176877134515
SVN,77T82,1.0024910861303427,1.003176833624506,1.0053176877134515
SVN,84,1.0048817165549124,1.0028098390298918,1.0053176877134515
SVN,85,1.004835241002067,1.0027805192315464,1.0053176877134515
SVN,86T88,1.005060620148246,1.0029369514945152,1.0053176877134515
SVN,90T93,1.0047607844730393,1.003251186742856,1.0053176877134515
SVN,94T98,1.0039062855134098,1.0031092150625731,1.0053176877134515
SWE,01T02,0.970793391944195,1.009515877437399,1.0046334463455937
SWE,03,0.9978216865237992,1.0037969712331714,1.0046334463455937
SWE,05T06,0.9858826100562499,1.0047781969356109,1.0046334463455937
SWE,07T08,1.0083096292935732,1.0037935525332233,1.0046334463455937
SWE,10T12,1.002588017826329,1.0068905396440255,1.0046334463455937
SWE,13T15,1.0030217618458774,1.0042193037019795,1.0046334463455937
SWE,16,0.9943870140193161,1.01028528722864,1.0046334463455937
SWE,17T18,0.9964503472172738,1.0069982110426652,1.0046334463455937
SWE,19,1.00202905066815,1.0059389610643465,1.0046334463455937
SWE,20,0.9937800350725484,1.0047991926194524,1.0046334463455937
SWE,21,1.0054426968329255,1.0037699575623649,1.0046334463455937
SWE,22,1.007833436054065,1.0048544168720637,1.0046334463455937
SWE,23,1.0025920401277206,1.0053360477538482,1.0046334463455937
SWE,24,1.0216641145647143,1.005489904023748,1.0046334463455937
SWE,25,1.0058839722599542,1.005079024262259,1.0046334463455937
SWE,26,1.004061968437494,1.003652314537199,1.0046334463455937
SWE,27,1.0053953691880966,1.004486510354563,1.0046334463455937
SWE,28,1.0042436878430447,1.0039574333259569,1.0046334463455937
SWE,29T30,1.004487565745284,1.004051169734177,1.0046334463455937
SWE,31T33,1.0044729799970815,1.0042551158387871,1.0046334463455937
SWE,35,1.004324525956535,1.0041074030621795,1.0046334463455937
SWE,36T39,1.0057562625379621,1.0037899453909,1.0046334463455937
SWE,41T43,1.0039682544188204,1.0042968252103237,1.0046334463455937
SWE,45T47,1.002445640885949,1.0033020427387818,1.0046334463455937
SWE,49,1.0019350642252998,1.0037419938758811,1.0046334463455937
SWE,50,0.9742042071550754,1.004803610247466,1.0046334463455937
SWE,51,0.9980350394203209,1.0041858637499146,1.0046334463455937
SWE,52,1.0013260072097434,1.0042510336000299,1.0046334463455937
SWE,53,1.0025609751263849,1.003292619990267,1.0046334463455937
SWE,55T56,1.0035436179105857,1.0041459013968217,1.0046334463455937
SWE,58T60,1.0022623856052344,1.0031892256570223,1.0046334463455937
SWE,61,1.0027631828080514,1.0031367802062774,1.0046334463455937
SWE,62T63,1.0013293829528047,1.0030258296505559,1.0046334463455937
SWE,64T66,1.0024904504275696,1.0029946424366907,1.0046334463455937
SWE,68,1.0040706775387147,1.0034024663385768,1.0046334463455937
SWE,69T75,1.003011264329373,1.003184510714328,1.0046334463455937
SWE,77T82,1.0025141879152764,1.0036142523661888,1.0046334463455937
SWE,84,1.0043082543570052,1.0032556441155944,1.0046334463455937
SWE,85,1.004458166656185,1.0031793237424396,1.0046334463455937
SWE,86T88,1.0045319377445996,1.0031837007074886,1.0046334463455937
SWE,90T93,1.0038777551297033,1.0037033106575992,1.0046334463455937
SWE,94T98,1.0040393615807859,1.003320781352804,1.0046334463455937
THA,01T02,0.9908743703813656,1.0027371824159093,1.0072571003504454
THA,03,1.0012042472201046,1.002487154991011,1.0072571003504454
THA,05T06,0.9636193579584881,1.0021654884064886,1.0072571003504454
THA,07T08,0.98785459817964,1.003011310057837,1.0072571003504454
THA,10T12,1.001356066106246,1.0084338631558467,1.0072571003504454
THA,13T15,1.0055190459104606,1.0036010704570462,1.0072571003504454
THA,16,0.9988606739171771,1.0056544655381872,1.0072571003504454
THA,17T18,1.0002104018930222,1.0040061006668222,1.0072571003504454
THA,19,0.9927329548954685,1.008910750312429,1.0072571003504454
THA,20,0.9881849935076197,1.0059419625093986,1.0072571003504454
THA,21,1.0022293561973072,1.004958723281622,1.0072571003504454
THA,22,1.000131314933432,1.0077133850316848,1.0072571003504454
THA,23,0.9674842149191178,1.0090030620236652,1.0072571003504454
THA,24,0.989419410072427,1.0078459324983944,1.0072571003504454
THA,25,0.9991493240743373,1.0077545206737186,1.0072571003504454
THA,26,1.0044436583375786,1.0037496713243494,1.0072571003504454
THA,27,1.001664298241049,1.006606975030945,1.0072571003504454
THA,28,1.0003041992573134,1.0057874814616214,1.0072571003504454
THA,29T30,1.000001642593128,1.005538943993077,1.0072571003504454
THA,31T33,1.0032202871039442,1.005351039976041,1.0072571003504454
THA,35,0.9880262253170318,1.0068497448487346,1.0072571003504454
THA,36T39,1.0034085904716132,1.0024873031188695,1.0072571003504454
THA,41T43,1.0064309917099783,1.0106834334372705,1.0072571003504454
THA,45T47,1.002651629053466,1.0007260800376834,1.0072571003504454
THA,49,0.9866706949666084,1.0058917156202543,1.0072571003504454
THA,50,0.9891288210053096,1.0041152537262108,1.0072571003504454
THA,51,0.9827195958077265,1.0060796307270397,1.0072571003504454
THA,52,0.9973865078529954,1.004341460724238,1.0072571003504454
THA,53,1.0028356772609701,1.0010951489774549,1.0072571003504454
THA,55T56,1.0028471097665919,1.005545733267487,1.0072571003504454
THA,58T60,1.0013208938838236,1.0026445167058815,1.0072571003504454
THA,61,1.0050743399610846,1.0011733243584016,1.0072571003504454
THA,62T63,0.9974904172381248,1.0022753128080464,1.0072571003504454
THA,64T66,1.001505479622683,1.0004917991513491,1.0072571003504454
THA,68,1.0054340823864982,1.000424624026025,1.0072571003504454
THA,69T75,1.0001168528942004,1.0018576353886885,1.0072571003504454
THA,77T82,0.998496500996127,1.0022229013970672,1.0072571003504454
THA,84,1.006795163423805,1.0011730327263124,1.0072571003504454
THA,85,1.006934456877247,1.000984771331048,1.0072571003504454
THA,86T88,1.0061468795143638,1.0027905638511012,1.0072571003504454
THA,90T93,1.0053775370788247,1.0017060055511129,1.0072571003504454
THA,94T98,1.0029947544394329,1.0032990176985181,1.0072571003504454
TUN,01T02,0.9985326987076211,1.0016972521522283,1.0059417769531813
TUN,03,1.002636887428252,1.0003223164894233,1.0059417769531813
TUN,05T06,0.960184369870971,1.0088595462398995,1.0059417769531813
TUN,07T08,0.9757744137579404,1.009784382014544,1.0059417769531813
TUN,10T12,1.0006889950947346,1.009693445604376,1.0059417769531813
TUN,13T15,1.0003809056632802,1.004436298018253,1.0059417769531813
TUN,16,1.0021688530302746,1.0047589069889422,1.0059417769531813
TUN,17T18,0.9954834998696624,1.004776752930849,1.0059417769531813
TUN,19,0.9787442062789055,1.014542808046228,1.0059417769531813
TUN,20,0.9911617895048086,1.0071733722698752,1.0059417769531813
TUN,21,0.9996569527786268,1.0041358022649107,1.0059417769531813
TUN,22,0.9564653466298785,1.006222608766348,1.0059417769531813
TUN,23,0.9292979768441699,1.0158884002786102,1.0059417769531813
TUN,24,0.9995541039255427,1.0117862525629358,1.0059417769531813
TUN,25,0.9981709450450664,1.0069137557148236,1.0059417769531813
TUN,26,1.0021748011971734,1.0056559588447653,1.0059417769531813
TUN,27,1.001758536788456,1.0063896426923147,1.0059417769531813
TUN,28,1.0024662892716123,1.0054794128794107,1.0059417769531813
TUN,29T30,1.0030995118360433,1.0049804051619098,1.0059417769531813
TUN,31T33,0.9790643522641485,1.0044237345783396,1.0059417769531813
TUN,35,0.9288562950513408,1.0119273303689102,1.0059417769531813
TUN,36T39,1.0025867328410478,1.010099360541927,1.0059417769531813
TUN,41T43,1.0038592674212854,1.0127369257773635,1.0059417769531813
TUN,45T47,1.003292581494998,1.0011054571236981,1.0059417769531813
TUN,49,0.9891778194228056,1.0019291488087203,1.0059417769531813
TUN,50,1.0092124237496582,1.0028641578834387,1.0059417769531813
TUN,51,0.9706632481285186,1.0037086609386792,1.0059417769531813
TUN,52,0.9931919704743118,1.0010533644343504,1.0059417769531813
TUN,53,1.0024659427278821,1.0009878082143948,1.0059417769531813
TUN,55T56,1.0043746905109034,1.00274243669133,1.0059417769531813
TUN,58T60,1.0032586716805962,1.0026049913134778,1.0059417769531813
TUN,61,1.004110914490308,1.0006115223723013,1.0059417769531813
TUN,62T63,1.0014578365755473,1.001429156352717,1.0059417769531813
TUN,64T66,1.00080008796174,0.9999366751908781,1.0059417769531813
TUN,68,1.0050632172431513,1.0007929307598586,1.0059417769531813
TUN,69T75,1.0020536528590331,1.0018738797703004,1.0059417769531813
TUN,77T82,1.001881595366794,1.0018030609818815,1.0059417769531813
TUN,84,1.005568433891821,0.9998194829002889,1.0059417769531813
TUN,85,1.0054242488526857,1.00033489221999,1.0059417769531813
TUN,86T88,1.004598638504803,1.0014929641871704,1.0059417769531813
TUN,90T93,1.0020400476965021,1.002884551133673,1.0059417769531813
TUN,94T98,1.0055410424265687,1.0003778262607035,1.0059417769531813
TUR,01T02,1.0027666694500452,1.0052985541684936,1.0059765460826502
TUR,03,1.001627019079893,1.0026029016623863,1.0059765460826502
TUR,05T06,0.9662721367376517,1.004322626239444,1.0059765460826502
TUR,07T08,0.9905382178636374,1.0027822186952113,1.0059765460826502
TUR,10T12,1.002607024627489,1.0068135762519987,1.0059765460826502
TUR,13T15,1.0013084938566161,1.0036036696708208,1.0059765460826502
TUR,16,0.993981040686414,1.0065390366338711,1.0059765460826502
TUR,17T18,0.9994492117794361,1.0042259542199374,1.0059765460826502
TUR,19,0.9935176846505867,1.0058377681196837,1.0059765460826502
TUR,20,0.9805993691763846,1.0051860285725858,1.0059765460826502
TUR,21,0.9990021736375232,1.0040237372124894,1.0059765460826502
TUR,22,1.0009701336017096,1.0061929522251778,1.0059765460826502
TUR,23,0.9646055090922947,1.0098427829216372,1.0059765460826502
TUR,24,0.995185886779881,1.0074578790449922,1.0059765460826502
TUR,25,1.0029640249838296,1.0056656050347854,1.0059765460826502
TUR,26,1.0055917972766306,1.0023377127686792,1.0059765460826502
TUR,27,1.0017867024529543,1.00617531924599,1.0059765460826502
TUR,28,1.0029402187345402,1.0050911768175612,1.0059765460826502
TUR,29T30,1.0043781251499126,1.004225023510819,1.0059765460826502
TUR,31T33,1.004066433587922,1.00443773955584,1.0059765460826502
TUR,35,0.9562872463599825,1.0294481079143767,1.0059765460826502
TUR,36T39,0.9990126719392747,1.00491863886568,1.0059765460826502
TUR,41T43,1.004650362353154,1.00665556301191,1.0059765460826502
TUR,45T47,1.0010298851598975,1.0022719352468317,1.0059765460826502
TUR,49,0.9987374458248648,1.0032535975196535,1.0059765460826502
TUR,50,0.9976769606135857,1.0024987898222684,1.0059765460826502
TUR,51,0.9744774929115178,1.0023869840540303,1.0059765460826502
TUR,52,0.999810732094348,1.0015860802795613,1.0059765460826502
TUR,53,1.0008186680472524,1.0024945413271817,1.0059765460826502
TUR,55T56,1.0037621443758915,1.0034284972685306,1.0059765460826502
TUR,58T60,1.0025356262902503,1.0024437140273363,1.0059765460826502
TUR,61,1.0040734295385843,1.0025784798940258,1.0059765460826502
TUR,62T63,1.0022624309611106,1.0006155518236555,1.0059765460826502
TUR,64T66,1.000340669728307,1.001386578124421,1.0059765460826502
TUR,68,1.0038782659974181,1.004204142462643,1.0059765460826502
TUR,69T75,1.0014202405188999,1.0019033496217713,1.0059765460826502
TUR,77T82,1.0018827934329406,1.0015931141525276,1.0059765460826502
TUR,84,1.0045647308253174,1.0025537483301976,1.0059765460826502
TUR,85,1.005260378320449,1.0012841001300865,1.0059765460826502
TUR,86T88,1.0054703386607136,1.0028405209432734,1.0059765460826502
TUR,90T93,1.0042467259378118,1.0023102547560259,1.0059765460826502
TUR,94T98,1.00469364219369,1.0028812571007588,1.0059765460826502
TWN,01T02,1.016806115659489,1.0039607902097383,1.0072511100858415
TWN,03,0.9967149706591207,1.0052221126124348,1.0072511100858415
TWN,05T06,0.9659800045932766,1.0046628779837028,1.0072511100858415
TWN,07T08,0.9694326466471825,1.005371587567425,1.0072511100858415
TWN,10T12,1.008108456708467,1.00557038974834,1.0072511100858415
TWN,13T15,0.9917385974330291,1.0066358292703397,1.0072511100858415
TWN,16,1.0065936916542877,1.0064676072964407,1.0072511100858415
TWN,17T18,0.9966037471203044,1.0067434339109844,1.0072511100858415
TWN,19,0.9872375597542371,1.0066185849907876,1.0072511100858415
TWN,20,0.98793723154376,1.0101115116733976,1.0072511100858415
TWN,21,1.0030803624925928,1.0045054443676298,1.0072511100858415
TWN,22,1.0023136141463787,1.0076491489546764,1.0072511100858415
TWN,23,0.9960937381522398,1.0100328725580487,1.0072511100858415
TWN,24,0.9664865978076115,1.0125620608524197,1.0072511100858415
TWN,25,0.9941789217200562,1.0099791752582414,1.0072511100858415
TWN,26,1.0021188911054888,1.00530414916721,1.0072511100858415
TWN,27,1.0025695521460483,1.006952094645177,1.0072511100858415
TWN,28,0.9990919967824935,1.0079520870577647,1.0072511100858415
TWN,29T30,1.0018239496963945,1.005768281026235,1.0072511100858415
TWN,31T33,1.0004193612892398,1.0057339026681722,1.0072511100858415
TWN,35,0.9472262418307709,1.0076831475124457,1.0072511100858415
TWN,36T39,0.9920738947592039,1.005888578494012,1.0072511100858415
TWN,41T43,1.0056266531078313,1.008155071284299,1.0072511100858415
TWN,45T47,1.0018997234086005,1.0026603698409786,1.0072511100858415
TWN,49,0.9939135789010235,1.0043686255028457,1.0072511100858415
TWN,50,0.9847980488241604,1.0071186913425065,1.0072511100858415
TWN,51,0.9841069277750382,1.0055234267281696,1.0072511100858415
TWN,52,0.9958770871383127,1.0032311736781145,1.0072511100858415
TWN,53,1.0029185896255801,1.0041727708926962,1.0072511100858415
TWN,55T56,1.0057613543788873,1.004145779550446,1.0072511100858415
TWN,58T60,1.0021901673803488,1.0034812513755926,1.0072511100858415
TWN,61,1.0047393511234408,1.0029343359865075,1.0072511100858415
TWN,62T63,1.0024012869950105,1.0023547185299206,1.0072511100858415
TWN,64T66,1.0043468754075484,1.0017925796726082,1.0072511100858415
TWN,68,1.0063160886147022,1.0020209601405354,1.0072511100858415
TWN,69T75,1.0018894452010085,1.0030658112607866,1.0072511100858415
TWN,77T82,1.0013234381018816,1.0025079208469525,1.0072511100858415
TWN,84,1.0067284367440117,1.0023734991375464,1.0072511100858415
TWN,85,1.0070583884200761,1.0024894379415452,1.0072511100858415
TWN,86T88,1.0065143242844252,1.0034049003292667,1.0072511100858415
TWN,90T93,1.0054904113550571,1.003162063681852,1.0072511100858415
TWN,94T98,1.0066677364209535,1.0029028543744631,1.0072511100858415
USA,01T02,0.993467795219711,1.006623486712582,1.0039665912232718
USA,03,1.0043346043710246,1.0024340490267862,1.0039665912232718
USA,05T06,0.9879867462193597,1.0039097019103098,1.0039665912232718
USA,07T08,1.0007416955625608,1.0042591940412482,1.0039665912232718
USA,10T12,1.0023909626664689,1.007275381331251,1.0039665912232718
USA,13T15,1.0013507810344335,1.0042526451296596,1.0039665912232718
USA,16,1.0045250236831869,1.0054961856016476,1.0039665912232718
USA,17T18,1.001412270388565,1.0045932853249129,1.0039665912232718
USA,19,0.9985847450890527,1.0069508304092096,1.0039665912232718
USA,20,0.999183987002535,1.005012647318042,1.0039665912232718
USA,21,1.001628358569342,1.0030198738496812,1.0039665912232718
USA,22,1.0049626343677738,1.004871815141508,1.0039665912232718
USA,23,1.000401335841466,1.004935706895404,1.0039665912232718
USA,24,1.010453155456073,1.006051954742183,1.0039665912232718
USA,25,1.004886467035352,1.0045623719812284,1.0039665912232718
USA,26,1.0048954898436118,1.0024560498768307,1.0039665912232718
USA,27,1.0063361034264449,1.0038947127566586,1.0039665912232718
USA,28,1.003519226789229,1.0038296937643556,1.0039665912232718
USA,29T30,1.0039736123654595,1.0037865043286414,1.0039665912232718
USA,31T33,1.0083680308884029,1.0034258835594412,1.0039665912232718
USA,35,0.9676216334636578,1.0043548957763289,1.0039665912232718
USA,36T39,1.0017081472164262,1.0029209629381322,1.0039665912232718
USA,41T43,1.0029801996862446,1.0037385298603674,1.0039665912232718
USA,45T47,1.0021917824466733,1.0030335055467792,1.0039665912232718
USA,49,0.9985574023156693,1.003197735246047,1.0039665912232718
USA,50,0.9973614224364552,1.003403040759322,1.0039665912232718
USA,51,0.9940074781812515,1.0030012541560476,1.0039665912232718
USA,52,0.9994437105277688,1.004085620586561,1.0039665912232718
USA,53,0.9987705436058222,1.0032382607367323,1.0039665912232718
USA,55T56,1.0031473684295091,1.0034894557444052,1.0039665912232718
USA,58T60,1.0031884866752563,1.0024675750568632,1.0039665912232718
USA,61,1.0029467017814078,1.0026764537138726,1.0039665912232718
USA,62T63,1.0021573929238001,1.0024216606840315,1.0039665912232718
USA,64T66,1.0023592987564522,1.0024120910710215,1.0039665912232718
USA,68,1.0032929285343335,1.003151151949999,1.0039665912232718
USA,69T75,1.0022718784467783,1.0025827217858332,1.0039665912232718
USA,77T82,1.0017723781135008,1.0026311711236662,1.0039665912232718
USA,84,1.0029319922419344,1.0029970023869363,1.0039665912232718
USA,85,1.0031855443027629,1.0028005076123472,1.0039665912232718
USA,86T88,1.0038278313228972,1.002678219643483,1.0039665912232718
USA,90T93,1.0033932196533597,1.0028145519637455,1.0039665912232718
USA,94T98,1.0035778876147041,1.0027210615218287,1.0039665912232718
VNM,01T02,0.9966046087029027,1.0059721517179583,1.0087810206303562
VNM,03,1.0017600431378373,1.005149042685202,1.0087810206303562
VNM,05T06,0.978881318623401,1.0030195740812102,1.0087810206303562
VNM,07T08,0.9125641847462518,1.0096930489166898,1.0087810206303562
VNM,10T12,1.0003894761935188,1.0100627365986574,1.0087810206303562
VNM,13T15,1.002445567939949,1.0040543535461797,1.0087810206303562
VNM,16,0.9855676671316905,1.0129583495605308,1.0087810206303562
VNM,17T18,0.9922643112577099,1.006979708244591,1.0087810206303562
VNM,19,0.9796661960845846,1.0071650200825635,1.0087810206303562
VNM,20,0.9908776842226161,1.0086050841529561,1.0087810206303562
VNM,21,1.0050832681007,1.003433296483215,1.0087810206303562
VNM,22,0.9979486947790052,1.0083378202832038,1.0087810206303562
VNM,23,0.9492620628130196,1.0151571811806,1.0087810206303562
VNM,24,0.9744888401256108,1.013961417949849,1.0087810206303562
VNM,25,0.9825873432208854,1.0118449363237791,1.0087810206303562
VNM,26,1.0030843794409365,1.0040169962474508,1.0087810206303562
VNM,27,0.9983095134838906,1.0076635593407648,1.0087810206303562
VNM,28,1.0025118822665875,1.0048862310069027,1.0087810206303562
VNM,29T30,1.0046095478636852,1.0050914135350035,1.0087810206303562
VNM,31T33,0.9920421274684912,1.0076861584869323,1.0087810206303562
VNM,35,0.9030425003684638,1.0061072570397036,1.0087810206303562
VNM,36T39,1.0002748306268499,1.004301483038843,1.0087810206303562
VNM,41T43,1.0066724268130927,1.0121618748204095,1.0087810206303562
VNM,45T47,0.9991018440134382,1.0017151159028193,1.0087810206303562
VNM,49,0.9865843251485205,1.0041447157716823,1.0087810206303562
VNM,50,0.956892031345266,1.0049085642294717,1.0087810206303562
VNM,51,0.9807259167169405,1.0049092988023358,1.0087810206303562
VNM,52,0.9956625308034946,1.0009589598252635,1.0087810206303562
VNM,53,0.9980331318254364,1.0023155078482198,1.0087810206303562
VNM,55T56,1.0034303944477694,1.0053671759409963,1.0087810206303562
VNM,58T60,1.0027333985767115,1.0027200577397963,1.0087810206303562
VNM,61,1.0052902881540495,1.003184626780037,1.0087810206303562
VNM,62T63,1.0086669218591113,0.9987079184604939,1.0087810206303562
VNM,64T66,1.0008698801476332,0.9988709033932409,1.0087810206303562
VNM,68,1.0062726354851832,1.0018613422521683,1.0087810206303562
VNM,69T75,1.0005012214598565,1.000638063272353,1.0087810206303562
VNM,77T82,1.0018733345038542,1.000687985999658,1.0087810206303562
VNM,84,1.0075276947384948,1.0012901992280638,1.0087810206303562
VNM,85,1.0077170388846997,0.9995311617662662,1.0087810206303562
VNM,86T88,1.0082490494064473,1.0015131688303562,1.0087810206303562
VNM,90T93,1.0079583718520497,1.0002250870116685,1.0087810206303562
VNM,94T98,1.0072084675954263,1.0030164738590963,1.0087810206303562
ZAF,01T02,0.983134869264376,0.9998945381219722,0.9969148429242045
ZAF,03,0.9988038224954583,0.9921945500411573,0.9969148429242045
ZAF,05T06,0.9634552655223676,0.9973014508247185,0.9969148429242045
ZAF,07T08,0.9582208605766579,1.0024762560834097,0.9969148429242045
ZAF,10T12,1.0015475482653542,1.000343485355867,0.9969148429242045
ZAF,13T15,1.0147372585404577,0.9978473143929284,0.9969148429242045
ZAF,16,1.000172449659415,0.9996959512792327,0.9969148429242045
ZAF,17T18,1.002565498228878,0.9966160316236888,0.9969148429242045
ZAF,19,0.9706168932805839,1.0011900896286285,0.9969148429242045
ZAF,20,0.9832276406484912,1.0044084962221094,0.9969148429242045
ZAF,21,0.9984405104024807,0.999666108161201,0.9969148429242045
ZAF,22,0.9760834851490418,1.000428378682929,0.9969148429242045
ZAF,23,0.9651974297639524,1.0037389235216942,0.9969148429242045
ZAF,24,0.8196985670015141,1.0180975076453849,0.9969148429242045
ZAF,25,0.9693274307396802,1.0163079958296766,0.9969148429242045
ZAF,26,1.0025118005171811,0.9990832543529712,0.9969148429242045
ZAF,27,0.9793580718477298,1.008444073112935,0.9969148429242045
ZAF,28,0.994517690641169,1.0038686374491446,0.9969148429242045
ZAF,29T30,0.994943777777271,1.0056451833996345,0.9969148429242045
ZAF,31T33,0.950203830907723,1.0015644943583883,0.9969148429242045
ZAF,35,0.8726284172966374,1.0050664773555558,0.9969148429242045
ZAF,36T39,0.991394075059859,0.9921094094500791,0.9969148429242045
ZAF,41T43,0.9935758771288181,0.9998492131517208,0.9969148429242045
ZAF,45T47,0.9932705838892587,0.9912432995291913,0.9969148429242045
ZAF,49,0.989568028486098,0.9934121524784042,0.9969148429242045
ZAF,50,0.8762951882575832,0.992795999723423,0.9969148429242045
ZAF,51,0.9902370736199609,0.995714423686061,0.9969148429242045
ZAF,52,0.976967512301292,0.9950947788558084,0.9969148429242045
ZAF,53,0.9930210697426399,0.9926662842589993,0.9969148429242045
ZAF,55T56,1.0008340549336852,0.9923487427106168,0.9969148429242045
ZAF,58T60,0.9980409529089088,0.9931508412143472,0.9969148429242045
ZAF,61,0.9974986734776005,0.9939662367369669,0.9969148429242045
ZAF,62T63,0.9903000401633868,0.993429920586029,0.9969148429242045
ZAF,64T66,0.9948456993837297,0.988700207185614,0.9969148429242045
ZAF,68,0.9953273263025567,0.9910866817696996,0.9969148429242045
ZAF,69T75,0.9926937829235603,0.9923322635067511,0.9969148429242045
ZAF,77T82,0.9905950437638745,0.9931845708901107,0.9969148429242045
ZAF,84,0.9961621518241439,0.9904251247054369,0.9969148429242045
ZAF,85,0.9958059234818278,0.9887841274413498,0.9969148429242045
ZAF,86T88,0.9957832520489,0.9909852926420599,0.9969148429242045
ZAF,90T93,0.9864253768436686,0.9924048365841678,0.9969148429242045
ZAF,94T98,0.9955018902331189,0.9873627324104115,0.9969148429242045
