country,sector,output_hat,price_hat,spending_hat
ARG,01T02,0.9997102850322577,1.0000688002650593,1.0000534220714978
ARG,03,1.0001525822407322,1.000068005850616,1.0000534220714978
ARG,05T06,0.9996145220249156,1.0000668236783616,1.0000534220714978
ARG,07T08,1.0003320273452407,1.000061884054368,1.0000534220714978
ARG,10T12,1.000296118641296,1.0000668069880672,1.0000534220714978
ARG,13T15,1.0002738847477848,1.0000820566670148,1.0000534220714978
ARG,16,1.0003798664143642,1.0000754670467602,1.0000534220714978
ARG,17T18,1.0001098841681462,1.0000698752446915,1.0000534220714978
ARG,19,1.0001107194773056,1.0000709538250092,1.0000534220714978
ARG,20,1.0002531595320918,1.0000954906447053,1.0000534220714978
ARG,21,1.0001969382606803,1.0000830848784545,1.0000534220714978
ARG,22,1.0001097970244486,1.0000965030837574,1.0000534220714978
ARG,23,1.0001358715599042,1.000068781946054,1.0000534220714978
ARG,24,1.0003140180705852,1.0000635282181445,1.0000534220714978
ARG,25,1.0004987039303772,1.00007352623704,1.0000534220714978
ARG,26,1.0002754343936866,1.0001311058866837,1.0000534220714978
ARG,27,1.0005163026271773,1.0000868316743878,1.0000534220714978
ARG,28,1.000247114604857,1.0000970649489567,1.0000534220714978
ARG,29T30,0.9998104707558065,1.0000730866391434,1.0000534220714978
ARG,31T33,1.000309124781195,1.0000808590406425,1.0000534220714978
ARG,35,1.0000509325861593,1.0000679568633928,1.0000534220714978
ARG,36T39,1.0000853032414088,1.000065910373502,1.0000534220714978
ARG,41T43,1.0000567885762395,1.0000757658350217,1.0000534220714978
ARG,45T47,1.0000530629975213,1.0000649459557611,1.0000534220714978
ARG,49,1.000081233457344,1.000067875979769,1.0000534220714978
ARG,50,1.0000804322477261,1.0000775139494744,1.0000534220714978
ARG,51,0.999841167566417,1.0000849693829477,1.0000534220714978
ARG,52,1.0001205040922303,1.0000692555477468,1.0000534220714978
ARG,53,1.0001868472391697,1.0000681758744827,1.0000534220714978
ARG,55T56,1.0001358827482687,1.0000661030408666,1.0000534220714978
ARG,58T60,1.0001558322347643,1.0000734755250267,1.0000534220714978
ARG,61,1.000111902677266,1.0000770863463184,1.0000534220714978
ARG,62T63,1.0000807451308105,1.0000739486992363,1.0000534220714978
ARG,64T66,1.0000873743746983,1.0000701012083646,1.0000534220714978
ARG,68,1.000067548293713,1.000065186077323,1.0000534220714978
ARG,69T75,1.0001492851015064,1.0000702987550376,1.0000534220714978
ARG,77T82,1.00010496131733,1.0000679170517413,1.0000534220714978
ARG,84,1.000054758935667,1.000064784055114,1.0000534220714978
ARG,85,1.000060293763685,1.0000631168754777,1.0000534220714978
ARG,86T88,1.0000561715547513,1.0000685816628665,1.0000534220714978
ARG,90T93,1.0000800608855296,1.0000701996826873,1.0000534220714978
ARG,94T98,1.0000607315898054,1.000071076446768,1.0000534220714978
AUS,01T02,0.9996616831033533,1.0001460808570508,1.0001270572667769
AUS,03,1.0001981087012342,1.0001569633375609,1.0001270572667769
AUS,05T06,0.9988726123751649,1.0001395030258107,1.0001270572667769
AUS,07T08,1.0010628334890335,1.000144729729812,1.0001270572667769
AUS,10T12,1.000560536763655,1.000151715350614,1.0001270572667769
AUS,13T15,1.0009111733279077,1.0001581489758347,1.0001270572667769
AUS,16,1.000551965639559,1.0001601617127016,1.0001270572667769
AUS,17T18,1.0003702665605136,1.0001599161109112,1.0001270572667769
AUS,19,1.0000666163967578,1.0001399386435406,1.0001270572667769
AUS,20,1.0004384104252855,1.0001561713989762,1.0001270572667769
AUS,21,1.0003572069381865,1.0001615445709315,1.0001270572667769
AUS,22,1.0007253576378046,1.000178414366767,1.0001270572667769
AUS,23,1.0003946011637663,1.0001579881437348,1.0001270572667769
AUS,24,1.0029188246081475,1.0001494587160404,1.0001270572667769
AUS,25,1.0007096454934916,1.0001865763266644,1.0001270572667769
AUS,26,1.0003426218072635,1.0001801163798842,1.0001270572667769
AUS,27,1.0007955624841829,1.0002001569760366,1.0001270572667769
AUS,28,1.0004462853470362,1.0001925080885063,1.0001270572667769
AUS,29T30,1.0004074369890008,1.0001920854070452,1.0001270572667769
AUS,31T33,1.0003848510957578,1.0001811727445167,1.0001270572667769
AUS,35,1.0002602284892423,1.0001386180108995,1.0001270572667769
AUS,36T39,1.0001366192603656,1.0001405768820013,1.0001270572667769
AUS,41T43,1.0001357970862101,1.0001690632959197,1.0001270572667769
AUS,45T47,1.0001323750149043,1.0001412893793349,1.0001270572667769
AUS,49,1.000197116243281,1.000148714772478,1.0001270572667769
AUS,50,1.0002012899434367,1.0001412641792014,1.0001270572667769
AUS,51,1.0000830217765744,1.0001609924278265,1.0001270572667769
AUS,52,1.0001607533596646,1.0001343645728462,1.0001270572667769
AUS,53,1.0001512117873592,1.000149367805884,1.0001270572667769
AUS,55T56,1.0002224419494428,1.0001423275512642,1.0001270572667769
AUS,58T60,1.0001859712487282,1.0001415524792923,1.0001270572667769
AUS,61,1.0001673782760825,1.0001421970785833,1.0001270572667769
AUS,62T63,1.0001352238174452,1.0001340009814759,1.0001270572667769
AUS,64T66,1.0001099265828874,1.0001298136220096,1.0001270572667769
AUS,68,1.0001320383803982,1.0001305575719424,1.0001270572667769
AUS,69T75,1.0001405360461086,1.0001345947962883,1.0001270572667769
AUS,77T82,1.0001617947748633,1.000134917796833,1.0001270572667769
AUS,84,1.0001348195894484,1.0001369915854812,1.0001270572667769
AUS,85,1.000134826406333,1.0001363182682623,1.0001270572667769
AUS,86T88,1.0001283595147603,1.000139313526097,1.0001270572667769
AUS,90T93,1.00013702491447,1.0001383874431546,1.0001270572667769
AUS,94T98,1.000138396987092,1.0001377514647154,1.0001270572667769
AUT,01T02,0.999985634567892,1.000534857438916,1.0004664502219514
AUT,03,1.0003924163248314,1.0004073529048254,1.0004664502219514
AUT,05T06,0.9978540620688984,1.0004776469234675,1.0004664502219514
AUT,07T08,0.999656084381083,1.000494000207894,1.0004664502219514
AUT,10T12,1.0003072129139117,1.000536638057613,1.0004664502219514
AUT,13T15,1.000177910821237,1.0003663834038024,1.0004664502219514
AUT,16,1.0000982796552185,1.0005512749818999,1.0004664502219514
AUT,17T18,0.99961933117431,1.0004799186512705,1.0004664502219514
AUT,19,0.9998331502420846,1.0008501657200706,1.0004664502219514
AUT,20,1.0000437934308466,1.0005460325843327,1.0004664502219514
AUT,21,1.0001314445661118,1.0003596357942102,1.0004664502219514
AUT,22,1.000429893793597,1.0004419686026125,1.0004664502219514
AUT,23,1.0000815665201732,1.0004849400004543,1.0004664502219514
AUT,24,0.9999843889753471,1.0006526119844052,1.0004664502219514
AUT,25,1.0002023092927836,1.000483207195395,1.0004664502219514
AUT,26,1.0002806418875865,1.0003501650995956,1.0004664502219514
AUT,27,1.0003782317930545,1.0004060281638114,1.0004664502219514
AUT,28,1.0002851002827093,1.0003856921753482,1.0004664502219514
AUT,29T30,1.000217616360989,1.0003876719204132,1.0004664502219514
AUT,31T33,1.0002345214692605,1.0004368613744055,1.0004664502219514
AUT,35,1.0002892563740782,1.0007433214567714,1.0004664502219514
AUT,36T39,1.000204791006104,1.0003509348017652,1.0004664502219514
AUT,41T43,1.0003678668936196,1.0004022030689785,1.0004664502219514
AUT,45T47,1.0001838368090092,1.0003155210265664,1.0004664502219514
AUT,49,0.9999082648900427,1.0003545947234975,1.0004664502219514
AUT,50,1.000494764451562,1.0003975028738186,1.0004664502219514
AUT,51,0.9998663079784772,1.000366960872253,1.0004664502219514
AUT,52,1.0001620206196997,1.0003115963529816,1.0004664502219514
AUT,53,1.0002438654973065,1.000303560035083,1.0004664502219514
AUT,55T56,1.000378316787592,1.0003344590410943,1.0004664502219514
AUT,58T60,1.0001133268611617,1.0003319577522136,1.0004664502219514
AUT,61,1.0002277243260997,1.0002994595320176,1.0004664502219514
AUT,62T63,1.0000745621430749,1.0002780131989204,1.0004664502219514
AUT,64T66,1.0002059584792864,1.0002844285007149,1.0004664502219514
AUT,68,1.0003906302088867,1.000299533431944,1.0004664502219514
AUT,69T75,1.0001437139551403,1.0003019531993274,1.0004664502219514
AUT,77T82,1.0002503526309723,1.0003024395047433,1.0004664502219514
AUT,84,1.0004256329049999,1.0003056849537015,1.0004664502219514
AUT,85,1.0004233570205305,1.0002936257209765,1.0004664502219514
AUT,86T88,1.0004327155105002,1.0003157906905722,1.0004664502219514
AUT,90T93,1.000371955297727,1.0003123084011403,1.0004664502219514
AUT,94T98,1.000400736138027,1.0003100512130274,1.0004664502219514
BEL,01T02,0.9996005433246032,1.0005728287966864,1.0004220555611427
BEL,03,1.000309945858244,1.0003627914661435,1.0004220555611427
BEL,05T06,0.7480125165080077,1.0109387299872967,1.0004220555611427
BEL,07T08,0.9992625384343417,1.0006351352670944,1.0004220555611427
BEL,10T12,0.9999678855759847,1.0006314864339407,1.0004220555611427
BEL,13T15,0.9999671757905657,1.0003817449526602,1.0004220555611427
BEL,16,1.0003273825897827,1.0004807061912635,1.0004220555611427
BEL,17T18,1.0000588105593233,1.0004255134586317,1.0004220555611427
BEL,19,0.9998187054881755,1.0006546649927281,1.0004220555611427
BEL,20,0.9996399553902401,1.0004693041921982,1.0004220555611427
BEL,21,1.0001452845417507,1.0002989294551048,1.0004220555611427
BEL,22,1.0000915507907004,1.0005253768646833,1.0004220555611427
BEL,23,0.9996391280139865,1.000464136951807,1.0004220555611427
BEL,24,1.0012155282088908,1.0006574476570542,1.0004220555611427
BEL,25,1.0002677685659143,1.0004649902729383,1.0004220555611427
BEL,26,1.0002683393475131,1.0003351821355184,1.0004220555611427
BEL,27,1.0002997722700224,1.0004415300636111,1.0004220555611427
BEL,28,1.00025655500286,1.0003872992835199,1.0004220555611427
BEL,29T30,1.0002907211507048,1.0003479648786202,1.0004220555611427
BEL,31T33,1.0005593843562355,1.0003362456329115,1.0004220555611427
BEL,35,0.9995744895991824,1.0005053721069261,1.0004220555611427
BEL,36T39,1.0004579393438802,1.0003677520491125,1.0004220555611427
BEL,41T43,1.0003415931419646,1.00040175069648,1.0004220555611427
BEL,45T47,1.0001465722244192,1.0002815093813957,1.0004220555611427
BEL,49,1.0000640684058306,1.0003311672505535,1.0004220555611427
BEL,50,0.99641032613446,1.0005141740922527,1.0004220555611427
BEL,51,0.9998491436491084,1.0004650069575602,1.0004220555611427
BEL,52,0.9999552740806362,1.0003316898286654,1.0004220555611427
BEL,53,1.000080443499278,1.0003344170496586,1.0004220555611427
BEL,55T56,1.0002844032931957,1.0003609665366773,1.0004220555611427
BEL,58T60,1.0000937349712535,1.000272082998834,1.0004220555611427
BEL,61,1.0001958931085755,1.0002471031808418,1.0004220555611427
BEL,62T63,1.0000781606520297,1.0002678078352163,1.0004220555611427
BEL,64T66,1.0001740626911437,1.0002164543537184,1.0004220555611427
BEL,68,1.0003456296862558,1.0002315808462443,1.0004220555611427
BEL,69T75,1.000132735586371,1.0002503055910001,1.0004220555611427
BEL,77T82,1.0001206901237258,1.0002954095161631,1.0004220555611427
BEL,84,1.000387604548395,1.0002368489754208,1.0004220555611427
BEL,85,1.0003962408005609,1.0002203255374738,1.0004220555611427
BEL,86T88,1.0003988454170276,1.0002699950682339,1.0004220555611427
BEL,90T93,1.0003212452463521,1.0002870069968588,1.0004220555611427
BEL,94T98,1.0003300058684974,1.000273589318209,1.0004220555611427
BGR,01T02,0.9965840718472406,1.0004580199197963,1.0005670892565155
BGR,03,1.0000582401330718,1.0005688384674434,1.0005670892565155
BGR,05T06,0.9980504979683152,1.0008597338822542,1.0005670892565155
BGR,07T08,0.9995801160521494,1.0004090991291206,1.0005670892565155
BGR,10T12,0.9998740907053855,1.000664704205475,1.0005670892565155
BGR,13T15,1.000694360924978,1.000211895091383,1.0005670892565155
BGR,16,0.9989832852597852,1.0007375991681784,1.0005670892565155
BGR,17T18,0.999813886687614,1.0004245346756235,1.0005670892565155
BGR,19,0.9985688573573126,1.0007721548485544,1.0005670892565155
BGR,20,0.9945608980871914,1.0007983684250732,1.0005670892565155
BGR,21,0.9966546484742711,1.0006764669415487,1.0005670892565155
BGR,22,1.000464505360608,1.0004183098135893,1.0005670892565155
BGR,23,0.9962513228409647,1.0008268950770767,1.0005670892565155
BGR,24,1.0011989006314768,1.00084380085273,1.0005670892565155
BGR,25,1.0003075577674159,1.0003608650483724,1.0005670892565155
BGR,26,1.0003949884734373,1.0002605591183278,1.0005670892565155
BGR,27,1.0003648954282574,1.0003891528563809,1.0005670892565155
BGR,28,1.0002925384954748,1.0003587410816799,1.0005670892565155
BGR,29T30,1.0004249352999464,1.000279802895298,1.0005670892565155
BGR,31T33,1.0006562865961728,1.0002006052471906,1.0005670892565155
BGR,35,0.9931352814748104,1.0004760230610208,1.0005670892565155
BGR,36T39,1.0000656582013547,1.0005971187569043,1.0005670892565155
BGR,41T43,1.000294280672432,1.000436424870029,1.0005670892565155
BGR,45T47,1.0000376524303245,1.0001027483113678,1.0005670892565155
BGR,49,0.9990461516437104,1.0002731576989747,1.0005670892565155
BGR,50,0.998942279712225,1.000318476006752,1.0005670892565155
BGR,51,1.0005583515371146,1.0003105716312282,1.0005670892565155
BGR,52,0.9998231139566466,1.0002306220614858,1.0005670892565155
BGR,53,1.0002485057298773,1.0000377029075067,1.0005670892565155
BGR,55T56,1.0003364391811187,1.0002151148659388,1.0005670892565155
BGR,58T60,1.0007712530368282,0.9999369237516977,1.0005670892565155
BGR,61,1.0004687016148746,1.0000840683746726,1.0005670892565155
BGR,62T63,1.0004129145069995,0.9999219381441444,1.0005670892565155
BGR,64T66,1.0001898624484713,0.9998861394279102,1.0005670892565155
BGR,68,1.0004662075931223,0.9999834564362062,1.0005670892565155
BGR,69T75,1.000393152124054,0.9999594072906927,1.0005670892565155
BGR,77T82,1.0002763185495582,1.0000395185137936,1.0005670892565155
BGR,84,1.0005305148388781,0.9999877143987059,1.0005670892565155
BGR,85,1.0005574289657582,0.9998286946560028,1.0005670892565155
BGR,86T88,1.0004992069684238,1.0000455240459711,1.0005670892565155
BGR,90T93,1.0004722911701136,1.000022159220801,1.0005670892565155
BGR,94T98,1.0003757001378932,1.0001212247417175,1.0005670892565155
BRA,01T02,0.9928606844264648,0.9994565069442116,0.9993524392309844
BRA,03,0.9995229192016232,0.9993661202774814,0.9993524392309844
BRA,05T06,0.9989650103242251,0.9994866322463181,0.9993524392309844
BRA,07T08,1.0014353767469442,0.9994450247140975,0.9993524392309844
BRA,10T12,0.9999582536660319,0.9994625196903243,0.9993524392309844
BRA,13T15,1.000267437047462,0.9994676912576205,0.9993524392309844
BRA,16,1.0009944482196567,0.9994555264584567,0.9993524392309844
BRA,17T18,1.0008086506020435,0.9994900141614668,0.9993524392309844
BRA,19,0.9996970911307625,0.9995640310496718,0.9993524392309844
BRA,20,0.9993105205681458,0.9995561786666343,0.9993524392309844
BRA,21,0.9999726094428792,0.9994515256533416,0.9993524392309844
BRA,22,1.0004045512670785,0.9995381016752304,0.9993524392309844
BRA,23,0.9993213918805263,0.9994709194183566,0.9993524392309844
BRA,24,1.001791920552251,0.9995736767067456,0.9993524392309844
BRA,25,1.000392039559366,0.9995266084720444,0.9993524392309844
BRA,26,0.9999761069182777,0.9996141466162337,0.9993524392309844
BRA,27,1.0003724022203504,0.999564123574278,0.9993524392309844
BRA,28,1.0005236753201294,0.9995413156272702,0.9993524392309844
BRA,29T30,1.0006370288103408,0.9995623702172907,0.9993524392309844
BRA,31T33,1.0002975508118923,0.9995120948810728,0.9993524392309844
BRA,35,0.9992827532266028,0.999422147830442,0.9993524392309844
BRA,36T39,0.9997042733353443,0.999402585866504,0.9993524392309844
BRA,41T43,0.9993871938853395,0.9994530156013707,0.9993524392309844
BRA,45T47,0.9997838566272282,0.9993971622455968,0.9993524392309844
BRA,49,0.9997320719922591,0.9994565537709091,0.9993524392309844
BRA,50,1.0011377678318079,0.9995011347692999,0.9993524392309844
BRA,51,1.0005041854560486,0.9995050968928472,0.9993524392309844
BRA,52,1.000199434177394,0.9994225197305077,0.9993524392309844
BRA,53,0.9997249885037078,0.9994102979916303,0.9993524392309844
BRA,55T56,0.9996069566658468,0.9994239674000353,0.9993524392309844
BRA,58T60,1.0006781487546426,0.9994399470150427,0.9993524392309844
BRA,61,0.999594473403386,0.9994127772663989,0.9993524392309844
BRA,62T63,1.0000951972454477,0.9994075465793332,0.9993524392309844
BRA,64T66,0.9995114195574283,0.9993880126634785,0.9993524392309844
BRA,68,0.9994693198099888,0.9993630897340195,0.9993524392309844
BRA,69T75,1.0002009373531207,0.9994052782493328,0.9993524392309844
BRA,77T82,0.9998588093107489,0.9993986960859296,0.9993524392309844
BRA,84,0.9993816216575944,0.9993821954906101,0.9993524392309844
BRA,85,0.9993792217967962,0.9993780633695226,0.9993524392309844
BRA,86T88,0.9993674941198026,0.9994029009413576,0.9993524392309844
BRA,90T93,0.9996943364211811,0.9994037435260681,0.9993524392309844
BRA,94T98,0.9994214159121241,0.9994241279513953,0.9993524392309844
BRN,01T02,1.0001612218352174,1.0000112268053594,0.9998919974776377
BRN,03,1.000112913784891,0.9999535717327999,0.9998919974776377
BRN,05T06,0.9997331732465485,0.9999241186469479,0.9998919974776377
BRN,07T08,1.0014290398609484,0.9999006270680363,0.9998919974776377
BRN,10T12,1.0008541112183178,1.0000649081885102,0.9998919974776377
BRN,13T15,1.000891109563993,1.0000350224680299,0.9998919974776377
BRN,16,1.0012231743170417,1.0000468461340672,0.9998919974776377
BRN,17T18,1.0002258697718587,1.0000806469107444,0.9998919974776377
BRN,19,0.9999529645076493,0.9999136598987927,0.9998919974776377
BRN,20,1.0019655163379597,0.9999183805706082,0.9998919974776377
BRN,21,1.001051861175644,0.9999291907847752,0.9998919974776377
BRN,22,1.0006828056991588,1.0000996726314137,0.9998919974776377
BRN,23,1.0012157029909923,1.0000295968441173,0.9998919974776377
BRN,24,1.0051275900968346,0.9999160205440561,0.9998919974776377
BRN,25,1.0011780213248194,1.0003787906772004,0.9998919974776377
BRN,26,1.0002308202048282,1.0000213677901368,0.9998919974776377
BRN,27,1.0011807495649159,1.0000323845350565,0.9998919974776377
BRN,28,1.0009518449795296,1.000007131890656,0.9998919974776377
BRN,29T30,1.0004270046845416,0.9999856754209066,0.9998919974776377
BRN,31T33,0.9981349780085865,1.0000507140611474,0.9998919974776377
BRN,35,0.9999584628681487,0.9999383201105205,0.9998919974776377
BRN,36T39,0.9999070604493829,0.999960842296554,0.9998919974776377
BRN,41T43,0.9998942182374602,1.0000813977481133,0.9998919974776377
BRN,45T47,1.0000316534129408,0.9999932301892962,0.9998919974776377
BRN,49,1.0001173209191714,0.9999365920368888,0.9998919974776377
BRN,50,0.999945913103411,0.9999363723305655,0.9998919974776377
BRN,51,1.0000559701949947,0.9999288576242542,0.9998919974776377
BRN,52,1.0005594636634936,0.9999730266088721,0.9998919974776377
BRN,53,1.0003408668636902,1.0000239171611995,0.9998919974776377
BRN,55T56,1.0002847385604203,1.00005100073233,0.9998919974776377
BRN,58T60,1.0003986037841945,0.9999412748241505,0.9998919974776377
BRN,61,0.9999549775774099,1.0000240952603578,0.9998919974776377
BRN,62T63,1.0001285768081734,0.9999726183731844,0.9998919974776377
BRN,64T66,1.0000068643174769,0.9999318474931729,0.9998919974776377
BRN,68,0.9999970202083643,0.9999103270221306,0.9998919974776377
BRN,69T75,1.0000577912363084,0.9999654668461796,0.9998919974776377
BRN,77T82,1.0001776543044822,0.9999795028344426,0.9998919974776377
BRN,84,0.9999033634071004,0.999959377717182,0.9998919974776377
BRN,85,0.9999139340671069,0.9999750119726927,0.9998919974776377
BRN,86T88,0.9999168014133171,1.0000043786790722,0.9998919974776377
BRN,90T93,1.0001741007745335,1.000044436882999,0.9998919974776377
BRN,94T98,1.000177402959213,0.9999532544833394,0.9998919974776377
CAN,01T02,0.9991851883860738,1.0001550164104407,1.0000935731971805
CAN,03,1.0003306061555517,1.0001458736682753,1.0000935731971805
CAN,05T06,0.9986125572374539,1.0001320875087902,1.0000935731971805
CAN,07T08,1.0010066177461052,1.0001352940545496,1.0000935731971805
CAN,10T12,1.0006229610030293,1.0001610729337895,1.0000935731971805
CAN,13T15,1.0008551033459958,1.0001710344735144,1.0000935731971805
CAN,16,1.0006954786328486,1.0001482904911234,1.0000935731971805
CAN,17T18,1.0004439728316121,1.0001653055342727,1.0000935731971805
CAN,19,0.9998741984514663,1.000151077749908,1.0000935731971805
CAN,20,1.0001040994184311,1.0001757037645886,1.0000935731971805
CAN,21,1.0003353261838628,1.0001566908881057,1.0000935731971805
CAN,22,1.000584483827036,1.0001867559622029,1.0000935731971805
CAN,23,1.0004710567579989,1.0001684125180599,1.0000935731971805
CAN,24,1.0021047344586893,1.0002259126432322,1.0000935731971805
CAN,25,1.001027594421124,1.0002047716053546,1.0000935731971805
CAN,26,1.0003638686917136,1.0001764525101462,1.0000935731971805
CAN,27,1.000725021260195,1.000217126574243,1.0000935731971805
CAN,28,1.0004223365536284,1.0001919883886068,1.0000935731971805
CAN,29T30,1.0004327415204186,1.0002215416392672,1.0000935731971805
CAN,31T33,1.000486547540424,1.0001604446130208,1.0000935731971805
CAN,35,1.0004328074142623,1.0001165665827139,1.0000935731971805
CAN,36T39,1.0000989704928898,1.000126417882951,1.0000935731971805
CAN,41T43,1.0000905930437793,1.000164752926971,1.0000935731971805
CAN,45T47,1.0002072083912943,1.000116983625076,1.0000935731971805
CAN,49,0.999953215530618,1.000136577000876,1.0000935731971805
CAN,50,0.999922471834867,1.0001641322845616,1.0000935731971805
CAN,51,0.9989577547919459,1.0001490528435528,1.0000935731971805
CAN,52,1.0001397794582472,1.0001397324116368,1.0000935731971805
CAN,53,1.0002367091930853,1.0001296026204103,1.0000935731971805
CAN,55T56,1.0001891736993225,1.0001415812706949,1.0000935731971805
CAN,58T60,1.0002007719510493,1.000132682819495,1.0000935731971805
CAN,61,1.000111768426314,1.0001280766131808,1.0000935731971805
CAN,62T63,1.0000842736084345,1.0001171581315518,1.0000935731971805
CAN,64T66,1.0001096353814816,1.000113025719826,1.0000935731971805
CAN,68,1.0001063061255677,1.0001107248239152,1.0000935731971805
CAN,69T75,1.0001034697290083,1.0001194740090245,1.0000935731971805
CAN,77T82,1.0001183720830251,1.0001258305311613,1.0000935731971805
CAN,84,1.0001030365577026,1.0001221630695543,1.0000935731971805
CAN,85,1.0001130405943814,1.000114617126178,1.0000935731971805
CAN,86T88,1.0000968293740833,1.0001230010009434,1.0000935731971805
CAN,90T93,1.000134269996183,1.0001339395237296,1.0000935731971805
CAN,94T98,1.0001021708109399,1.0001266847893757,1.0000935731971805
CHE,01T02,1.000410407221349,1.0003285989297686,1.000385285929444
CHE,03,1.0001811942348606,1.0002873049487495,1.000385285929444
CHE,05T06,1.0004555647297668,1.0002912357599671,1.000385285929444
CHE,07T08,1.000691671092406,1.0003207459738601,1.000385285929444
CHE,10T12,1.0005905207454437,1.0003232745641375,1.000385285929444
CHE,13T15,1.0003946565825732,1.0003242312168066,1.000385285929444
CHE,16,1.000708157932781,1.000351801377634,1.000385285929444
CHE,17T18,1.000407547453928,1.0003330480842063,1.000385285929444
CHE,19,1.0006737406454904,1.000307128768267,1.000385285929444
CHE,20,1.0008058531225024,1.000338642408008,1.000385285929444
CHE,21,1.0003266047532442,1.0003210721270264,1.000385285929444
CHE,22,1.0006273993750907,1.0003514520534786,1.000385285929444
CHE,23,1.0007607695811815,1.0003319340067827,1.000385285929444
CHE,24,1.0037155289806234,1.0003576766744748,1.000385285929444
CHE,25,1.000681622104417,1.0003505559966779,1.000385285929444
CHE,26,1.0002558275737525,1.000332725168127,1.000385285929444
CHE,27,1.000503462689601,1.000352068178965,1.000385285929444
CHE,28,1.0003644436176191,1.00033937639943,1.000385285929444
CHE,29T30,1.000289222099512,1.0003306021587706,1.000385285929444
CHE,31T33,1.0004587697016945,1.000335016094077,1.000385285929444
CHE,35,1.0008562713909352,1.0003197541132856,1.000385285929444
CHE,36T39,1.0004511526220503,1.0003279650108212,1.000385285929444
CHE,41T43,1.000383057746589,1.0003373107346671,1.000385285929444
CHE,45T47,1.0002189711301606,1.0003242462872586,1.000385285929444
CHE,49,1.000344254885678,1.0003253101090699,1.000385285929444
CHE,50,1.0005698844992477,1.000325395964522,1.000385285929444
CHE,51,1.0002110056620876,1.0003211041643012,1.000385285929444
CHE,52,1.0002090866535662,1.0003227597720992,1.000385285929444
CHE,53,1.0002448844995746,1.0003165780653733,1.000385285929444
CHE,55T56,1.0002847884832697,1.0003315328876905,1.000385285929444
CHE,58T60,1.0000160041940223,1.0003083274700346,1.000385285929444
CHE,61,1.0002541939586254,1.000313468704952,1.000385285929444
CHE,62T63,0.999983845885486,1.000285607753248,1.000385285929444
CHE,64T66,1.0001163494070613,1.0003107861061487,1.000385285929444
CHE,68,1.0003523457607852,1.0003206081046099,1.000385285929444
CHE,69T75,1.0002317093351414,1.0003108202870126,1.000385285929444
CHE,77T82,1.0002940518547698,1.0003149694580047,1.000385285929444
CHE,84,1.0003552360545336,1.0003202866458107,1.000385285929444
CHE,85,1.0003193297627837,1.0003163193291733,1.000385285929444
CHE,86T88,1.000378472541658,1.0003216453618569,1.000385285929444
CHE,90T93,1.0002676803052455,1.0003157364443656,1.000385285929444
CHE,94T98,1.0003479373868234,1.0003197965490989,1.000385285929444
CHL,01T02,1.000273581433064,1.0004913853918938,1.0005291196757005
CHL,03,1.000139773171732,1.0004744516363222,1.0005291196757005
CHL,05T06,1.0000656288961776,1.0004797306478068,1.0005291196757005
CHL,07T08,0.9999759077757497,1.0005037411069215,1.0005291196757005
CHL,10T12,1.00018265185647,1.000483961021185,1.0005291196757005
CHL,13T15,1.000099751155247,1.00047117429735,1.0005291196757005
CHL,16,1.0002265640227657,1.0004954711201584,1.0005291196757005
CHL,17T18,0.999911825616967,1.0004836349238362,1.0005291196757005
CHL,19,1.0010614045814117,1.000047704505211,1.0005291196757005
CHL,20,1.0001614537481374,1.0004678195905643,1.0005291196757005
CHL,21,1.0001365378504918,1.0004718438628744,1.0005291196757005
CHL,22,1.0000577415406429,1.000466550350779,1.0005291196757005
CHL,23,1.0005338907665622,1.0004786488364021,1.0005291196757005
CHL,24,1.0039311864301854,1.0004999861270907,1.0005291196757005
CHL,25,1.00059808430408,1.0005277200583877,1.0005291196757005
CHL,26,1.0003475870493912,1.0005097971922705,1.0005291196757005
CHL,27,1.000407621434452,1.0004992721533563,1.0005291196757005
CHL,28,1.0002877177080343,1.00051043934249,1.0005291196757005
CHL,29T30,1.0000802970991898,1.0005025054267385,1.0005291196757005
CHL,31T33,1.0002848769508066,1.0004988749320007,1.0005291196757005
CHL,35,1.0009413377413339,1.0004152177242374,1.0005291196757005
CHL,36T39,1.0005025497600633,1.000509120123971,1.0005291196757005
CHL,41T43,1.0005058283560655,1.0005140995130644,1.0005291196757005
CHL,45T47,1.0001873524253617,1.0005058246081702,1.0005291196757005
CHL,49,1.0001708768989745,1.0004785255623576,1.0005291196757005
CHL,50,0.9990509977331062,1.0004787887071143,1.0005291196757005
CHL,51,0.9988942082226575,1.0004818865683462,1.0005291196757005
CHL,52,1.0000752054913422,1.0005147071655738,1.0005291196757005
CHL,53,1.0002528135661453,1.0005119554474884,1.0005291196757005
CHL,55T56,1.0003539486382902,1.0004955786523955,1.0005291196757005
CHL,58T60,1.0001650725096332,1.000490285318212,1.0005291196757005
CHL,61,1.0004373981615353,1.000495921621553,1.0005291196757005
CHL,62T63,1.0001378642243237,1.000508228172952,1.0005291196757005
CHL,64T66,1.0003646808776288,1.0005126073063886,1.0005291196757005
CHL,68,1.000432858683807,1.0005243861525994,1.0005291196757005
CHL,69T75,1.0005372506573278,1.0005161942962737,1.0005291196757005
CHL,77T82,1.0003065013722612,1.0005175255066,1.0005291196757005
CHL,84,1.0005066599412633,1.0005092450473854,1.0005291196757005
CHL,85,1.0005222449554076,1.0005217018622172,1.0005291196757005
CHL,86T88,1.0005192446113598,1.000508811580288,1.0005291196757005
CHL,90T93,1.0004266739180745,1.0005190336698233,1.0005291196757005
CHL,94T98,1.000458206938839,1.000513984789972,1.0005291196757005
CHN,01T02,0.999823208371884,1.0004327990149682,1.0006323257849947
CHN,03,1.000280490923067,1.0002188663578255,1.0006323257849947
CHN,05T06,0.996084541947468,1.0007301394548938,1.0006323257849947
CHN,07T08,0.9967061378494576,1.0010086696408662,1.0006323257849947
CHN,10T12,1.000112728031148,1.0006147230618934,1.0006323257849947
CHN,13T15,0.9998199865087941,1.0004955272060378,1.0006323257849947
CHN,16,0.9996662680315701,1.0006761526648222,1.0006323257849947
CHN,17T18,0.9998346103171413,1.0005716142796488,1.0006323257849947
CHN,19,0.9979228885299538,1.0006629474840494,1.0006323257849947
CHN,20,0.9986489729991082,1.0008664200650177,1.0006323257849947
CHN,21,1.0000566483563023,1.0004313768098716,1.0006323257849947
CHN,22,0.9992693095439024,1.0007752324232337,1.0006323257849947
CHN,23,0.9983426015100014,1.001054652735565,1.0006323257849947
CHN,24,0.9974935765422667,1.0012949221527767,1.0006323257849947
CHN,25,0.9994794279813415,1.0010682564868962,1.0006323257849947
CHN,26,1.000011942154763,1.0004377222434084,1.0006323257849947
CHN,27,0.9995282678108408,1.000883579782349,1.0006323257849947
CHN,28,0.9997983613788861,1.0007623522284146,1.0006323257849947
CHN,29T30,1.0002008807879668,1.000525129010444,1.0006323257849947
CHN,31T33,0.99960241553303,1.0005115313632629,1.0006323257849947
CHN,35,0.9934047361402735,1.001648840333732,1.0006323257849947
CHN,36T39,0.9992760610987003,1.000577180671457,1.0006323257849947
CHN,41T43,1.0005883591595088,1.0009820735009725,1.0006323257849947
CHN,45T47,1.0000504425440204,0.9999250731444052,1.0006323257849947
CHN,49,0.9994873584537958,1.0003001819636483,1.0006323257849947
CHN,50,0.997205400301942,1.0005517934014185,1.0006323257849947
CHN,51,0.9991855503067093,1.0003422716985468,1.0006323257849947
CHN,52,0.9992924469796949,1.000352617465803,1.0006323257849947
CHN,53,0.999719762212546,1.00015745408094,1.0006323257849947
CHN,55T56,1.000193125257731,1.0002655101577158,1.0006323257849947
CHN,58T60,1.000464619048212,1.0000838594449275,1.0006323257849947
CHN,61,1.0003004978419563,1.0001520167482632,1.0006323257849947
CHN,62T63,1.000485922054181,0.9998520151616568,1.0006323257849947
CHN,64T66,0.9998050576593581,0.9997277847364686,1.0006323257849947
CHN,68,1.0004994189189893,0.9997475810095793,1.0006323257849947
CHN,69T75,1.0000204369058976,1.000118470870665,1.0006323257849947
CHN,77T82,0.999932673647146,1.000097278114925,1.0006323257849947
CHN,84,1.0006025670793122,0.9998738677975402,1.0006323257849947
CHN,85,1.00063023744656,0.9998466476482076,1.0006323257849947
CHN,86T88,1.0006009225972514,0.9999690122290326,1.0006323257849947
CHN,90T93,1.0005237244318015,0.9998973655735349,1.0006323257849947
CHN,94T98,1.0004588065366251,0.9999472758685115,1.0006323257849947
COL,01T02,0.9989952037262,1.000010701181294,0.9999697770068559
COL,03,1.0000740551715914,1.0000059233647316,0.9999697770068559
COL,05T06,0.9995205589076351,1.0000119036807489,0.9999697770068559
COL,07T08,1.0008976783238188,1.0000008716186644,0.9999697770068559
COL,10T12,1.000161299696336,1.000025764657693,0.9999697770068559
COL,13T15,1.000456974167747,1.0000343996321988,0.9999697770068559
COL,16,1.0002148764962975,1.000023235443695,0.9999697770068559
COL,17T18,1.0002272242272288,1.000038665540801,0.9999697770068559
COL,19,1.0001801635233052,1.000056543376746,0.9999697770068559
COL,20,1.0003832398741568,1.0000575924996393,0.9999697770068559
COL,21,1.0003760663159946,1.0000312219468566,0.9999697770068559
COL,22,1.0004615718612893,1.0000814434104452,0.9999697770068559
COL,23,1.0001547536748565,1.0000169079914336,0.9999697770068559
COL,24,1.0023180843569641,1.0000383937063029,0.9999697770068559
COL,25,1.0007679364773416,1.0000441746660425,0.9999697770068559
COL,26,1.0003811181529774,1.0000839888695283,0.9999697770068559
COL,27,1.000621245954032,1.0000808549928561,0.9999697770068559
COL,28,1.000459990859704,1.0000922551565234,0.9999697770068559
COL,29T30,1.0003127915982415,1.0001054084751142,0.9999697770068559
COL,31T33,1.0002659057848842,1.0000420485206754,0.9999697770068559
COL,35,0.9999883079222307,1.0000064198798866,0.9999697770068559
COL,36T39,1.0001556551722366,1.0000041857059188,0.9999697770068559
COL,41T43,0.999974923307251,1.000031835643596,0.9999697770068559
COL,45T47,1.000084174962071,1.0000009333478408,0.9999697770068559
COL,49,1.000030462193155,1.0000231927009764,0.9999697770068559
COL,50,1.000245164926108,1.0000230822051357,0.9999697770068559
COL,51,1.0001842472639486,1.0000363495686502,0.9999697770068559
COL,52,1.0001460111161864,1.0000003852274744,0.9999697770068559
COL,53,1.0001522139612709,1.0000098796938413,0.9999697770068559
COL,55T56,1.0000660217491626,1.0000042812352037,0.9999697770068559
COL,58T60,1.0003349546718652,1.0000036917543782,0.9999697770068559
COL,61,1.000022416868105,0.9999980118525209,0.9999697770068559
COL,62T63,1.000083466800024,0.9999941552784497,0.9999697770068559
COL,64T66,1.000069121321554,0.9999949100956577,0.9999697770068559
COL,68,1.0000123586628193,0.9999827480624119,0.9999697770068559
COL,69T75,1.0000681918773273,0.9999920834110377,0.9999697770068559
COL,77T82,1.0000741483643536,0.9999892094702437,0.9999697770068559
COL,84,0.9999767741292381,0.9999965032518017,0.9999697770068559
COL,85,0.9999824696601153,0.9999903496461532,0.9999697770068559
COL,86T88,0.9999721006036736,1.0000143253575546,0.9999697770068559
COL,90T93,1.0000170692544315,0.9999954313587631,0.9999697770068559
COL,94T98,1.0000013276388218,1.000000379213535,0.9999697770068559
CRI,01T02,1.0006518370504436,1.0002639944575054,1.0002455256812162
CRI,03,1.0001694097674179,1.000281943647227,1.0002455256812162
CRI,05T06,1.000335575332506,1.0002738259786177,1.0002455256812162
CRI,07T08,1.000181469013296,1.0002771300019808,1.0002455256812162
CRI,10T12,1.00024696580437,1.0002642147647423,1.0002455256812162
CRI,13T15,1.0002006440351894,1.000253726190762,1.0002455256812162
CRI,16,1.000300611171515,1.0002668425267751,1.0002455256812162
CRI,17T18,1.0000543805144257,1.000249969622857,1.0002455256812162
CRI,19,1.0005413548425075,1.0002638428522455,1.0002455256812162
CRI,20,1.0003942194444524,1.0002649089885134,1.0002455256812162
CRI,21,0.9998026663333068,1.0002552247111969,1.0002455256812162
CRI,22,1.0005512417991904,1.0002753403262028,1.0002455256812162
CRI,23,1.0001681055450813,1.0002753474232091,1.0002455256812162
CRI,24,1.0012699726712078,1.0003376325205198,1.0002455256812162
CRI,25,1.0005684014751899,1.0003028668278109,1.0002455256812162
CRI,26,1.0002915869977773,1.0002635581639652,1.0002455256812162
CRI,27,1.000543667122781,1.0002778531607786,1.0002455256812162
CRI,28,1.0004254299458482,1.0002777053870657,1.0002455256812162
CRI,29T30,1.0003514114406493,1.0002829689838302,1.0002455256812162
CRI,31T33,1.0005736157051313,1.0002688166207847,1.0002455256812162
CRI,35,1.0002837949279015,1.0002563347634514,1.0002455256812162
CRI,36T39,1.000290369978401,1.000259952760455,1.0002455256812162
CRI,41T43,1.0002406992748638,1.00027774724448,1.0002455256812162
CRI,45T47,1.0001491074508755,1.0002569424826353,1.0002455256812162
CRI,49,1.000123319214515,1.0002804443924203,1.0002455256812162
CRI,50,0.9996650992710294,1.0002894687782755,1.0002455256812162
CRI,51,1.0008296672878032,1.0002992881940282,1.0002455256812162
CRI,52,1.0001696466865886,1.0002646311702073,1.0002455256812162
CRI,53,1.0002325005960273,1.00025482061361,1.0002455256812162
CRI,55T56,1.0002724837288937,1.0002578377709583,1.0002455256812162
CRI,58T60,1.000171192012175,1.000251808143314,1.0002455256812162
CRI,61,1.0002061806236056,1.0002532656725147,1.0002455256812162
CRI,62T63,1.0000917110950927,1.0002525318913549,1.0002455256812162
CRI,64T66,1.0001954866570981,1.0002515752696581,1.0002455256812162
CRI,68,1.000237479791958,1.0002549646105048,1.0002455256812162
CRI,69T75,1.0001792634591637,1.0002541023677525,1.0002455256812162
CRI,77T82,1.0002227568061182,1.0002565709868467,1.0002455256812162
CRI,84,1.0002454441662243,1.0002551955262127,1.0002455256812162
CRI,85,1.000240848908957,1.0002545483495844,1.0002455256812162
CRI,86T88,1.0002408722743505,1.0002550361542117,1.0002455256812162
CRI,90T93,1.000161101900551,1.000258018103164,1.0002455256812162
CRI,94T98,1.0002311809413622,1.0002579304113237,1.0002455256812162
CYP,01T02,1.0003930772516847,1.0003763078543213,1.000354327439714
CYP,03,0.9999940698971664,1.0002340711328712,1.000354327439714
CYP,05T06,0.9980053518600303,1.0005929808353524,1.000354327439714
CYP,07T08,0.9985586960242179,1.000775196672193,1.000354327439714
CYP,10T12,1.0000251563443587,1.0005492050478944,1.000354327439714
CYP,13T15,1.0005552989005577,1.0002681670625675,1.000354327439714
CYP,16,1.000357426251878,1.000330274925631,1.000354327439714
CYP,17T18,1.0001205377025084,1.0003237662418742,1.000354327439714
CYP,19,0.9843407347740033,1.0001909138949072,1.000354327439714
CYP,20,1.0009668403822796,1.000384459664828,1.000354327439714
CYP,21,1.0003044632470608,1.0003266947085045,1.000354327439714
CYP,22,0.999952937022399,1.000554721623025,1.000354327439714
CYP,23,0.994718929852545,1.001310602171195,1.000354327439714
CYP,24,1.0013186567859207,1.0006136237471668,1.000354327439714
CYP,25,1.0000377458889458,1.0005567190952174,1.000354327439714
CYP,26,0.999865728290459,1.0006563595014737,1.000354327439714
CYP,27,1.0004603219079358,1.0003286451152644,1.000354327439714
CYP,28,1.0003055751168335,1.0003441714951165,1.000354327439714
CYP,29T30,1.00018082796858,1.0003330472406402,1.000354327439714
CYP,31T33,1.0000185403393058,1.0003209037291176,1.000354327439714
CYP,35,0.9957819035889691,1.000339724165066,1.000354327439714
CYP,36T39,1.000150839210215,1.0005506200472272,1.000354327439714
CYP,41T43,1.000158394336881,1.0005079851030052,1.000354327439714
CYP,45T47,1.0000133507008742,1.0002509933751231,1.000354327439714
CYP,49,0.9996895042117028,1.0002553241319248,1.000354327439714
CYP,50,1.0010148947511317,1.00018144868091,1.000354327439714
CYP,51,0.9991595372116356,1.0002618702983854,1.000354327439714
CYP,52,0.9999383989832105,1.0002701002174708,1.000354327439714
CYP,53,1.0000174091123477,1.0002329153365843,1.000354327439714
CYP,55T56,1.000009348489125,1.0003465540419432,1.000354327439714
CYP,58T60,1.0000805151508045,1.000221501998951,1.000354327439714
CYP,61,1.0000923116523772,1.0002260080658736,1.000354327439714
CYP,62T63,0.999871042836986,1.0001602376722534,1.000354327439714
CYP,64T66,1.000022837862462,1.0001499406235126,1.000354327439714
CYP,68,1.0002600718953045,1.0001190066473344,1.000354327439714
CYP,69T75,1.0001524410915386,1.0001404627874861,1.000354327439714
CYP,77T82,1.0000981265429265,1.0001560630577877,1.000354327439714
CYP,84,1.000312927134697,1.0001745398606081,1.000354327439714
CYP,85,1.0003251159441697,1.000121595738503,1.000354327439714
CYP,86T88,1.0003181074798548,1.0002195915543954,1.000354327439714
CYP,90T93,1.0002643360463674,1.0002437496095389,1.000354327439714
CYP,94T98,1.0002813008617948,1.0001726737155536,1.000354327439714
CZE,01T02,0.9999913811016616,1.00043882542097,1.0005700219317326
CZE,03,0.9996698920306922,1.0006878595348339,1.0005700219317326
CZE,05T06,0.9961854590212895,1.0003966710826815,1.0005700219317326
CZE,07T08,0.9990990743865572,1.000497026792388,1.0005700219317326
CZE,10T12,1.000095319475979,1.0006262111438402,1.0005700219317326
CZE,13T15,0.9996925880796812,1.000446635913155,1.0005700219317326
CZE,16,0.9998337443420057,1.0005978864442528,1.0005700219317326
CZE,17T18,0.9998430724943318,1.0004901004737627,1.0005700219317326
CZE,19,0.9981958306065492,1.001045619282958,1.0005700219317326
CZE,20,0.9990182242936998,1.0006214508696352,1.0005700219317326
CZE,21,0.9998270656396497,1.0003163173912337,1.0005700219317326
CZE,22,1.0002733195189357,1.0004486898217528,1.0005700219317326
CZE,23,0.998608350359733,1.0007090490684516,1.0005700219317326
CZE,24,0.998870260738562,1.0007529174367873,1.0005700219317326
CZE,25,1.0001118788850158,1.0004604850418328,1.0005700219317326
CZE,26,1.00015294971572,1.00044323817418,1.0005700219317326
CZE,27,1.0001865151058869,1.0004646011840101,1.0005700219317326
CZE,28,1.0000480529182254,1.0004837767136494,1.0005700219317326
CZE,29T30,1.0002187717392672,1.000375769112313,1.0005700219317326
CZE,31T33,1.0002826161958474,1.0003469797862308,1.0005700219317326
CZE,35,0.9960304131411597,1.000995793215173,1.0005700219317326
CZE,36T39,0.9998341647767924,1.0003642301796791,1.0005700219317326
CZE,41T43,1.000356667878344,1.0003495320739297,1.0005700219317326
CZE,45T47,1.0000587706305253,1.0002323643336852,1.0005700219317326
CZE,49,0.9995612403593334,1.0003141251224843,1.0005700219317326
CZE,50,0.9987254169228674,1.0004363879786,1.0005700219317326
CZE,51,1.0002613379544407,1.000488992472136,1.0005700219317326
CZE,52,0.9998418131055099,1.0003410113850564,1.0005700219317326
CZE,53,1.0001939482071511,1.0002092076298834,1.0005700219317326
CZE,55T56,1.0003537856015199,1.0003101911517789,1.0005700219317326
CZE,58T60,1.0003693342143705,1.0001961009130185,1.0005700219317326
CZE,61,1.0003392947304612,1.0001781734175155,1.0005700219317326
CZE,62T63,1.0003473895683872,1.0001112478495855,1.0005700219317326
CZE,64T66,1.0002014856811037,1.0001354033455259,1.0005700219317326
CZE,68,1.0003992134893704,1.0002858865080577,1.0005700219317326
CZE,69T75,1.000148684461133,1.0002142229509428,1.0005700219317326
CZE,77T82,1.0001152666713535,1.000290920687331,1.0005700219317326
CZE,84,1.0004894960340427,1.000195089117951,1.0005700219317326
CZE,85,1.000516433200943,1.0001703357896992,1.0005700219317326
CZE,86T88,1.0005380870892118,1.0002281625281317,1.0005700219317326
CZE,90T93,1.0004571822076127,1.000255606320541,1.0005700219317326
CZE,94T98,1.0004195609181226,1.0002095088930611,1.0005700219317326
DEU,01T02,0.999461733719367,1.0004821117901703,1.0005038098593508
DEU,03,1.0000600260372168,1.0003550825328051,1.0005038098593508
DEU,05T06,0.9983542561234743,1.0005332631504027,1.0005038098593508
DEU,07T08,0.9999677461145073,1.0003393410251507,1.0005038098593508
DEU,10T12,1.000134177769085,1.0006436263485539,1.0005038098593508
DEU,13T15,1.0000506547436883,1.0004032612134628,1.0005038098593508
DEU,16,1.0001019720120625,1.0006121703593513,1.0005038098593508
DEU,17T18,0.9999898394318062,1.0004475740500558,1.0005038098593508
DEU,19,0.9995337575922664,1.00067020728368,1.0005038098593508
DEU,20,1.0000560629025412,1.0004732524525741,1.0005038098593508
DEU,21,1.0001229092290456,1.0003498746254644,1.0005038098593508
DEU,22,1.000392581992611,1.0004494089777984,1.0005038098593508
DEU,23,1.0000162963262977,1.000513163424211,1.0005038098593508
DEU,24,0.9993768366479562,1.0007359487810774,1.0005038098593508
DEU,25,1.0003912248926223,1.000452827462943,1.0005038098593508
DEU,26,1.000267137226645,1.0003494609243198,1.0005038098593508
DEU,27,1.0004284999213824,1.0003892942224704,1.0005038098593508
DEU,28,1.000295692541535,1.0003859793222567,1.0005038098593508
DEU,29T30,1.0002667951229582,1.0003771097738279,1.0005038098593508
DEU,31T33,1.000363554520879,1.0003841776075793,1.0005038098593508
DEU,35,0.9986222428074529,1.0006603225808093,1.0005038098593508
DEU,36T39,1.0002259694886333,1.0003441714972345,1.0005038098593508
DEU,41T43,1.0003834480954077,1.0004017140547794,1.0005038098593508
DEU,45T47,1.0001555489922471,1.0003271881705913,1.0005038098593508
DEU,49,1.000162709197818,1.0003708007930652,1.0005038098593508
DEU,50,1.0004078141344848,1.0005454883723288,1.0005038098593508
DEU,51,0.9990060228591683,1.0004476049159448,1.0005038098593508
DEU,52,1.0000487514355427,1.0003593310207803,1.0005038098593508
DEU,53,1.0001558328806488,1.0003527007278568,1.0005038098593508
DEU,55T56,1.0003006121370033,1.0003879701857776,1.0005038098593508
DEU,58T60,1.0002080798312913,1.0003028219956767,1.0005038098593508
DEU,61,1.0002959387000712,1.000314318048097,1.0005038098593508
DEU,62T63,1.0001296772341517,1.0002572560658565,1.0005038098593508
DEU,64T66,1.000265750162674,1.0002806141945755,1.0005038098593508
DEU,68,1.0003935200088878,1.0002765729613061,1.0005038098593508
DEU,69T75,1.0002029107865933,1.0002860273968988,1.0005038098593508
DEU,77T82,1.0002194786839789,1.000317561115249,1.0005038098593508
DEU,84,1.000397986510801,1.0003021803249896,1.0005038098593508
DEU,85,1.0004684413024807,1.0002687792765772,1.0005038098593508
DEU,86T88,1.0004879985066621,1.0003052258828224,1.0005038098593508
DEU,90T93,1.0004103730968636,1.0002982268979237,1.0005038098593508
DEU,94T98,1.000440081477426,1.0002955149013748,1.0005038098593508
DNK,01T02,0.9987723811552167,1.0005464993569708,1.0004185512308836
DNK,03,0.9993573551873646,1.0003397020263596,1.0004185512308836
DNK,05T06,0.9992979008310057,1.0003247582532009,1.0004185512308836
DNK,07T08,0.9996292084130276,1.0004774376425496,1.0004185512308836
DNK,10T12,0.9999246492708012,1.0005871730065898,1.0004185512308836
DNK,13T15,1.0002507688376179,1.000358737144401,1.0004185512308836
DNK,16,1.0007136553156548,1.0004859911633346,1.0004185512308836
DNK,17T18,1.0004811091777097,1.000354486898803,1.0004185512308836
DNK,19,0.9997112429143793,1.0006081729233178,1.0004185512308836
DNK,20,1.0007559683381755,1.0003762714376756,1.0004185512308836
DNK,21,1.000475313642947,1.0002755359739404,1.0004185512308836
DNK,22,1.000533399884911,1.0003915127180771,1.0004185512308836
DNK,23,0.9997553280217798,1.0004687807635173,1.0004185512308836
DNK,24,1.0022142559426004,1.0005528403974373,1.0004185512308836
DNK,25,1.0003752349503225,1.0004157856136935,1.0004185512308836
DNK,26,1.0002848471765746,1.0003191529734798,1.0004185512308836
DNK,27,1.000502433600673,1.0003483138988296,1.0004185512308836
DNK,28,1.0002860511697251,1.000368944969487,1.0004185512308836
DNK,29T30,1.0002033417851823,1.000376117043074,1.0004185512308836
DNK,31T33,1.0004531803055103,1.0003450604090096,1.0004185512308836
DNK,35,0.9990272791532343,1.0004067850620202,1.0004185512308836
DNK,36T39,1.000292001572488,1.0002978619912337,1.0004185512308836
DNK,41T43,1.0003267246103196,1.0003759954488949,1.0004185512308836
DNK,45T47,1.0001644636199645,1.0002807100486735,1.0004185512308836
DNK,49,0.9998276553555344,1.0004554041936133,1.0004185512308836
DNK,50,0.9997036239439844,1.0003922726833276,1.0004185512308836
DNK,51,0.9998081382423165,1.0003635699274989,1.0004185512308836
DNK,52,0.9999896709442333,1.000309489873718,1.0004185512308836
DNK,53,1.0001558098838366,1.0003098467979719,1.0004185512308836
DNK,55T56,1.000279541308169,1.0003582565945233,1.0004185512308836
DNK,58T60,1.0002148474569326,1.0002637548583253,1.0004185512308836
DNK,61,1.0002428212226666,1.0002814750369284,1.0004185512308836
DNK,62T63,1.000144665587732,1.0002587326815124,1.0004185512308836
DNK,64T66,1.000218536375409,1.000242060033681,1.0004185512308836
DNK,68,1.000354748315181,1.000257531690883,1.0004185512308836
DNK,69T75,1.0001930150315523,1.0002651576640817,1.0004185512308836
DNK,77T82,1.0001864864650991,1.00033682252684,1.0004185512308836
DNK,84,1.0003901993859456,1.0002679926719122,1.0004185512308836
DNK,85,1.0004031409769893,1.0002595367627678,1.0004185512308836
DNK,86T88,1.0004125124380723,1.000271548583238,1.0004185512308836
DNK,90T93,1.000376810280754,1.0002800606044484,1.0004185512308836
DNK,94T98,1.0003426134267455,1.0002664709168898,1.0004185512308836
ESP,01T02,1.0007319173095135,1.0004086753485246,1.000471559517492
ESP,03,0.9998741610018808,1.0003721523701623,1.000471559517492
ESP,05T06,0.991785059452623,1.0003085951097492,1.000471559517492
ESP,07T08,0.9994203302280383,1.0004798711224654,1.000471559517492
ESP,10T12,1.0001052737483878,1.0006745670732708,1.000471559517492
ESP,13T15,1.0001785187846668,1.000363475038639,1.000471559517492
ESP,16,1.0001110423142368,1.0004694839240718,1.000471559517492
ESP,17T18,1.000009951149582,1.0004523325026116,1.000471559517492
ESP,19,0.9992697595274986,1.0008576043939743,1.000471559517492
ESP,20,0.9998189131200215,1.000551786928554,1.000471559517492
ESP,21,0.9998939175164594,1.0004038919773102,1.000471559517492
ESP,22,1.0002538843765694,1.000475228982596,1.000471559517492
ESP,23,0.9990421717296125,1.0005983906029665,1.000471559517492
ESP,24,1.0006903939315044,1.000611759292476,1.000471559517492
ESP,25,1.0000935623053522,1.0005348045381286,1.000471559517492
ESP,26,1.0002401518981061,1.0003600920676576,1.000471559517492
ESP,27,1.0001798771865602,1.000487887884161,1.000471559517492
ESP,28,1.0001243727470728,1.0004423149354655,1.000471559517492
ESP,29T30,1.0001223556352143,1.0004297407823144,1.000471559517492
ESP,31T33,1.0003459783302964,1.000365097134335,1.000471559517492
ESP,35,0.9991255220562867,1.0005814387180922,1.000471559517492
ESP,36T39,1.0002971712996707,1.000372763080178,1.000471559517492
ESP,41T43,1.0003708620501464,1.0004011214963322,1.000471559517492
ESP,45T47,1.000187737999948,1.000310178739057,1.000471559517492
ESP,49,0.9997502113780034,1.0004070968622216,1.000471559517492
ESP,50,0.993668838006438,1.0003790165813466,1.000471559517492
ESP,51,0.9988869601057954,1.0004435464006733,1.000471559517492
ESP,52,0.9999857514525089,1.0003776624007101,1.000471559517492
ESP,53,1.0001129188821531,1.0003332385517338,1.000471559517492
ESP,55T56,1.0003356289171113,1.000360958699536,1.000471559517492
ESP,58T60,1.0001529191554968,1.000301343484435,1.000471559517492
ESP,61,1.0002122241906226,1.0003430179560502,1.000471559517492
ESP,62T63,1.0000736234769607,1.0002973931668078,1.000471559517492
ESP,64T66,1.0002578886866804,1.0002603061168318,1.000471559517492
ESP,68,1.0003936750799816,1.000245810072417,1.000471559517492
ESP,69T75,1.0001892892321267,1.0002957232780743,1.000471559517492
ESP,77T82,1.0001181453004646,1.0003135831535785,1.000471559517492
ESP,84,1.0003881012956983,1.0002887578051316,1.000471559517492
ESP,85,1.0004161057000927,1.0002606902036393,1.000471559517492
ESP,86T88,1.0004412090096608,1.0002932483929512,1.000471559517492
ESP,90T93,1.0003676985465237,1.0002928548940295,1.000471559517492
ESP,94T98,1.0003902196299799,1.0002673290317827,1.000471559517492
EST,01T02,0.9961508126290953,1.0006356126945648,1.0003789969192947
EST,03,1.0001526791127924,1.0000565183879289,1.0003789969192947
EST,05T06,0.9887935457024061,1.000256717789714,1.0003789969192947
EST,07T08,0.9949372295062731,1.0003220533932147,1.0003789969192947
EST,10T12,0.9997318567655757,1.0007466933443485,1.0003789969192947
EST,13T15,1.0008064012398465,1.0001991913740125,1.0003789969192947
EST,16,0.997863674682783,1.0009227368225246,1.0003789969192947
EST,17T18,0.9992959267927852,1.0006959060732725,1.0003789969192947
EST,19,0.9830129767753989,1.0011088833215898,1.0003789969192947
EST,20,1.0000420504650906,1.0005466126048799,1.0003789969192947
EST,21,1.0008758918899632,1.0000906986942213,1.0003789969192947
EST,22,1.0004187174245873,1.0003524365947554,1.0003789969192947
EST,23,0.9993726255269202,1.0005236779678695,1.0003789969192947
EST,24,1.001311836169554,1.000840220752298,1.0003789969192947
EST,25,1.0001578039740944,1.0003694996350279,1.0003789969192947
EST,26,1.0002859425360917,1.0002271733197392,1.0003789969192947
EST,27,1.0006978172062573,1.0002285496859433,1.0003789969192947
EST,28,1.000335154944207,1.0002573759512665,1.0003789969192947
EST,29T30,1.0005921340242536,1.000172301475811,1.0003789969192947
EST,31T33,1.000113140744297,1.0002775501687404,1.0003789969192947
EST,35,0.9927714007302116,1.000934053739644,1.0003789969192947
EST,36T39,1.0000952423209026,1.000376868997345,1.0003789969192947
EST,41T43,1.0002088595303322,1.0002521647552742,1.0003789969192947
EST,45T47,1.0001020152188087,0.9999686639755055,1.0003789969192947
EST,49,0.9997196322582684,1.0000218276588746,1.0003789969192947
EST,50,0.999601306367969,1.0001205921278928,1.0003789969192947
EST,51,1.001123794477412,1.0003434946166443,1.0003789969192947
EST,52,0.9998783339679139,1.0001962274549916,1.0003789969192947
EST,53,1.0005654023343398,1.0000036667566392,1.0003789969192947
EST,55T56,1.000397758027026,1.0002051212697667,1.0003789969192947
EST,58T60,1.0007338167074273,0.9999734079777424,1.0003789969192947
EST,61,1.0006334756129454,0.9999002467740227,1.0003789969192947
EST,62T63,1.0006665195985274,0.9998159213381854,1.0003789969192947
EST,64T66,1.0003722888797972,0.9997858044669249,1.0003789969192947
EST,68,1.0002636253514896,0.9998977227450013,1.0003789969192947
EST,69T75,1.0003263990845601,0.9999031194299981,1.0003789969192947
EST,77T82,1.0001884791911617,0.9999153388373404,1.0003789969192947
EST,84,1.0003473236616587,0.9998737360171074,1.0003789969192947
EST,85,1.0003640606038937,0.9999257705662736,1.0003789969192947
EST,86T88,1.0003750410786496,0.9999113096661336,1.0003789969192947
EST,90T93,1.000354793884504,1.000056090842784,1.0003789969192947
EST,94T98,1.0002629429421577,1.0001183295483744,1.0003789969192947
FIN,01T02,0.9989452429898064,1.0004313505812192,1.000398829746859
FIN,03,0.9994999000891704,1.000289222035586,1.000398829746859
FIN,05T06,0.9854311547457949,1.0005179798536776,1.000398829746859
FIN,07T08,0.9995202289708383,1.000500655091508,1.000398829746859
FIN,10T12,1.0001481538017245,1.000615779313111,1.000398829746859
FIN,13T15,1.000403162882912,1.0003039316655375,1.000398829746859
FIN,16,0.9994793859571367,1.0008341854984757,1.000398829746859
FIN,17T18,0.9992401154469182,1.0006225455530846,1.000398829746859
FIN,19,0.9995480650059098,1.0005919204484155,1.000398829746859
FIN,20,0.9996449164794766,1.0005107734178773,1.000398829746859
FIN,21,1.0004241393046405,1.0001882875096428,1.000398829746859
FIN,22,1.0002269075592582,1.000438033558656,1.000398829746859
FIN,23,1.0001015104518922,1.000459284965206,1.000398829746859
FIN,24,1.0005239802356556,1.0006185885205596,1.000398829746859
FIN,25,1.0003158072607612,1.0004249883106746,1.000398829746859
FIN,26,1.0003169203775597,1.000223387715431,1.000398829746859
FIN,27,1.0004531612277958,1.0003379321463,1.000398829746859
FIN,28,1.0003046355796306,1.0002932855842441,1.000398829746859
FIN,29T30,1.0003170872525242,1.000343175623703,1.000398829746859
FIN,31T33,1.000158959099509,1.0002747883051482,1.000398829746859
FIN,35,0.9986752402653722,1.0007537359480565,1.000398829746859
FIN,36T39,1.0002277488222537,1.0002824876909706,1.000398829746859
FIN,41T43,1.000291598896315,1.0003570592025834,1.000398829746859
FIN,45T47,1.000124280542801,1.0002327243729134,1.000398829746859
FIN,49,0.9999526723273476,1.0002808909087946,1.000398829746859
FIN,50,0.9994163527373324,1.0003192350336643,1.000398829746859
FIN,51,0.9993021593387723,1.0003369919887055,1.000398829746859
FIN,52,0.9999697007950591,1.0003179399023423,1.000398829746859
FIN,53,1.0000993901538127,1.000254007561563,1.000398829746859
FIN,55T56,1.0002472051563172,1.0003229560613602,1.000398829746859
FIN,58T60,1.0001455091175295,1.0002329777137626,1.000398829746859
FIN,61,1.000259235191938,1.000197874617803,1.000398829746859
FIN,62T63,1.0000522171616475,1.000186189547505,1.000398829746859
FIN,64T66,1.0001884765569469,1.0001953779886248,1.000398829746859
FIN,68,1.00032995537393,1.0002007808231836,1.000398829746859
FIN,69T75,1.0001466807431927,1.0002037839516482,1.000398829746859
FIN,77T82,1.0001547761786,1.0002281344031574,1.000398829746859
FIN,84,1.0003143347679484,1.000236378979744,1.000398829746859
FIN,85,1.0003723213814228,1.0001934194731292,1.000398829746859
FIN,86T88,1.0003872936222356,1.0002064013774428,1.000398829746859
FIN,90T93,1.0003264897988515,1.0002962192677665,1.000398829746859
FIN,94T98,1.0003259481900948,1.0002992380034053,1.000398829746859
FRA,01T02,0.9996497142376582,1.0005062510606613,1.0003648384666284
FRA,03,0.9997080097206057,1.000377766134306,1.0003648384666284
FRA,05T06,0.9809858476137457,1.0002626605847886,1.0003648384666284
FRA,07T08,0.9996096327242652,1.0004279384115655,1.0003648384666284
FRA,10T12,1.0001432710192018,1.0005593048416606,1.0003648384666284
FRA,13T15,1.000242683774707,1.000335483937572,1.0003648384666284
FRA,16,1.000156667274299,1.0005319940550363,1.0003648384666284
FRA,17T18,1.000217966415058,1.0003540191353308,1.0003648384666284
FRA,19,0.9998448602560766,1.000697236555385,1.0003648384666284
FRA,20,1.0001486754878015,1.0004143285166163,1.0003648384666284
FRA,21,1.0001423406335148,1.0003207043394835,1.0003648384666284
FRA,22,1.000473442853548,1.0003954312240584,1.0003648384666284
FRA,23,0.9999484982766478,1.000456993699014,1.0003648384666284
FRA,24,0.9987962611578652,1.0005382719374922,1.0003648384666284
FRA,25,1.000327204433621,1.0004312157797193,1.0003648384666284
FRA,26,1.0002397629728144,1.0003265527386787,1.0003648384666284
FRA,27,1.0003747444032376,1.0003941065319097,1.0003648384666284
FRA,28,1.0002354725772602,1.0003808337616618,1.0003648384666284
FRA,29T30,1.0002568455180831,1.000358982306774,1.0003648384666284
FRA,31T33,1.000375477429849,1.000354408245475,1.0003648384666284
FRA,35,1.0000420634846945,1.0005015662769836,1.0003648384666284
FRA,36T39,1.0001678559217912,1.0003254471949212,1.0003648384666284
FRA,41T43,1.0003327252299805,1.0003752934927865,1.0003648384666284
FRA,45T47,1.000169692301094,1.0002814087281606,1.0003648384666284
FRA,49,1.0001713639939518,1.0003083512580737,1.0003648384666284
FRA,50,1.0000754113386692,1.0004331990073563,1.0003648384666284
FRA,51,0.9994449083572078,1.0003936827138011,1.0003648384666284
FRA,52,1.0001591009872468,1.000280260606158,1.0003648384666284
FRA,53,1.00024616509573,1.0002578950139063,1.0003648384666284
FRA,55T56,1.0002697402185696,1.0003387744362242,1.0003648384666284
FRA,58T60,1.000167359397118,1.0003026635586867,1.0003648384666284
FRA,61,1.0002187456657587,1.0002779894059386,1.0003648384666284
FRA,62T63,1.0002206183574072,1.0002534897485929,1.0003648384666284
FRA,64T66,1.0002028707185262,1.000259059768795,1.0003648384666284
FRA,68,1.0003188595575134,1.0002419594582141,1.0003648384666284
FRA,69T75,1.000202748079571,1.000268007019638,1.0003648384666284
FRA,77T82,1.0001782879172965,1.0002651448222297,1.0003648384666284
FRA,84,1.0003339592568266,1.0002625740433155,1.0003648384666284
FRA,85,1.0003248895052004,1.0002568951317017,1.0003648384666284
FRA,86T88,1.0003506161708868,1.000259597172111,1.0003648384666284
FRA,90T93,1.0003077845231283,1.0002913630210255,1.0003648384666284
FRA,94T98,1.000305947676108,1.0002713367376972,1.0003648384666284
GBR,01T02,1.0004163736927916,1.000244950970339,1.0002109809826418
GBR,03,1.0001603198394327,1.000245248555502,1.0002109809826418
GBR,05T06,0.9993088657473165,1.0002300667678425,1.0002109809826418
GBR,07T08,1.000269535299182,1.000236284303145,1.0002109809826418
GBR,10T12,1.0005631384391185,1.0002518136831753,1.0002109809826418
GBR,13T15,1.0004987836707746,1.0002347040709092,1.0002109809826418
GBR,16,1.000805242058201,1.0002753409508216,1.0002109809826418
GBR,17T18,1.0003879251951027,1.0002539246205049,1.0002109809826418
GBR,19,1.0003863873278505,1.0001573574767875,1.0002109809826418
GBR,20,1.0005337877785785,1.0002550501740717,1.0002109809826418
GBR,21,1.0003721185086085,1.0002376987479322,1.0002109809826418
GBR,22,1.0006203872264046,1.00026512605269,1.0002109809826418
GBR,23,1.0005240917711884,1.000239194365494,1.0002109809826418
GBR,24,1.001054408212276,1.0002517437924936,1.0002109809826418
GBR,25,1.0006743846921007,1.0002526080082719,1.0002109809826418
GBR,26,1.000295925948112,1.000243645757006,1.0002109809826418
GBR,27,1.0005780310775312,1.0002637434986128,1.0002109809826418
GBR,28,1.0003867642411262,1.0002602667977747,1.0002109809826418
GBR,29T30,1.0004201546658593,1.0002665365191221,1.0002109809826418
GBR,31T33,1.00037942207984,1.0002509608999797,1.0002109809826418
GBR,35,1.0002832429295587,1.0002149393118487,1.0002109809826418
GBR,36T39,1.0002416083304129,1.0002301229373458,1.0002109809826418
GBR,41T43,1.0002127126628857,1.0002411658706405,1.0002109809826418
GBR,45T47,1.0002222200878073,1.000229701878579,1.0002109809826418
GBR,49,1.0002685370029853,1.0002307791604323,1.0002109809826418
GBR,50,1.0005160887408842,1.0002310577028344,1.0002109809826418
GBR,51,0.9997864202065482,1.0002331397859745,1.0002109809826418
GBR,52,1.0002421796656498,1.0002310658150395,1.0002109809826418
GBR,53,1.00021950328938,1.0002249903002762,1.0002109809826418
GBR,55T56,1.0002334669505826,1.000239237507735,1.0002109809826418
GBR,58T60,1.0002007644315931,1.0002288799310879,1.0002109809826418
GBR,61,1.000189568290477,1.0002238351640163,1.0002109809826418
GBR,62T63,1.0001509820201118,1.0002227094730978,1.0002109809826418
GBR,64T66,1.0001338073017445,1.0002220600134626,1.0002109809826418
GBR,68,1.0002066982307518,1.0002236528386994,1.0002109809826418
GBR,69T75,1.0001698133279049,1.0002253267436598,1.0002109809826418
GBR,77T82,1.000189632420534,1.0002274586966144,1.0002109809826418
GBR,84,1.0002122531811553,1.0002310197900455,1.0002109809826418
GBR,85,1.0002037636488221,1.000226470261748,1.0002109809826418
GBR,86T88,1.0002107084563512,1.0002296380903124,1.0002109809826418
GBR,90T93,1.0001999904190166,1.0002270540338636,1.0002109809826418
GBR,94T98,1.0002089704521202,1.0002255469287693,1.0002109809826418
GRC,01T02,1.000558221016842,1.0004045579822303,1.000528499726488
GRC,03,1.0004072865457712,1.0001682658911022,1.000528499726488
GRC,05T06,0.9827206737731969,1.000332070722593,1.000528499726488
GRC,07T08,0.9996485544052396,1.0004698541183932,1.000528499726488
GRC,10T12,1.0002597402074733,1.0005654125399586,1.000528499726488
GRC,13T15,0.9999243541199392,1.0003980305658298,1.000528499726488
GRC,16,1.0002201282700602,1.000433334401556,1.000528499726488
GRC,17T18,1.0003104735208783,1.000332706549245,1.000528499726488
GRC,19,0.998445410349511,1.0008362934891113,1.000528499726488
GRC,20,1.0001332889816172,1.00039358466637,1.000528499726488
GRC,21,1.0004743894981112,1.0003031473074262,1.000528499726488
GRC,22,1.0001007726711908,1.000454908797899,1.000528499726488
GRC,23,0.9955417342125709,1.000907953026197,1.000528499726488
GRC,24,0.9985035545293898,1.0010638873352762,1.000528499726488
GRC,25,0.9999144728243247,1.00053684313218,1.000528499726488
GRC,26,1.0003335338650396,1.0003236529158916,1.000528499726488
GRC,27,0.9997046794906828,1.0007118676412157,1.000528499726488
GRC,28,1.0001277012057659,1.0004365157564736,1.000528499726488
GRC,29T30,1.0001479745439183,1.0003518466950627,1.000528499726488
GRC,31T33,1.0002230730282684,1.0003599876325306,1.000528499726488
GRC,35,0.9974405406947943,1.0008889850985263,1.000528499726488
GRC,36T39,1.000374350670465,1.0007743441126555,1.000528499726488
GRC,41T43,1.0004114959576587,1.0006583931169937,1.000528499726488
GRC,45T47,1.0001737487158824,1.000193230845703,1.000528499726488
GRC,49,1.0000527307816867,1.0002947252056318,1.000528499726488
GRC,50,0.9972642442237959,1.000933694736356,1.000528499726488
GRC,51,1.0000050163055492,1.0003765334846542,1.000528499726488
GRC,52,0.9997446760532874,1.0003497662641585,1.000528499726488
GRC,53,1.0001309901967257,1.0002436585517205,1.000528499726488
GRC,55T56,1.0003596341639258,1.0003178697470352,1.000528499726488
GRC,58T60,1.0002588895290514,1.0002500689156795,1.000528499726488
GRC,61,1.0003997310250707,1.0001885365483694,1.000528499726488
GRC,62T63,1.000303286477022,1.0001630694129187,1.000528499726488
GRC,64T66,1.000276139938986,1.0000997582392246,1.000528499726488
GRC,68,1.0003632895836492,1.000101662289603,1.000528499726488
GRC,69T75,1.0000837766255004,1.0001562282485381,1.000528499726488
GRC,77T82,1.0002937744772222,1.0002189412185465,1.000528499726488
GRC,84,1.0004803947508736,1.0001349009408154,1.000528499726488
GRC,85,1.0005019364087129,1.0001178391802856,1.000528499726488
GRC,86T88,1.0005060415533464,1.0001978613851308,1.000528499726488
GRC,90T93,1.0004317056107648,1.0002198037171888,1.000528499726488
GRC,94T98,1.0004276415216513,1.0002574530666963,1.000528499726488
HRV,01T02,1.0002355144300588,1.0002764710706762,1.0002358176878035
HRV,03,1.0002452645604674,1.0002753685881134,1.0002358176878035
HRV,05T06,0.9992399708141518,1.0002445110997422,1.0002358176878035
HRV,07T08,1.0003250454622525,1.0002546761145963,1.0002358176878035
HRV,10T12,1.0004768944180318,1.00027194641324,1.0002358176878035
HRV,13T15,1.0004307333908322,1.0002828171344214,1.0002358176878035
HRV,16,1.0006934565730448,1.0002857657379312,1.0002358176878035
HRV,17T18,1.0003887408384808,1.000274129709709,1.0002358176878035
HRV,19,1.0004844884702828,1.0001659524928865,1.0002358176878035
HRV,20,0.9985109895961946,1.0003064267379775,1.0002358176878035
HRV,21,1.0001314098602627,1.0002722630641914,1.0002358176878035
HRV,22,1.0004803837763425,1.0003116966586267,1.0002358176878035
HRV,23,0.9997588877821028,1.0002816864268662,1.0002358176878035
HRV,24,1.0016407156034608,1.0003199192119934,1.0002358176878035
HRV,25,1.0005135064284945,1.0002987664900682,1.0002358176878035
HRV,26,1.0003298281455568,1.000261868737452,1.0002358176878035
HRV,27,1.0004930200784248,1.0002965783046875,1.0002358176878035
HRV,28,1.0003838550834872,1.0002927920163247,1.0002358176878035
HRV,29T30,1.000300979860594,1.0002972967612171,1.0002358176878035
HRV,31T33,1.0005292741939034,1.0002790493793805,1.0002358176878035
HRV,35,1.0003742628754468,1.0002652271693973,1.0002358176878035
HRV,36T39,1.000231047841303,1.0002766777100836,1.0002358176878035
HRV,41T43,1.0002339743362538,1.0002834498343218,1.0002358176878035
HRV,45T47,1.0002141432008445,1.0002617366313467,1.0002358176878035
HRV,49,1.0001689918202292,1.0002693368024864,1.0002358176878035
HRV,50,0.9986772352306644,1.0002841679702088,1.0002358176878035
HRV,51,1.0013359058882902,1.0002555837050944,1.0002358176878035
HRV,52,1.0002808411475745,1.0002669011962455,1.0002358176878035
HRV,53,1.000230546025665,1.0002568842138049,1.0002358176878035
HRV,55T56,1.0003556126548552,1.000272581013056,1.0002358176878035
HRV,58T60,1.0001172307448438,1.0002522952887132,1.0002358176878035
HRV,61,1.000206316360966,1.0002559143053285,1.0002358176878035
HRV,62T63,1.0000774629979932,1.0002550707492648,1.0002358176878035
HRV,64T66,1.0002144358430203,1.0002534198810655,1.0002358176878035
HRV,68,1.000225390150942,1.0002687757059683,1.0002358176878035
HRV,69T75,1.0001753939998683,1.0002554039282487,1.0002358176878035
HRV,77T82,1.0002307364862533,1.0002620380224154,1.0002358176878035
HRV,84,1.0002333090150297,1.000258212696703,1.0002358176878035
HRV,85,1.0002349175740133,1.0002551762732625,1.0002358176878035
HRV,86T88,1.0002353239004393,1.0002661866420839,1.0002358176878035
HRV,90T93,1.0002393525818911,1.00026262691962,1.0002358176878035
HRV,94T98,1.0002358278948533,1.0002611558770322,1.0002358176878035
HUN,01T02,0.9983563130866119,1.0005467751409636,1.000446682811539
HUN,03,0.9999473178756879,1.0004234779228929,1.000446682811539
HUN,05T06,0.9907017489399281,1.0006937497526902,1.000446682811539
HUN,07T08,0.9993625538666603,1.000819085907369,1.000446682811539
HUN,10T12,0.9997050095384089,1.0007674858614497,1.000446682811539
HUN,13T15,1.0003446863897676,1.0003036278448043,1.000446682811539
HUN,16,0.999802341924161,1.0005327287619878,1.000446682811539
HUN,17T18,0.9999253183416952,1.0003687148135214,1.000446682811539
HUN,19,0.9995559429652747,1.0007154827362241,1.000446682811539
HUN,20,0.998364365676519,1.0005556819525478,1.000446682811539
HUN,21,0.9999952765972074,1.0002782395328327,1.000446682811539
HUN,22,1.000206818611026,1.0004648991323528,1.000446682811539
HUN,23,0.9993590037128107,1.0006039488304614,1.000446682811539
HUN,24,1.0003337879216205,1.000656061469513,1.000446682811539
HUN,25,1.0001754654506985,1.000459459728718,1.000446682811539
HUN,26,1.0002963199589665,1.0002984571500049,1.000446682811539
HUN,27,1.0002669727476508,1.0004322425391485,1.000446682811539
HUN,28,1.0002488952532131,1.0003637441481514,1.000446682811539
HUN,29T30,1.0003197350584723,1.0003401802001786,1.000446682811539
HUN,31T33,1.0004270865177713,1.000280507263294,1.000446682811539
HUN,35,0.9964602438934548,1.0004550760616504,1.000446682811539
HUN,36T39,1.0001750832963077,1.000289305035568,1.000446682811539
HUN,41T43,1.000327347955824,1.000404177690674,1.000446682811539
HUN,45T47,1.0000194245726217,1.0002526313048583,1.000446682811539
HUN,49,0.999671867614559,1.0002753438588483,1.000446682811539
HUN,50,0.9973735673524083,1.0003739722681384,1.000446682811539
HUN,51,0.9987355668070032,1.000371998294054,1.000446682811539
HUN,52,1.0000548543868202,1.0002144101046189,1.000446682811539
HUN,53,1.0002669477202601,1.0001695063091316,1.000446682811539
HUN,55T56,1.0002749151762758,1.000357129024629,1.000446682811539
HUN,58T60,1.0003215693254577,1.000175054427136,1.000446682811539
HUN,61,1.000357570692646,1.000130654690993,1.000446682811539
HUN,62T63,1.000275445941456,1.0001044283191554,1.000446682811539
HUN,64T66,1.0002062933449918,1.000103239768397,1.000446682811539
HUN,68,1.000318240403193,1.0001352700201278,1.000446682811539
HUN,69T75,1.000216248733402,1.0001543324176356,1.000446682811539
HUN,77T82,1.0001003740048056,1.000195007290861,1.000446682811539
HUN,84,1.0003926210471648,1.0001339811326613,1.000446682811539
HUN,85,1.0004125416261236,1.0001199686206492,1.000446682811539
HUN,86T88,1.000409927154596,1.0001815580426818,1.000446682811539
HUN,90T93,1.0003615852833998,1.0002177855831103,1.000446682811539
HUN,94T98,1.0003118489525649,1.0001652482055707,1.000446682811539
IDN,01T02,0.9917017014780656,0.9996309323783019,1.0003994387334207
IDN,03,1.0002092306305985,0.9990350347314675,1.0003994387334207
IDN,05T06,0.9969830478021807,0.999667954911948,1.0003994387334207
IDN,07T08,1.0004991078068268,0.9992995223448177,1.0003994387334207
IDN,10T12,0.9988583991669644,1.0018568403307564,1.0003994387334207
IDN,13T15,1.0020157621450698,0.9996075994159415,1.0003994387334207
IDN,16,0.9985854659940888,1.0013332573502347,1.0003994387334207
IDN,17T18,1.0000494086599654,0.9999928052228877,1.0003994387334207
IDN,19,0.9987235959649237,1.0003128833655577,1.0003994387334207
IDN,20,0.9979421494748377,1.000270503155887,1.0003994387334207
IDN,21,0.999662948871869,1.000387747181377,1.0003994387334207
IDN,22,0.9975759431348187,1.0014475022706824,1.0003994387334207
IDN,23,0.9951390944619787,1.0003209171745322,1.0003994387334207
IDN,24,1.0027380111874438,0.9996686534575234,1.0003994387334207
IDN,25,1.0003186555188541,1.0000545109152859,1.0003994387334207
IDN,26,1.0006014156712535,0.9999585688203335,1.0003994387334207
IDN,27,1.0010632111233113,0.9999271145307953,1.0003994387334207
IDN,28,1.000510028437922,1.000147881414908,1.0003994387334207
IDN,29T30,1.001053284350203,0.9995280269858723,1.0003994387334207
IDN,31T33,0.9997373967985158,0.9999883030510851,1.0003994387334207
IDN,35,0.9929011444583064,1.0024475653190748,1.0003994387334207
IDN,36T39,1.0001936558219937,0.9997199118650776,1.0003994387334207
IDN,41T43,1.0002021159329204,0.9999889205821014,1.0003994387334207
IDN,45T47,1.000141053403513,0.9992963817215691,1.0003994387334207
IDN,49,0.9995271115363314,0.9993544909376799,1.0003994387334207
IDN,50,0.9973608566156408,0.9998011745652475,1.0003994387334207
IDN,51,1.000219955858634,0.9995161159875411,1.0003994387334207
IDN,52,1.0001719891354066,0.9995345945734294,1.0003994387334207
IDN,53,1.0004231065239892,0.9995564375709353,1.0003994387334207
IDN,55T56,1.00027889822887,1.0004101371130345,1.0003994387334207
IDN,58T60,1.0004054947154708,0.9996124534369223,1.0003994387334207
IDN,61,1.0001994917611725,0.9991926002858857,1.0003994387334207
IDN,62T63,1.0004561646770633,0.9996614633206403,1.0003994387334207
IDN,64T66,0.9996680211006902,0.9990014965150408,1.0003994387334207
IDN,68,1.000387197590573,0.9990907639047271,1.0003994387334207
IDN,69T75,1.0025192223701953,0.9991860178504237,1.0003994387334207
IDN,77T82,0.9999886836510092,0.9991617285201281,1.0003994387334207
IDN,84,1.000302280299577,0.9994744661235548,1.0003994387334207
IDN,85,1.0003928885028261,0.9992285582278209,1.0003994387334207
IDN,86T88,1.0003460354799465,0.9997569063504356,1.0003994387334207
IDN,90T93,1.0005943004487323,0.9994509864120523,1.0003994387334207
IDN,94T98,1.0003174629377733,0.9992266521802121,1.0003994387334207
IND,01T02,0.9987984580960056,0.9998937369247924,1.000604532594631
IND,03,1.000535039315981,0.9996356662878783,1.000604532594631
IND,05T06,0.9959237637882534,0.9999856833037982,1.000604532594631
IND,07T08,0.9951057423247228,1.0002420640268987,1.000604532594631
IND,10T12,1.0002216556820167,1.000737596602809,1.000604532594631
IND,13T15,1.0000903555207192,1.0003893813817444,1.000604532594631
IND,16,0.9996168130599675,1.0002562929208114,1.000604532594631
IND,17T18,0.9994777226758061,1.0003964559830916,1.000604532594631
IND,19,0.998574075011229,1.0005387446897152,1.000604532594631
IND,20,0.9990201164645356,1.0003951773018973,1.000604532594631
IND,21,1.0002502863277314,1.0000090430849442,1.000604532594631
IND,22,0.9977868481372327,1.0005230700356176,1.000604532594631
IND,23,0.9970199832744452,1.000552527077177,1.000604532594631
IND,24,0.9933631749102244,1.001008473118224,1.000604532594631
IND,25,0.9988008692872689,1.000958507145786,1.000604532594631
IND,26,0.9997449682053999,1.000913034241732,1.000604532594631
IND,27,0.9993639996186515,1.0013662045946101,1.000604532594631
IND,28,0.9996396046308886,1.0009575754840563,1.000604532594631
IND,29T30,0.9999050867401296,1.0011991173657726,1.000604532594631
IND,31T33,0.9964278224624691,1.0006611622875328,1.000604532594631
IND,35,0.9924615310603975,1.0002726379686993,1.000604532594631
IND,36T39,0.9992969404290836,1.0001762585447778,1.000604532594631
IND,41T43,1.0004264355993673,1.0007057330989673,1.000604532594631
IND,45T47,0.9998953276318526,0.9997973078145406,1.000604532594631
IND,49,0.9993189732698302,1.0001261130965053,1.000604532594631
IND,50,0.9976340714089771,1.0003259166928733,1.000604532594631
IND,51,0.9982064330627978,1.000708397831123,1.000604532594631
IND,52,0.9991142196746455,1.0003744516587956,1.000604532594631
IND,53,0.9994311987990785,0.9999146221901417,1.000604532594631
IND,55T56,1.0000415116948227,1.0005942035193036,1.000604532594631
IND,58T60,1.0001725194709419,1.0002087913620508,1.000604532594631
IND,61,0.9997473615262442,1.0007845605351982,1.000604532594631
IND,62T63,1.0009431200183165,0.9997333965736954,1.000604532594631
IND,64T66,1.0000391620253595,1.0000615682543093,1.000604532594631
IND,68,1.0005283202596231,0.999665066113027,1.000604532594631
IND,69T75,1.0002613256393935,1.0000291578566811,1.000604532594631
IND,77T82,0.9996244503919214,0.9999261255358372,1.000604532594631
IND,84,1.0005900008187565,0.9998586796024143,1.000604532594631
IND,85,1.0005675254223185,0.9996746679612925,1.000604532594631
IND,86T88,1.0005939540195767,0.9997960502791083,1.000604532594631
IND,90T93,1.0005554533927201,0.9999549639604105,1.000604532594631
IND,94T98,1.0005123294613594,1.0001427260038378,1.000604532594631
IRL,01T02,0.9968480150070859,1.0005804990069331,1.000605542496354
IRL,03,0.9996922896704911,1.0005694080319747,1.000605542496354
IRL,05T06,0.9894773302886917,1.0006541737869104,1.000605542496354
IRL,07T08,0.9995352238241566,1.0006219493535646,1.000605542496354
IRL,10T12,0.9996967073789034,1.000599492480095,1.000605542496354
IRL,13T15,1.0000548671764131,1.000292664757387,1.000605542496354
IRL,16,0.999198532711656,1.0007006551047057,1.000605542496354
IRL,17T18,1.0004128319892742,1.0002861173480042,1.000605542496354
IRL,19,1.0001821745691657,1.0003465208784643,1.000605542496354
IRL,20,1.0009375129987632,1.0003233323746157,1.000605542496354
IRL,21,1.0005449570321523,1.0002621599866317,1.000605542496354
IRL,22,1.0005723986018615,1.0003338696492383,1.000605542496354
IRL,23,0.9992657545962116,1.0004752164582158,1.000605542496354
IRL,24,0.9996996309582206,1.000462036249145,1.000605542496354
IRL,25,1.0005798985494467,1.0003277882182315,1.000605542496354
IRL,26,1.0001343001339813,1.0002981933832098,1.000605542496354
IRL,27,1.0004537497592279,1.000354980406195,1.000605542496354
IRL,28,1.000233375004328,1.000299077536396,1.000605542496354
IRL,29T30,1.0002299156792964,1.000367178841822,1.000605542496354
IRL,31T33,1.000719358706214,1.0002734089445746,1.000605542496354
IRL,35,0.9991734655091411,1.0003369864434857,1.000605542496354
IRL,36T39,1.0003940494444516,1.0003019412430068,1.000605542496354
IRL,41T43,1.000397950606106,1.0003958129880732,1.000605542496354
IRL,45T47,1.000032283057687,1.0002786634865533,1.000605542496354
IRL,49,1.000290827016787,1.0002804582307079,1.000605542496354
IRL,50,0.9996575538814858,1.0005233254048513,1.000605542496354
IRL,51,0.9942466717858216,1.0003489177688194,1.000605542496354
IRL,52,1.000003992620591,1.0003035114361765,1.000605542496354
IRL,53,1.000212079591309,1.0002588889604307,1.000605542496354
IRL,55T56,1.0004655318358449,1.000288040802798,1.000605542496354
IRL,58T60,1.0002222606257685,1.0002484602792079,1.000605542496354
IRL,61,1.0002203569576171,1.000262124977911,1.000605542496354
IRL,62T63,1.0000638427459343,1.0002698712101663,1.000605542496354
IRL,64T66,1.000047371453517,1.0002478263475962,1.000605542496354
IRL,68,1.000314096767283,1.0002357382777498,1.000605542496354
IRL,69T75,1.000109136546828,1.00025508871247,1.000605542496354
IRL,77T82,1.0000592017500667,1.0002629931125286,1.000605542496354
IRL,84,1.0005504331890296,1.000271042084446,1.000605542496354
IRL,85,1.0005558155335796,1.0002413736291047,1.000605542496354
IRL,86T88,1.0005733934434233,1.0002485883380068,1.000605542496354
IRL,90T93,1.0003383122689025,1.0002805383823254,1.000605542496354
IRL,94T98,1.0004081857136264,1.0002668447486671,1.000605542496354
ISL,01T02,1.0005835178503193,1.0002474816657412,1.0002271100292333
ISL,03,0.9997639569161488,1.0002505519542622,1.0002271100292333
ISL,05T06,1.0002548063354382,1.0002452023262154,1.0002271100292333
ISL,07T08,1.000197633253791,1.0002376677668432,1.0002271100292333
ISL,10T12,1.000743099988756,1.000239980229154,1.0002271100292333
ISL,13T15,1.00045794886118,1.0002514951360113,1.0002271100292333
ISL,16,1.0013676156437452,1.0002768796536863,1.0002271100292333
ISL,17T18,1.0004716766735784,1.0002473911713081,1.0002271100292333
ISL,19,1.0004336850257431,1.0002355288574025,1.0002271100292333
ISL,20,1.0005425951206048,1.000226382111875,1.0002271100292333
ISL,21,1.0003818008993204,1.0002285574201943,1.0002271100292333
ISL,22,1.0007437679287594,1.0002410679746319,1.0002271100292333
ISL,23,1.0004270053475193,1.0002536089055867,1.0002271100292333
ISL,24,1.0001873215742936,1.00030016078153,1.0002271100292333
ISL,25,1.0005519395614046,1.0002638003567492,1.0002271100292333
ISL,26,1.000314688359426,1.000261975603647,1.0002271100292333
ISL,27,1.000527644684803,1.0002813351943092,1.0002271100292333
ISL,28,1.0003893676388356,1.0002604443150862,1.0002271100292333
ISL,29T30,1.0003802890873144,1.0002653374119437,1.0002271100292333
ISL,31T33,1.0003183210708173,1.0002598824118023,1.0002271100292333
ISL,35,1.0002508619269423,1.0002450305212702,1.0002271100292333
ISL,36T39,1.0002690580769917,1.0002427336156117,1.0002271100292333
ISL,41T43,1.0002273920519464,1.0002620679965404,1.0002271100292333
ISL,45T47,1.0002082692780536,1.0002404763875237,1.0002271100292333
ISL,49,1.0002705219436054,1.0002532014126648,1.0002271100292333
ISL,50,1.0001719841984,1.000275769684789,1.0002271100292333
ISL,51,0.9998154062091014,1.000256597723658,1.0002271100292333
ISL,52,1.000109639527535,1.0002384662889594,1.0002271100292333
ISL,53,1.0002224094859384,1.000236780699526,1.0002271100292333
ISL,55T56,1.000370924630221,1.0002413903718022,1.0002271100292333
ISL,58T60,1.0001342060787006,1.0002360659009784,1.0002271100292333
ISL,61,1.0001584298452557,1.0002353214072055,1.0002271100292333
ISL,62T63,1.0001200659579839,1.0002267975057,1.0002271100292333
ISL,64T66,1.0001736847991094,1.0002260456815413,1.0002271100292333
ISL,68,1.000214715712645,1.000230670477207,1.0002271100292333
ISL,69T75,1.0002013486771026,1.0002297037626602,1.0002271100292333
ISL,77T82,1.000231153446482,1.000239614407946,1.0002271100292333
ISL,84,1.0002270022340205,1.0002311993339708,1.0002271100292333
ISL,85,1.0002260328356825,1.000230916538473,1.0002271100292333
ISL,86T88,1.0002267891543024,1.0002335674279075,1.0002271100292333
ISL,90T93,1.0002505722695527,1.0002334356369715,1.0002271100292333
ISL,94T98,1.0002305637941065,1.0002293754803175,1.0002271100292333
ISR,01T02,1.000443361290439,1.0002168970884664,1.0002211279406734
ISR,03,1.0002121111623405,1.0002043479720886,1.0002211279406734
ISR,05T06,0.9988441699771234,1.0001845245135983,1.0002211279406734
ISR,07T08,0.9999819099945227,1.0002170759626838,1.0002211279406734
ISR,10T12,1.000332192272096,1.0002226548195232,1.0002211279406734
ISR,13T15,1.000496407666712,1.0002292892920908,1.0002211279406734
ISR,16,1.0007359044272017,1.0002860854455968,1.0002211279406734
ISR,17T18,1.0003857215800471,1.000239629437262,1.0002211279406734
ISR,19,1.0004031366361976,1.0000483469527033,1.0002211279406734
ISR,20,1.0005617484656173,1.0002267643168221,1.0002211279406734
ISR,21,1.0004880379432983,1.0002406821613112,1.0002211279406734
ISR,22,1.0003280554276093,1.0002055741145572,1.0002211279406734
ISR,23,1.0004345775064167,1.0001669881904496,1.0002211279406734
ISR,24,1.0017650108292873,1.000306218290175,1.0002211279406734
ISR,25,1.0007548382521383,1.0002557194616943,1.0002211279406734
ISR,26,1.0002931886431818,1.0002316857350584,1.0002211279406734
ISR,27,1.000664424568646,1.000261465839423,1.0002211279406734
ISR,28,1.0004840580796572,1.0002542401772847,1.0002211279406734
ISR,29T30,1.0003934080166628,1.0002524827144226,1.0002211279406734
ISR,31T33,1.000230067537187,1.0001855806933797,1.0002211279406734
ISR,35,1.0002589571068665,1.0001281960069048,1.0002211279406734
ISR,36T39,1.0002329477794232,1.0001937175541504,1.0002211279406734
ISR,41T43,1.0002223869030804,1.0002338608799508,1.0002211279406734
ISR,45T47,1.0001724715694726,1.0002260929883275,1.0002211279406734
ISR,49,1.0002558818411509,1.000202438787859,1.0002211279406734
ISR,50,1.000245313874891,1.0002331470803874,1.0002211279406734
ISR,51,1.0005888480956158,1.0002149775609905,1.0002211279406734
ISR,52,1.000188701525322,1.000219680439062,1.0002211279406734
ISR,53,1.0002249708667281,1.0002205677908904,1.0002211279406734
ISR,55T56,1.0002357932587147,1.0002206437418422,1.0002211279406734
ISR,58T60,1.0001736215322872,1.0002257818306672,1.0002211279406734
ISR,61,1.0002101175942621,1.0002234452008987,1.0002211279406734
ISR,62T63,0.999943991730832,1.0002234071406626,1.0002211279406734
ISR,64T66,1.0001622133349095,1.0002208745156773,1.0002211279406734
ISR,68,1.0002105792647134,1.0002246343539447,1.0002211279406734
ISR,69T75,1.0002236246714005,1.000222415300296,1.0002211279406734
ISR,77T82,1.0002144387894687,1.0002242350736792,1.0002211279406734
ISR,84,1.000220894188087,1.0002317463423265,1.0002211279406734
ISR,85,1.000218515507038,1.0002239319483235,1.0002211279406734
ISR,86T88,1.0002186365350183,1.00022771900574,1.0002211279406734
ISR,90T93,1.0002133066781378,1.0002254826731185,1.0002211279406734
ISR,94T98,1.0002185226006055,1.000224097606795,1.0002211279406734
ITA,01T02,1.000662348336354,1.0004548688263486,1.000499523448226
ITA,03,0.9999131562129884,1.0004302978172583,1.000499523448226
ITA,05T06,0.9988508138554602,1.0004415092440333,1.000499523448226
ITA,07T08,1.0001835033159343,1.0003083873410354,1.000499523448226
ITA,10T12,1.0002883680169987,1.0005790096249243,1.000499523448226
ITA,13T15,1.0001642625980685,1.0003829524866512,1.000499523448226
ITA,16,1.0003315650655435,1.0004795764054224,1.000499523448226
ITA,17T18,1.0001753761141303,1.0004352196640836,1.000499523448226
ITA,19,0.9997104649894809,1.0007603185921012,1.000499523448226
ITA,20,1.000151063447887,1.0005509928268925,1.000499523448226
ITA,21,1.0001131948133528,1.0004233390371227,1.000499523448226
ITA,22,1.0003251073819148,1.0004967735019372,1.000499523448226
ITA,23,0.999898775603697,1.0005938245763923,1.000499523448226
ITA,24,1.0007986634793935,1.0007114861250406,1.000499523448226
ITA,25,1.0002100107420928,1.0004756627664138,1.000499523448226
ITA,26,1.000210610395098,1.0004244080728613,1.000499523448226
ITA,27,1.0002081630952344,1.0004777338590907,1.000499523448226
ITA,28,1.0001738170285324,1.0004355676452927,1.000499523448226
ITA,29T30,1.0001689371020634,1.000428486583523,1.000499523448226
ITA,31T33,1.0003447356648112,1.000424850021466,1.000499523448226
ITA,35,0.9989850554055869,1.0008641643771,1.000499523448226
ITA,36T39,1.000360799198149,1.0004187984338098,1.000499523448226
ITA,41T43,1.000424956432905,1.0004048809943653,1.000499523448226
ITA,45T47,1.0001650302894463,1.0003561126352492,1.000499523448226
ITA,49,1.0000589281643624,1.0004209080606072,1.000499523448226
ITA,50,0.9980292516310136,1.0004372145472231,1.000499523448226
ITA,51,1.0000102443430143,1.000415809856709,1.000499523448226
ITA,52,1.0001357418344843,1.0003997018652355,1.000499523448226
ITA,53,1.0000953399769443,1.0004976938283705,1.000499523448226
ITA,55T56,1.00034476471246,1.0004032776563108,1.000499523448226
ITA,58T60,1.000137602847162,1.000344355514802,1.000499523448226
ITA,61,1.0002383620244144,1.0003282228070602,1.000499523448226
ITA,62T63,1.0002185494816862,1.0003144125002823,1.000499523448226
ITA,64T66,1.0002326842706601,1.0003054060227325,1.000499523448226
ITA,68,1.0004162079828325,1.0002931720226371,1.000499523448226
ITA,69T75,1.0002291853307932,1.0003372440811222,1.000499523448226
ITA,77T82,1.0002257159169714,1.0003646152028431,1.000499523448226
ITA,84,1.0004564026385265,1.0003386602371,1.000499523448226
ITA,85,1.000458002275998,1.0003142329877572,1.000499523448226
ITA,86T88,1.0004726389203114,1.0003578902047476,1.000499523448226
ITA,90T93,1.0003654867249583,1.0003555427830284,1.000499523448226
ITA,94T98,1.000435515297576,1.000368372669442,1.000499523448226
JPN,01T02,1.0003187284813437,1.0003152523446817,1.0003179842105459
JPN,03,1.0002470837899315,1.0003143152482779,1.0003179842105459
JPN,05T06,1.0001534652293247,1.0003047448862297,1.0003179842105459
JPN,07T08,1.0000173146682023,1.0002828455823864,1.0003179842105459
JPN,10T12,1.0003736670406653,1.000313778044369,1.0003179842105459
JPN,13T15,1.0004506941114615,1.000316521041851,1.0003179842105459
JPN,16,1.0004959349610074,1.0003216100065881,1.0003179842105459
JPN,17T18,1.0002930129793504,1.0003138571525845,1.0003179842105459
JPN,19,1.0002578020220914,1.0002970953468364,1.0003179842105459
JPN,20,1.0004119511826632,1.0003111258237223,1.0003179842105459
JPN,21,1.0002686449892206,1.0003117133421864,1.0003179842105459
JPN,22,1.0005270534738389,1.0003194784573575,1.0003179842105459
JPN,23,1.0004925240508613,1.0002622574236637,1.0003179842105459
JPN,24,1.0011383013068214,1.0002413347134123,1.0003179842105459
JPN,25,1.000580243295447,1.0002938895253561,1.0003179842105459
JPN,26,1.000271788994591,1.0003209636357788,1.0003179842105459
JPN,27,1.0005534893620276,1.0003224930758632,1.0003179842105459
JPN,28,1.0004075215869144,1.0003181254571898,1.0003179842105459
JPN,29T30,1.000245489924426,1.0003113038309037,1.0003179842105459
JPN,31T33,1.0003633870117223,1.0003196991515064,1.0003179842105459
JPN,35,1.0003308019851842,1.0003093717158418,1.0003179842105459
JPN,36T39,1.0003151075243846,1.0003168601159,1.0003179842105459
JPN,41T43,1.0003179668981206,1.000308928350624,1.0003179842105459
JPN,45T47,1.0002197761437286,1.0003167184872368,1.0003179842105459
JPN,49,1.0003046153927662,1.0003146252703448,1.0003179842105459
JPN,50,1.0000438584739733,1.0003095515498222,1.0003179842105459
JPN,51,1.0002033485948933,1.0003048846221811,1.0003179842105459
JPN,52,1.000278886390987,1.0003141037956782,1.0003179842105459
JPN,53,1.0002803791785142,1.000316136443346,1.0003179842105459
JPN,55T56,1.0003056568853712,1.0003153705902093,1.0003179842105459
JPN,58T60,1.0001939006418057,1.0003097144421669,1.0003179842105459
JPN,61,1.0002938281133227,1.000309458141445,1.0003179842105459
JPN,62T63,1.0002188763024273,1.0003123870440414,1.0003179842105459
JPN,64T66,1.0002497892969788,1.0003119813203578,1.0003179842105459
JPN,68,1.0003061325730618,1.000315530185886,1.0003179842105459
JPN,69T75,1.0002471453738147,1.000310095106048,1.0003179842105459
JPN,77T82,1.0002132231223935,1.0003148119709753,1.0003179842105459
JPN,84,1.0003172141633077,1.0003148508303699,1.0003179842105459
JPN,85,1.0003104487592094,1.0003161813085297,1.0003179842105459
JPN,86T88,1.0003172032727459,1.0003157763957826,1.0003179842105459
JPN,90T93,1.0002966393946076,1.0003141780907212,1.0003179842105459
JPN,94T98,1.0003064774898476,1.0003139528176517,1.0003179842105459
KAZ,01T02,0.9997844273448724,0.9996809383102262,0.9996069890707792
KAZ,03,0.9996827592807344,0.9996458970087557,0.9996069890707792
KAZ,05T06,0.997929837692526,0.9996728117980694,0.9996069890707792
KAZ,07T08,0.9993810232044656,0.9997188193315037,0.9996069890707792
KAZ,10T12,1.000095756079184,0.9996899630122125,0.9996069890707792
KAZ,13T15,1.0014106006786114,0.9997725580668698,0.9996069890707792
KAZ,16,1.000833191836455,0.9997057981185702,0.9996069890707792
KAZ,17T18,1.000475820455009,0.9997303994995255,0.9996069890707792
KAZ,19,1.0000462718335963,0.9997147360350731,0.9996069890707792
KAZ,20,0.9998043264877484,0.9996916031429873,0.9996069890707792
KAZ,21,1.000569195457555,0.9996913162911593,0.9996069890707792
KAZ,22,1.0004833026766695,0.9997975265407794,0.9996069890707792
KAZ,23,0.9998549310261362,0.9997163152772013,0.9996069890707792
KAZ,24,1.0009035599316358,0.9996795843933526,0.9996069890707792
KAZ,25,1.000615554814991,0.99972861015791,0.9996069890707792
KAZ,26,1.000492991259236,0.9997716535195436,0.9996069890707792
KAZ,27,1.0008629333691723,0.9996928853282154,0.9996069890707792
KAZ,28,1.000731770123183,0.9997201324815496,0.9996069890707792
KAZ,29T30,1.000723867273842,0.9997187809589161,0.9996069890707792
KAZ,31T33,1.000573216745949,0.9997404176614473,0.9996069890707792
KAZ,35,0.999691115485875,0.9997131302087027,0.9996069890707792
KAZ,36T39,0.9998468961476868,0.9996937750317563,0.9996069890707792
KAZ,41T43,0.9996282371443274,0.9997121308879036,0.9996069890707792
KAZ,45T47,1.0000398025157344,0.999665827767957,0.9996069890707792
KAZ,49,0.9998733550815398,0.9996855955926575,0.9996069890707792
KAZ,50,1.000844725111235,0.9997707534046604,0.9996069890707792
KAZ,51,1.0004536575245278,0.9996845548417252,0.9996069890707792
KAZ,52,1.0001678529342444,0.999668182183364,0.9996069890707792
KAZ,53,1.0000196262027512,0.9996887836591642,0.9996069890707792
KAZ,55T56,1.0003157746621707,0.999679209101769,0.9996069890707792
KAZ,58T60,1.000321456257199,0.9997030583870257,0.9996069890707792
KAZ,61,0.9998196177322753,0.9996907512090737,0.9996069890707792
KAZ,62T63,1.0001381874699178,0.9996729227383383,0.9996069890707792
KAZ,64T66,0.9998400154230658,0.9996581076513181,0.9996069890707792
KAZ,68,0.999686213358432,0.9996582422896193,0.9996069890707792
KAZ,69T75,0.9998079464019357,0.9997042411027033,0.9996069890707792
KAZ,77T82,0.9998374265799557,0.9996895492771318,0.9996069890707792
KAZ,84,0.9996111577738125,0.9997300793113065,0.9996069890707792
KAZ,85,0.9996158891269101,0.9997104974557885,0.9996069890707792
KAZ,86T88,0.999614638236129,0.9997605879944952,0.9996069890707792
KAZ,90T93,0.9996595890022256,0.9997347027283608,0.9996069890707792
KAZ,94T98,0.9996181835174384,0.9996836787682979,0.9996069890707792
KHM,01T02,0.9996305196939745,1.0001813906122983,1.0001516752432131
KHM,03,1.0001620852870872,1.000166321029427,1.0001516752432131
KHM,05T06,1.000201493107553,1.0001891947084203,1.0001516752432131
KHM,07T08,1.0003581369018555,1.0001938109527746,1.0001516752432131
KHM,10T12,1.0007312394445795,1.0002205302489833,1.0001516752432131
KHM,13T15,1.0007069663749018,1.000231781073952,1.0001516752432131
KHM,16,1.0003224345807968,1.0001804967925148,1.0001516752432131
KHM,17T18,1.0004760252053375,1.0002335472674748,1.0001516752432131
KHM,19,0.9949918657097693,1.0002731361103168,1.0001516752432131
KHM,20,1.000772551424456,1.0002333634891776,1.0001516752432131
KHM,21,1.0004763820619278,1.0001864627116905,1.0001516752432131
KHM,22,0.9998254831517371,1.0002867744382653,1.0001516752432131
KHM,23,1.000788034782998,1.0001962814720649,1.0001516752432131
KHM,24,1.0026674764404964,1.0002501854505832,1.0001516752432131
KHM,25,1.0010951202023912,1.0003199792864104,1.0001516752432131
KHM,26,1.0002975501232503,1.000252222290108,1.0001516752432131
KHM,27,1.0006938595278994,1.0002855838244198,1.0001516752432131
KHM,28,1.0005110801824726,1.000278889642298,1.0001516752432131
KHM,29T30,1.000272915968144,1.0002618654724353,1.0001516752432131
KHM,31T33,0.9997296813787917,1.000268209619976,1.0001516752432131
KHM,35,1.0000388117518737,1.0002683117213313,1.0001516752432131
KHM,36T39,1.0001742461737653,1.0002652784223969,1.0001516752432131
KHM,41T43,1.0001385960651383,1.0002570008687228,1.0001516752432131
KHM,45T47,1.0001204183754837,1.000212549945347,1.0001516752432131
KHM,49,0.9996977837230483,1.0002165718800486,1.0001516752432131
KHM,50,1.0002248408258858,1.0002390968762325,1.0001516752432131
KHM,51,0.9976475795168086,1.0002360924211755,1.0001516752432131
KHM,52,1.0001437477373782,1.0002138761779582,1.0001516752432131
KHM,53,1.0000796164269392,1.000218815063931,1.0001516752432131
KHM,55T56,1.0002519765232358,1.0002071425422696,1.0001516752432131
KHM,58T60,1.000103447141577,1.000214419669507,1.0001516752432131
KHM,61,1.0001650097072348,1.0002189262460024,1.0001516752432131
KHM,62T63,0.999966634342692,1.0001834694420964,1.0001516752432131
KHM,64T66,1.0001501001405355,1.0001733179596146,1.0001516752432131
KHM,68,1.0001500124464187,1.000177991664346,1.0001516752432131
KHM,69T75,1.0002124967586101,1.0001893046936825,1.0001516752432131
KHM,77T82,1.0001988928007575,1.0002018785731748,1.0001516752432131
KHM,84,1.0001540029683607,1.0002156353557443,1.0001516752432131
KHM,85,1.0001433332845715,1.0001952397882967,1.0001516752432131
KHM,86T88,1.0001555178913297,1.0001851779328315,1.0001516752432131
KHM,90T93,1.0001598030222096,1.0002090092173943,1.0001516752432131
KHM,94T98,1.0001582256558212,1.0002009682228046,1.0001516752432131
KOR,01T02,1.0003794218080688,1.0003344295932757,1.0003751059295922
KOR,03,1.0002854841109592,1.0003118433518041,1.0003751059295922
KOR,05T06,0.9999333893043353,1.0003353408294637,1.0003751059295922
KOR,07T08,1.000575579612184,1.000320767283337,1.0003751059295922
KOR,10T12,1.0004355982724003,1.000326227315149,1.0003751059295922
KOR,13T15,1.0003537217925482,1.0003279854406872,1.0003751059295922
KOR,16,1.000622111521312,1.0003376496938772,1.0003751059295922
KOR,17T18,1.0002889899765999,1.0003212440846525,1.0003751059295922
KOR,19,1.0006051937425182,1.0000461791039097,1.0003751059295922
KOR,20,1.0006498981422602,1.0002776285057047,1.0003751059295922
KOR,21,1.0003117447957766,1.0003279979501758,1.0003751059295922
KOR,22,1.0004938178109435,1.0003304250782805,1.0003751059295922
KOR,23,1.0006426916862796,1.000321488853032,1.0003751059295922
KOR,24,1.0015309905323813,1.0003219701126596,1.0003751059295922
KOR,25,1.0005907496597413,1.0003473610903524,1.0003751059295922
KOR,26,1.0002044645374863,1.000336704259809,1.0003751059295922
KOR,27,1.000495719484853,1.000347927165771,1.0003751059295922
KOR,28,1.0004108680044834,1.000347140814981,1.0003751059295922
KOR,29T30,1.0002325875290647,1.0003462706668156,1.0003751059295922
KOR,31T33,1.0004090834028643,1.000341946169545,1.0003751059295922
KOR,35,1.0004900598710176,1.0002025667153083,1.0003751059295922
KOR,36T39,1.0005635340421841,1.0003179186991051,1.0003751059295922
KOR,41T43,1.0003739670989622,1.0003470314564975,1.0003751059295922
KOR,45T47,1.0001355277743844,1.000325873393517,1.0003751059295922
KOR,49,1.0003245766022915,1.0002932501103154,1.0003751059295922
KOR,50,1.0000841115568284,1.0002992981410594,1.0003751059295922
KOR,51,0.9994442436500499,1.000273254361457,1.0003751059295922
KOR,52,1.0002075585237378,1.0003265167615298,1.0003751059295922
KOR,53,1.000158552997652,1.000304565874342,1.0003751059295922
KOR,55T56,1.0003291153623044,1.0003295994540837,1.0003751059295922
KOR,58T60,1.000173160310766,1.0003276334246547,1.0003751059295922
KOR,61,1.0002706667098582,1.0003273146473883,1.0003751059295922
KOR,62T63,1.00007602930823,1.0003316114983003,1.0003751059295922
KOR,64T66,1.0003223719844545,1.0003349526563756,1.0003751059295922
KOR,68,1.000342703062374,1.0003381933911302,1.0003751059295922
KOR,69T75,1.0003248886192813,1.0003249312295213,1.0003751059295922
KOR,77T82,1.000221867550188,1.0003353136184552,1.0003751059295922
KOR,84,1.0003685554748387,1.000336000125674,1.0003751059295922
KOR,85,1.0003622996887729,1.0003335555767345,1.0003751059295922
KOR,86T88,1.0003694184235774,1.0003301521428654,1.0003751059295922
KOR,90T93,1.0003221224184182,1.0003279391147013,1.0003751059295922
KOR,94T98,1.000324737512488,1.000333813499401,1.0003751059295922
LAO,01T02,0.9986645227126574,0.9999866290124649,0.9999407624031631
LAO,03,0.9996479592462749,0.9999734893817346,0.9999407624031631
LAO,05T06,1.0000166883928998,1.000007355605385,0.9999407624031631
LAO,07T08,1.0001192115185968,1.0000005108047187,0.9999407624031631
LAO,10T12,1.0003579541836252,1.0000065521062367,0.9999407624031631
LAO,13T15,1.000846670062517,1.000035360690916,0.9999407624031631
LAO,16,1.0003989992810036,0.9999970096659434,0.9999407624031631
LAO,17T18,1.0016506145111619,1.000002048652936,0.9999407624031631
LAO,19,1.0003945431049046,1.0000257794525618,0.9999407624031631
LAO,20,1.0014955264177845,1.000021863062589,0.9999407624031631
LAO,21,1.0002308383226972,0.9999987296337801,0.9999407624031631
LAO,22,0.9999256274799864,1.0000450395279497,0.9999407624031631
LAO,23,1.0005751653153139,1.0000226901119442,0.9999407624031631
LAO,24,1.0036435906260976,1.0001166455768988,0.9999407624031631
LAO,25,1.0016930285522685,1.0001582594994647,0.9999407624031631
LAO,26,1.0003780058328442,1.0001356781764452,0.9999407624031631
LAO,27,1.0010792967645294,1.0001462649564286,0.9999407624031631
LAO,28,1.0009451200109891,1.0001242833546629,0.9999407624031631
LAO,29T30,1.0006252357882266,1.0001540543458918,0.9999407624031631
LAO,31T33,1.0001651378980558,1.0000090135731798,0.9999407624031631
LAO,35,1.0005190844173195,1.000012425549035,0.9999407624031631
LAO,36T39,1.0000639613418747,1.0000219813352744,0.9999407624031631
LAO,41T43,0.9999660683903543,1.0000963010128148,0.9999407624031631
LAO,45T47,1.0001447061719309,1.000024922033278,0.9999407624031631
LAO,49,1.0002148227908676,1.000083232985016,0.9999407624031631
LAO,50,0.9988458344033614,1.0000589975850753,0.9999407624031631
LAO,51,0.9997117638257583,1.0000114516067,0.9999407624031631
LAO,52,1.0000974747963791,1.0000487034627659,0.9999407624031631
LAO,53,1.0001940075152933,1.0000072509636289,0.9999407624031631
LAO,55T56,1.0001703252872904,1.000014342146101,0.9999407624031631
LAO,58T60,1.0001219499185832,1.0000205707995928,0.9999407624031631
LAO,61,1.000092600505088,1.0000125523020995,0.9999407624031631
LAO,62T63,1.0001182496124497,1.0000388011890615,0.9999407624031631
LAO,64T66,1.0001478852428407,0.9999967788769324,0.9999407624031631
LAO,68,1.000006090948314,1.0000055189659927,0.9999407624031631
LAO,69T75,1.0001532350681916,1.000030735746447,0.9999407624031631
LAO,77T82,1.0001239403334259,1.0000399398723567,0.9999407624031631
LAO,84,0.9999422846975772,1.0000187666702176,0.9999407624031631
LAO,85,0.9999700420572497,1.000001933521475,0.9999407624031631
LAO,86T88,0.9999839757507739,1.0000221125864293,0.9999407624031631
LAO,90T93,1.0000650517766698,1.0000082068458738,0.9999407624031631
LAO,94T98,1.0000649382741733,1.0000282197537735,0.9999407624031631
LTU,01T02,0.9958486598334542,1.0004816274299906,1.0004491907550088
LTU,03,0.9999999147090495,1.0002920420884789,1.0004491907550088
LTU,05T06,0.9955611008928479,1.0003387826704722,1.0004491907550088
LTU,07T08,0.9999413938699299,1.0003504534096368,1.0004491907550088
LTU,10T12,0.9998732487912518,1.0006249147460966,1.0004491907550088
LTU,13T15,1.0005909677093168,1.0002106329893081,1.0004491907550088
LTU,16,1.0001067505140404,1.0005535275661832,1.0004491907550088
LTU,17T18,1.0002719865294367,1.0003167477760218,1.0004491907550088
LTU,19,0.9997075725542496,1.0006303855414616,1.0004491907550088
LTU,20,0.9950510456218551,1.0007009729288927,1.0004491907550088
LTU,21,1.0003428994462866,1.000188016004341,1.0004491907550088
LTU,22,1.0001049659676868,1.0004408373337583,1.0004491907550088
LTU,23,0.9987555477510647,1.0003829513042937,1.0004491907550088
LTU,24,1.0028005761607686,1.000461386264543,1.0004491907550088
LTU,25,1.0005715753790805,1.0002932344612652,1.0004491907550088
LTU,26,1.0004482249977311,1.0001862340399919,1.0004491907550088
LTU,27,1.0004676953521996,1.0003272312589067,1.0004491907550088
LTU,28,1.0003055270259462,1.0002905032861875,1.0004491907550088
LTU,29T30,1.0004196077437129,1.0002859346854136,1.0004491907550088
LTU,31T33,1.000546836550308,1.0002454174964237,1.0004491907550088
LTU,35,1.0006727575616177,1.0003590170662162,1.0004491907550088
LTU,36T39,1.0002739406675205,1.0001999659133831,1.0004491907550088
LTU,41T43,1.0003607512016708,1.0002323656610705,1.0004491907550088
LTU,45T47,1.000144549710998,1.0000921672107574,1.0004491907550088
LTU,49,0.9998899714926893,1.00018830679164,1.0004491907550088
LTU,50,0.9995253420335536,1.000164249776542,1.0004491907550088
LTU,51,1.0010110665588443,1.0002829480752267,1.0004491907550088
LTU,52,1.0000300738886732,1.0001477280173816,1.0004491907550088
LTU,53,1.0003735476375235,1.0001209430134324,1.0004491907550088
LTU,55T56,1.0003662499651955,1.0001507698244312,1.0004491907550088
LTU,58T60,1.000148821897884,1.0001934410776632,1.0004491907550088
LTU,61,1.0003260884285994,1.0000913865586742,1.0004491907550088
LTU,62T63,1.0002572628204676,1.0000651385100083,1.0004491907550088
LTU,64T66,1.0002542502934904,1.0000473107681438,1.0004491907550088
LTU,68,1.0002342573098622,1.000116577086713,1.0004491907550088
LTU,69T75,1.0000669698934859,1.0000807501131466,1.0004491907550088
LTU,77T82,1.0001520661599166,1.0001253807478367,1.0004491907550088
LTU,84,1.000396854006595,1.000071971185528,1.0004491907550088
LTU,85,1.0004207104900429,1.0000432746384251,1.0004491907550088
LTU,86T88,1.0004236689679493,1.0000816103704009,1.0004491907550088
LTU,90T93,1.0003751996467891,1.0001010229998293,1.0004491907550088
LTU,94T98,1.0003313297117955,1.0000899244359864,1.0004491907550088
LVA,01T02,0.9971032805669913,1.00073943956921,1.000378389652958
LVA,03,0.9996060026003898,1.000248561065828,1.000378389652958
LVA,05T06,0.9050943941076419,1.0004649788567264,1.000378389652958
LVA,07T08,0.999608246634509,1.0002964410695216,1.000378389652958
LVA,10T12,0.9998488887910446,1.0006604518370334,1.000378389652958
LVA,13T15,1.0001934015274336,1.0003046652986418,1.000378389652958
LVA,16,0.9992153491320656,1.000783851286963,1.000378389652958
LVA,17T18,1.0005875991566613,1.0002387081303739,1.000378389652958
LVA,19,0.9731397465641022,1.0003610046661244,1.000378389652958
LVA,20,1.0004944934162,1.0005601178811334,1.000378389652958
LVA,21,1.0002346562477171,1.0001738808807183,1.000378389652958
LVA,22,1.0003315325128432,1.0003740232044387,1.000378389652958
LVA,23,0.998485474979821,1.0003264326183199,1.000378389652958
LVA,24,1.0034187228240434,1.0004644642191722,1.000378389652958
LVA,25,1.0002141103740205,1.0003741326855309,1.000378389652958
LVA,26,1.000415304092421,1.0001899962917435,1.000378389652958
LVA,27,1.0005237015366886,1.0002426854540105,1.000378389652958
LVA,28,1.000275679107486,1.000268943294047,1.000378389652958
LVA,29T30,1.000070983221569,1.0003942934277452,1.000378389652958
LVA,31T33,1.0001851594964843,1.0003159027275987,1.000378389652958
LVA,35,0.999771755678052,1.0005416624075096,1.000378389652958
LVA,36T39,1.0002936069898187,1.0002070773937206,1.000378389652958
LVA,41T43,1.000242515994706,1.0003374416569704,1.000378389652958
LVA,45T47,1.0000042876774498,1.0001210627861408,1.000378389652958
LVA,49,0.9994136896947092,1.0002255382617842,1.000378389652958
LVA,50,1.0007274078100723,1.0002005015619158,1.000378389652958
LVA,51,0.9999702217847418,1.0003468308548942,1.000378389652958
LVA,52,0.9999495450215444,1.000157360211656,1.000378389652958
LVA,53,1.0002858889867616,1.0000907004856663,1.000378389652958
LVA,55T56,1.0003233854791225,1.0001902761700407,1.000378389652958
LVA,58T60,1.0001541341702038,1.0000955541012084,1.000378389652958
LVA,61,1.0003579773907825,1.000061570266015,1.000378389652958
LVA,62T63,1.0002637747192737,1.0000270819154697,1.000378389652958
LVA,64T66,1.000231290952758,1.0000277631302514,1.000378389652958
LVA,68,1.000258542793982,1.000075413418777,1.000378389652958
LVA,69T75,1.0001163717731434,1.0000577844571161,1.000378389652958
LVA,77T82,1.0000596919128155,1.000179849238154,1.000378389652958
LVA,84,1.0003383820992573,1.0000631697346165,1.000378389652958
LVA,85,1.0003490827844468,1.000095687374225,1.000378389652958
LVA,86T88,1.000353257062481,1.0001217616381468,1.000378389652958
LVA,90T93,1.000335579845158,1.0001565265676347,1.000378389652958
LVA,94T98,1.000346454018219,1.0001345231995604,1.000378389652958
MAR,01T02,1.0002588365531861,1.0002056509949158,1.0001418953176366
MAR,03,1.0002476409308656,1.0002205698645044,1.0001418953176366
MAR,05T06,1.0000640097933666,1.0002057755015845,1.0001418953176366
MAR,07T08,0.99999300477683,1.000216035773338,1.0001418953176366
MAR,10T12,1.0003305646707952,1.0002090445155223,1.0001418953176366
MAR,13T15,1.0004175264149933,1.0002609184347278,1.0001418953176366
MAR,16,1.000995501206407,1.0002740766467324,1.0001418953176366
MAR,17T18,1.0002796933768685,1.000239500341499,1.0001418953176366
MAR,19,1.000733386286864,1.0000928569316028,1.0001418953176366
MAR,20,1.0003718097039578,1.0001927208325037,1.0001418953176366
MAR,21,1.0001831040209221,1.000206766268965,1.0001418953176366
MAR,22,1.000509290941779,1.0002711807474651,1.0001418953176366
MAR,23,0.9998429684723235,1.0002523621670791,1.0001418953176366
MAR,24,1.0014559942353574,1.000323168532436,1.0001418953176366
MAR,25,1.0005184291270814,1.000300201790795,1.0001418953176366
MAR,26,1.0002251885637072,1.000319554575087,1.0001418953176366
MAR,27,1.0005985739000145,1.000305296411236,1.0001418953176366
MAR,28,1.0003794970392357,1.0003035592518301,1.0001418953176366
MAR,29T30,1.000411998017409,1.0002861424217995,1.0001418953176366
MAR,31T33,1.0006183055922615,1.000253783288746,1.0001418953176366
MAR,35,1.0001173488720325,1.0001860710915895,1.0001418953176366
MAR,36T39,1.0001757537366585,1.000188968256318,1.0001418953176366
MAR,41T43,1.0001438255099964,1.0002527744893261,1.0001418953176366
MAR,45T47,1.0000967865419876,1.0002160302571848,1.0001418953176366
MAR,49,0.9998980585966145,1.0002454408765291,1.0001418953176366
MAR,50,1.0001554355051938,1.0002694051834526,1.0001418953176366
MAR,51,0.9980743932420016,1.0002951466014105,1.0001418953176366
MAR,52,1.0000390876658427,1.0002166615982204,1.0001418953176366
MAR,53,1.0001067885878379,1.0002142335150448,1.0001418953176366
MAR,55T56,1.0002607281621674,1.0001998118714763,1.0001418953176366
MAR,58T60,1.0001029905425773,1.0002306421675824,1.0001418953176366
MAR,61,1.0001353911261586,1.0002049449282902,1.0001418953176366
MAR,62T63,1.0001694839863005,1.0001919136921746,1.0001418953176366
MAR,64T66,1.0001588824638346,1.000191092576548,1.0001418953176366
MAR,68,1.0001165788243023,1.0001912664422232,1.0001418953176366
MAR,69T75,1.000138487464171,1.0001940039080712,1.0001418953176366
MAR,77T82,1.0001160200658155,1.000197440701105,1.0001418953176366
MAR,84,1.0001406531741803,1.0002041000600776,1.0001418953176366
MAR,85,1.0001425933539834,1.0001970948397867,1.0001418953176366
MAR,86T88,1.0001424845248208,1.0002005608916555,1.0001418953176366
MAR,90T93,1.0001532931899635,1.0002085656852042,1.0001418953176366
MAR,94T98,1.0001500905923983,1.000202014256426,1.0001418953176366
MEX,01T02,0.9998849788023293,1.0002079788844014,1.0001737572134577
MEX,03,1.0001682380992436,1.0002367137749724,1.0001737572134577
MEX,05T06,0.999008586873563,1.0002054303416765,1.0001737572134577
MEX,07T08,1.0007066750057272,1.0002097330367474,1.0001737572134577
MEX,10T12,1.0003804136148837,1.0002189671041026,1.0001737572134577
MEX,13T15,1.000581383293005,1.0002277848150067,1.0001737572134577
MEX,16,1.0004143120741185,1.0002142592281478,1.0001737572134577
MEX,17T18,1.0003750406955016,1.00023798472465,1.0001737572134577
MEX,19,1.0005451465072015,1.0002754920530252,1.0001737572134577
MEX,20,0.9995043599052853,1.0002517280866332,1.0001737572134577
MEX,21,1.0001841579714548,1.0002280958944725,1.0001737572134577
MEX,22,1.0002996387584522,1.0002491617681535,1.0001737572134577
MEX,23,0.9993450208557857,1.0002264240235026,1.0001737572134577
MEX,24,1.0012374921240086,1.000232353958942,1.0001737572134577
MEX,25,1.0008547519097073,1.0002645610204517,1.0001737572134577
MEX,26,1.0002816480116135,1.0002770153891392,1.0001737572134577
MEX,27,1.000624746238532,1.000288691827685,1.0001737572134577
MEX,28,1.000387492520174,1.000256878881723,1.0001737572134577
MEX,29T30,1.0003568828201401,1.0002652550146307,1.0001737572134577
MEX,31T33,0.9999776558313016,1.0002470968764703,1.0001737572134577
MEX,35,1.0001918492015578,1.000226306326623,1.0001737572134577
MEX,36T39,1.000174191411932,1.0002088615284956,1.0001737572134577
MEX,41T43,1.0001739118413748,1.000218711261926,1.0001737572134577
MEX,45T47,1.000209176574801,1.0001901334462922,1.0001737572134577
MEX,49,1.0001210970302632,1.0002295967842236,1.0001737572134577
MEX,50,0.9996319819836147,1.0002023455477793,1.0001737572134577
MEX,51,1.0002392600943106,1.0002646616097748,1.0001737572134577
MEX,52,1.0002360575696754,1.000208619707744,1.0001737572134577
MEX,53,1.0002019675852978,1.0002233938988914,1.0001737572134577
MEX,55T56,1.0002721574521523,1.0001988267026556,1.0001737572134577
MEX,58T60,1.0001785911067875,1.0002036549607767,1.0001737572134577
MEX,61,1.000193219887134,1.0002059817176503,1.0001737572134577
MEX,62T63,1.000181542914565,1.0002044802772303,1.0001737572134577
MEX,64T66,1.0001763247854378,1.000183993204905,1.0001737572134577
MEX,68,1.0001813251303309,1.0001825917243508,1.0001737572134577
MEX,69T75,1.0001577137012863,1.000190070018409,1.0001737572134577
MEX,77T82,1.0002137266699984,1.0001905113347642,1.0001737572134577
MEX,84,1.0001738685789305,1.000195411540718,1.0001737572134577
MEX,85,1.0001760998659914,1.0001852879526405,1.0001737572134577
MEX,86T88,1.0001742844362371,1.0002000890605847,1.0001737572134577
MEX,90T93,1.0001822739714255,1.0001942213108328,1.0001737572134577
MEX,94T98,1.000178792338365,1.0001920993208158,1.0001737572134577
MLT,01T02,1.0007555804329658,1.0003126849658202,1.000560171662331
MLT,03,1.0001638011552392,1.0006435339573705,1.000560171662331
MLT,05T06,0.9990988196105186,1.0004815218844698,1.000560171662331
MLT,07T08,1.0003892507433636,1.0003517238226072,1.000560171662331
MLT,10T12,1.0001823137234411,1.0004779169552855,1.000560171662331
MLT,13T15,0.999584137107835,1.0005271098723618,1.000560171662331
MLT,16,1.0002240206210498,1.000399983602229,1.000560171662331
MLT,17T18,1.0001259195833936,1.0004115058035705,1.000560171662331
MLT,19,0.9998153100201266,1.0005795512721563,1.000560171662331
MLT,20,1.00080855533134,1.0005047696222595,1.000560171662331
MLT,21,0.999777884889615,1.000538929007395,1.000560171662331
MLT,22,1.000382544370547,1.0004022610668775,1.000560171662331
MLT,23,1.001197702781823,1.0005293163640812,1.000560171662331
MLT,24,1.002740348650147,1.0004364652950222,1.000560171662331
MLT,25,0.9998114766726613,1.0005322902784153,1.000560171662331
MLT,26,0.9999873998797753,1.0005331755710676,1.000560171662331
MLT,27,1.0002211004895198,1.0004609119985421,1.000560171662331
MLT,28,1.0000948864294223,1.0004882752549646,1.000560171662331
MLT,29T30,1.000271634002034,1.000328447344128,1.000560171662331
MLT,31T33,1.0002000416891261,1.0003793548434612,1.000560171662331
MLT,35,0.9985765207986619,1.0011295766528756,1.000560171662331
MLT,36T39,1.0003232149113792,1.000479744300657,1.000560171662331
MLT,41T43,1.0003710273183888,1.0004098308809217,1.000560171662331
MLT,45T47,1.0000910937331244,1.0003521994184386,1.000560171662331
MLT,49,1.0000241716143936,1.0003557254059892,1.000560171662331
MLT,50,0.9898810850549622,1.0003740695791303,1.000560171662331
MLT,51,1.0000469263776672,1.0004379650412294,1.000560171662331
MLT,52,0.9995617634556413,1.0003524435182232,1.000560171662331
MLT,53,0.9999176547770146,1.0007029174933701,1.000560171662331
MLT,55T56,1.0002011241727704,1.000380263950276,1.000560171662331
MLT,58T60,1.000083646957956,1.0002426163722369,1.000560171662331
MLT,61,1.0001708477359639,1.0002105332605846,1.000560171662331
MLT,62T63,0.9999524933577796,1.0002791572076364,1.000560171662331
MLT,64T66,0.999973861374955,1.0003228252601308,1.000560171662331
MLT,68,1.000333851574767,1.0002371584517977,1.000560171662331
MLT,69T75,0.99996356981449,1.0002716875808244,1.000560171662331
MLT,77T82,0.9999033139735514,1.0003278381160985,1.000560171662331
MLT,84,1.0004730433847242,1.0002195282495308,1.000560171662331
MLT,85,1.0004723844289953,1.0001656699928108,1.000560171662331
MLT,86T88,1.0005099849079295,1.000274081899806,1.000560171662331
MLT,90T93,1.0001923048528734,1.000191357395515,1.000560171662331
MLT,94T98,1.0003627818056582,1.0002719744593254,1.000560171662331
MMR,01T02,0.9992451071361022,0.9998890387942894,0.9998616483274676
MMR,03,1.0000967091709014,0.9998795979089218,0.9998616483274676
MMR,05T06,0.9983814720454394,0.9999700034962,0.9998616483274676
MMR,07T08,1.0012599938755968,0.9999597784269101,0.9998616483274676
MMR,10T12,1.0005294631554762,0.9998935914842666,0.9998616483274676
MMR,13T15,1.001012665684139,0.9999965483963383,0.9998616483274676
MMR,16,1.0000458377554748,0.9999246416207871,0.9998616483274676
MMR,17T18,1.0003804657812325,0.9999750334485759,0.9998616483274676
MMR,19,1.0002970708037662,0.9999800853662411,0.9998616483274676
MMR,20,1.0007442800218076,0.9999779662278425,0.9998616483274676
MMR,21,1.0001632197309358,0.9999421768804825,0.9998616483274676
MMR,22,1.0006065550094425,1.0000093765510174,0.9998616483274676
MMR,23,1.0002644161076686,0.9999749596007936,0.9998616483274676
MMR,24,1.004528629023545,1.0000539584390928,0.9998616483274676
MMR,25,1.0006858502411822,1.000127770337078,0.9998616483274676
MMR,26,1.0000784604962265,1.0000354391582609,0.9998616483274676
MMR,27,1.000620288579672,1.0000874813644787,0.9998616483274676
MMR,28,1.0003894203568504,1.0001037529680261,0.9998616483274676
MMR,29T30,1.0003316903668868,1.0000724574498188,0.9998616483274676
MMR,31T33,1.000321050262622,0.999994587435843,0.9998616483274676
MMR,35,1.0001159100649981,0.9999472111413383,0.9998616483274676
MMR,36T39,1.000083974416182,0.9999495926113183,0.9998616483274676
MMR,41T43,0.9998637907485988,0.9999957146291234,0.9998616483274676
MMR,45T47,1.000121075751735,0.9999138645271036,0.9998616483274676
MMR,49,0.9999769823383863,0.9999581069714962,0.9998616483274676
MMR,50,1.000368226922453,0.9999934415834346,0.9998616483274676
MMR,51,1.0004752051061634,0.9999783001701906,0.9998616483274676
MMR,52,1.000266993718344,0.9999507694467176,0.9998616483274676
MMR,53,1.0001538491323192,0.9999363693543772,0.9998616483274676
MMR,55T56,1.0001579580928643,0.9999070224530752,0.9998616483274676
MMR,58T60,1.0004536150450785,0.9999512333535312,0.9998616483274676
MMR,61,1.0000130274590007,0.9999248994010906,0.9998616483274676
MMR,62T63,1.000398333094865,0.9999375377312213,0.9998616483274676
MMR,64T66,0.9999349556756201,0.999910206133826,0.9998616483274676
MMR,68,0.9999578359650105,0.9999067187767341,0.9998616483274676
MMR,69T75,1.0004358527717125,0.9999306513358338,0.9998616483274676
MMR,77T82,1.000199777852829,0.9999195374110866,0.9998616483274676
MMR,84,0.9998647796518426,0.9999147365657958,0.9998616483274676
MMR,85,0.99987907406794,0.9999056820163,0.9998616483274676
MMR,86T88,0.9998719353489761,0.9999256538035989,0.9998616483274676
MMR,90T93,1.0001068473629997,0.9999145637102964,0.9998616483274676
MMR,94T98,0.9999255358956707,0.9999328817380745,0.9998616483274676
NLD,01T02,1.0010032428906344,1.0005431933407203,1.0004869631483377
NLD,03,0.9989899252843228,1.0003113593421904,1.0004869631483377
NLD,05T06,0.9991874237912381,1.0005007723375203,1.0004869631483377
NLD,07T08,0.9998183800615766,1.0006501939836814,1.0004869631483377
NLD,10T12,0.9999311958917048,1.000634967474437,1.0004869631483377
NLD,13T15,0.9997631691688673,1.0004718895295184,1.0004869631483377
NLD,16,1.0007812851380251,1.0004041692887207,1.0004869631483377
NLD,17T18,1.0002434297812541,1.0003688044625405,1.0004869631483377
NLD,19,0.9994202785400405,1.0007104975160763,1.0004869631483377
NLD,20,0.999165068882864,1.0005430875518992,1.0004869631483377
NLD,21,0.9999568375884137,1.000305457706651,1.0004869631483377
NLD,22,1.000319479788284,1.0004703354484346,1.0004869631483377
NLD,23,1.0008799331604312,1.0004510623326313,1.0004869631483377
NLD,24,0.9990139641622693,1.00066848122113,1.0004869631483377
NLD,25,1.0002989153935908,1.000461058363475,1.0004869631483377
NLD,26,1.0003433676246822,1.0002909942080518,1.0004869631483377
NLD,27,1.0004550256044369,1.000350666374422,1.0004869631483377
NLD,28,1.0003452647684288,1.0003379916147257,1.0004869631483377
NLD,29T30,1.0002994422782412,1.0003518513826861,1.0004869631483377
NLD,31T33,1.0003008515047944,1.0003325252764455,1.0004869631483377
NLD,35,0.9972501029827465,1.0005751736893256,1.0004869631483377
NLD,36T39,1.0002550453514882,1.0003130032296401,1.0004869631483377
NLD,41T43,1.0003681933763513,1.000376274880087,1.0004869631483377
NLD,45T47,1.0001778904026992,1.0002641108872727,1.0004869631483377
NLD,49,1.000073184534926,1.0003368655828422,1.0004869631483377
NLD,50,0.9987658222410752,1.0005397956641853,1.0004869631483377
NLD,51,0.9995779078579252,1.0003812431416308,1.0004869631483377
NLD,52,1.00009945779821,1.00028840725951,1.0004869631483377
NLD,53,1.000249805228571,1.0002610284699398,1.0004869631483377
NLD,55T56,1.000336398158159,1.0003403315352657,1.0004869631483377
NLD,58T60,1.0000958608259232,1.0002628364528119,1.0004869631483377
NLD,61,1.0002352584019254,1.0002640363188031,1.0004869631483377
NLD,62T63,1.0001206478231714,1.0002349102395836,1.0004869631483377
NLD,64T66,1.0002860595036625,1.0002233079195215,1.0004869631483377
NLD,68,1.0004123958895543,1.0002536132383575,1.0004869631483377
NLD,69T75,1.0001103847330288,1.0002492200438526,1.0004869631483377
NLD,77T82,1.0001191748198817,1.0002496689006166,1.0004869631483377
NLD,84,1.0004358372787379,1.0002515322785706,1.0004869631483377
NLD,85,1.0004387510456856,1.0002385344774276,1.0004869631483377
NLD,86T88,1.0004686455638456,1.000252693803522,1.0004869631483377
NLD,90T93,1.0003412343185387,1.0003183912248206,1.0004869631483377
NLD,94T98,1.000388255408373,1.000295210028084,1.0004869631483377
NOR,01T02,1.0005666109790763,1.000223432393038,1.0002102983472203
NOR,03,1.0003145105509295,1.0002205833098337,1.0002102983472203
NOR,05T06,0.999991238369227,1.0002007405212454,1.0002102983472203
NOR,07T08,1.0004108653379622,1.0002225359631605,1.0002102983472203
NOR,10T12,1.0005027395977155,1.0002285984437693,1.0002102983472203
NOR,13T15,1.000639724352139,1.0002254678461693,1.0002102983472203
NOR,16,1.000984160991526,1.0002672118369886,1.0002102983472203
NOR,17T18,1.0005504637502707,1.0002365145714778,1.0002102983472203
NOR,19,1.0003563702784104,1.0002174972561113,1.0002102983472203
NOR,20,0.9997994981627536,1.0002280849367757,1.0002102983472203
NOR,21,1.000123083119281,1.0002146564160481,1.0002102983472203
NOR,22,1.0007300420462035,1.0002440516367321,1.0002102983472203
NOR,23,1.0005186164700357,1.0002354469540704,1.0002102983472203
NOR,24,1.0011422960016247,1.0002772804346143,1.0002102983472203
NOR,25,1.000667174477283,1.000256542877543,1.0002102983472203
NOR,26,1.0003137383303358,1.0002370470681392,1.0002102983472203
NOR,27,1.000612509605387,1.0002606849603344,1.0002102983472203
NOR,28,1.0003802255498713,1.00025406387274,1.0002102983472203
NOR,29T30,1.0003409985774143,1.0002567129120614,1.0002102983472203
NOR,31T33,1.0003751191703778,1.0002391449526513,1.0002102983472203
NOR,35,1.0005502416961176,1.0001989546002457,1.0002102983472203
NOR,36T39,1.0002478486984405,1.00022349096556,1.0002102983472203
NOR,41T43,1.0002145788158234,1.0002356090549847,1.0002102983472203
NOR,45T47,1.0002146227911306,1.000216396935168,1.0002102983472203
NOR,49,1.0002921360871373,1.000220629481031,1.0002102983472203
NOR,50,1.0002566899113772,1.0002463250732097,1.0002102983472203
NOR,51,0.999700177416146,1.0002417901290666,1.0002102983472203
NOR,52,1.0002219126533751,1.0002315710069245,1.0002102983472203
NOR,53,1.0002240111812564,1.0002178591771282,1.0002102983472203
NOR,55T56,1.0002946706552767,1.0002160782615825,1.0002102983472203
NOR,58T60,1.0001601213425135,1.0002130794314756,1.0002102983472203
NOR,61,1.000227165611562,1.0002042922666585,1.0002102983472203
NOR,62T63,1.0001284490972058,1.0002044202685176,1.0002102983472203
NOR,64T66,1.000152841213353,1.000195835759765,1.0002102983472203
NOR,68,1.0002112733862578,1.0002054686049218,1.0002102983472203
NOR,69T75,1.00008688441595,1.0002089310997437,1.0002102983472203
NOR,77T82,1.0001665907744977,1.0002153540288155,1.0002102983472203
NOR,84,1.000214613688091,1.0002077010931498,1.0002102983472203
NOR,85,1.0002121701411668,1.0002006020065064,1.0002102983472203
NOR,86T88,1.000211073863575,1.0002029853375094,1.0002102983472203
NOR,90T93,1.0002110540816596,1.000216949016034,1.0002102983472203
NOR,94T98,1.0002191389528723,1.00021089866448,1.0002102983472203
NZL,01T02,0.999730198722019,1.0002019206501007,1.0001897201386896
NZL,03,1.0001579599784387,1.000191308593019,1.0001897201386896
NZL,05T06,0.9998597655411766,1.000160489355107,1.0001897201386896
NZL,07T08,1.0003903005976558,1.0001956662351632,1.0001897201386896
NZL,10T12,1.000600822391914,1.0002029049293695,1.0001897201386896
NZL,13T15,1.000697485887783,1.000214039938906,1.0001897201386896
NZL,16,1.0005680328279267,1.000209614212321,1.0001897201386896
NZL,17T18,1.0003296018321872,1.0002086817578695,1.0001897201386896
NZL,19,1.0003084076383293,1.0000414533310296,1.0001897201386896
NZL,20,1.0003226001332557,1.0001847795275023,1.0001897201386896
NZL,21,1.0000994524914828,1.0002210871598674,1.0001897201386896
NZL,22,1.0005605205689223,1.0002258515933582,1.0001897201386896
NZL,23,1.0004444874412788,1.0002059645134924,1.0001897201386896
NZL,24,1.0008716083421025,1.0001985283361108,1.0001897201386896
NZL,25,1.0006294345229125,1.0002355322824141,1.0001897201386896
NZL,26,1.000297797976336,1.0002274166368992,1.0001897201386896
NZL,27,1.0007029678231696,1.0002347974565533,1.0001897201386896
NZL,28,1.0004081977219532,1.00023504125869,1.0001897201386896
NZL,29T30,1.0003788151234214,1.0002333686356495,1.0001897201386896
NZL,31T33,1.0005706108946992,1.0002184634046796,1.0001897201386896
NZL,35,1.0002816174275468,1.0001704233593711,1.0001897201386896
NZL,36T39,1.0002149676267051,1.0001964280239408,1.0001897201386896
NZL,41T43,1.000189872006495,1.0002148004641631,1.0001897201386896
NZL,45T47,1.0001663933157912,1.0001929656154194,1.0001897201386896
NZL,49,1.000197730555291,1.0001878064945877,1.0001897201386896
NZL,50,1.0002155067253347,1.0001883172136035,1.0001897201386896
NZL,51,1.00006194815131,1.0001778375517778,1.0001897201386896
NZL,52,1.0002231363722895,1.000196315058342,1.0001897201386896
NZL,53,1.0001932960936506,1.0001995843250158,1.0001897201386896
NZL,55T56,1.0002400233206519,1.0002017258713842,1.0001897201386896
NZL,58T60,1.0001744919012763,1.0001981253645202,1.0001897201386896
NZL,61,1.0001581673449764,1.0001993314374482,1.0001897201386896
NZL,62T63,1.0000416429395917,1.0001915271520743,1.0001897201386896
NZL,64T66,1.000147880383573,1.0001944210919311,1.0001897201386896
NZL,68,1.0001769742587938,1.000198053421749,1.0001897201386896
NZL,69T75,1.0001727874906656,1.0001966067980257,1.0001897201386896
NZL,77T82,1.0001975360338267,1.0001977516722242,1.0001897201386896
NZL,84,1.000188880234776,1.0001964317130467,1.0001897201386896
NZL,85,1.0001853061600423,1.0001970855048778,1.0001897201386896
NZL,86T88,1.0001873081997725,1.000198997111025,1.0001897201386896
NZL,90T93,1.000173603477028,1.0001960024833223,1.0001897201386896
NZL,94T98,1.0001925015432949,1.0001983227122282,1.0001897201386896
PER,01T02,0.99894562353673,1.0003161575083577,1.0003182062803098
PER,03,1.0003114399988735,1.000315223257261,1.0003182062803098
PER,05T06,1.0002737556708452,1.000272413099193,1.0003182062803098
PER,07T08,1.0007664972278831,1.0003152147190222,1.0003182062803098
PER,10T12,1.0003134968867418,1.0003145194171938,1.0003182062803098
PER,13T15,1.0003389592444234,1.0003150156715568,1.0003182062803098
PER,16,1.0004397020325835,1.0003118795460355,1.0003182062803098
PER,17T18,1.000231575250192,1.0003118438394907,1.0003182062803098
PER,19,1.0007207576507249,1.0001776461038223,1.0003182062803098
PER,20,1.0003964243254755,1.0003161737561208,1.0003182062803098
PER,21,1.000197872385879,1.0003047974162569,1.0003182062803098
PER,22,1.0002649913601342,1.0003166310930751,1.0003182062803098
PER,23,1.000582112662458,1.0003038372906332,1.0003182062803098
PER,24,1.0040530803989425,1.0003151485320796,1.0003182062803098
PER,25,1.0006138144723082,1.0003350120830539,1.0003182062803098
PER,26,1.0003380935444464,1.000326620810066,1.0003182062803098
PER,27,1.0004901857436745,1.0003327380806222,1.0003182062803098
PER,28,1.0003399203517251,1.0003385277465486,1.0003182062803098
PER,29T30,1.0002157754346457,1.0003222187030925,1.0003182062803098
PER,31T33,1.0000775528393622,1.0003197218786057,1.0003182062803098
PER,35,1.000896341116678,1.0003039124505757,1.0003182062803098
PER,36T39,1.0006170313351692,1.0003065876549426,1.0003182062803098
PER,41T43,1.00032480480975,1.0003296360520495,1.0003182062803098
PER,45T47,1.0002104591952037,1.0003135999883266,1.0003182062803098
PER,49,1.0002915896290896,1.00031276046244,1.0003182062803098
PER,50,0.9994743529237634,1.0003112907215452,1.0003182062803098
PER,51,1.0004348414517699,1.0003101830067036,1.0003182062803098
PER,52,1.0002974277624364,1.000312274586156,1.0003182062803098
PER,53,1.000362253286434,1.0003127055681127,1.0003182062803098
PER,55T56,1.000300098691047,1.0003134838813572,1.0003182062803098
PER,58T60,1.0002057195910832,1.0003087570639517,1.0003182062803098
PER,61,1.0002917750056513,1.0003079310779803,1.0003182062803098
PER,62T63,1.0003198272320497,1.000313027496336,1.0003182062803098
PER,64T66,1.0004664159043795,1.00031335831866,1.0003182062803098
PER,68,1.0003039420104816,1.000316392998765,1.0003182062803098
PER,69T75,1.000370176909364,1.0003100302013792,1.0003182062803098
PER,77T82,1.0005685412353307,1.0003137246968323,1.0003182062803098
PER,84,1.0003231219472275,1.0003147718828564,1.0003182062803098
PER,85,1.0003136256148648,1.000315700386522,1.0003182062803098
PER,86T88,1.0003127106169114,1.0003136702313726,1.0003182062803098
PER,90T93,1.0002866631012455,1.000311742888003,1.0003182062803098
PER,94T98,1.0003151696689763,1.0003152364490118,1.0003182062803098
PHL,01T02,1.0001971943628105,1.0002214465282973,1.0001624564116118
PHL,03,1.0001904289989356,1.000219881272246,1.0001624564116118
PHL,05T06,0.9994807220325512,1.0002210577237092,1.0001624564116118
PHL,07T08,1.0008177410037602,1.0002250705428228,1.0001624564116118
PHL,10T12,1.0003512340360237,1.0002298209446059,1.0001624564116118
PHL,13T15,1.0003963821263648,1.0002426094054238,1.0001624564116118
PHL,16,1.000642825282027,1.0002521691031336,1.0001624564116118
PHL,17T18,1.0000377341873434,1.0002537201496904,1.0001624564116118
PHL,19,1.0004030153577232,1.0000896115925266,1.0001624564116118
PHL,20,1.000513084729077,1.000231169628115,1.0001624564116118
PHL,21,1.0002821200493246,1.0002354873635186,1.0001624564116118
PHL,22,1.0007154864800374,1.0002481785508814,1.0001624564116118
PHL,23,1.0003625835176204,1.0001796737216886,1.0001624564116118
PHL,24,1.0023440400026233,1.000132007731764,1.0001624564116118
PHL,25,1.0010424232129524,1.0002770356649935,1.0001624564116118
PHL,26,1.0002771515377316,1.0002591556202634,1.0001624564116118
PHL,27,1.0006856828403325,1.0002607580707414,1.0001624564116118
PHL,28,1.0004972844733508,1.000260708064581,1.0001624564116118
PHL,29T30,1.0002685647264407,1.0002672586876686,1.0001624564116118
PHL,31T33,1.0005096202630417,1.0002482134198998,1.0001624564116118
PHL,35,1.0002009755825836,1.0002089802676895,1.0001624564116118
PHL,36T39,1.000202390053155,1.0002291754041366,1.0001624564116118
PHL,41T43,1.0001732829206156,1.0002761869594943,1.0001624564116118
PHL,45T47,1.0001640749266434,1.000231246015687,1.0001624564116118
PHL,49,1.0001210852695723,1.0002141740561683,1.0001624564116118
PHL,50,0.9998965673923222,1.0002118012201315,1.0001624564116118
PHL,51,0.9997240204129885,1.0002087228674106,1.0001624564116118
PHL,52,1.0002565249206126,1.0002246628685028,1.0001624564116118
PHL,53,1.0001558016036154,1.0002270465677459,1.0001624564116118
PHL,55T56,1.0002116639061411,1.0002295564014958,1.0001624564116118
PHL,58T60,1.0000879714005304,1.00023405552452,1.0001624564116118
PHL,61,1.0001618684425602,1.000223429841267,1.0001624564116118
PHL,62T63,0.999843917737964,1.000227284480762,1.0001624564116118
PHL,64T66,1.0001294762287598,1.000221170843089,1.0001624564116118
PHL,68,1.0001349597511535,1.0002269189014439,1.0001624564116118
PHL,69T75,1.0000945634667833,1.0002260306210053,1.0001624564116118
PHL,77T82,1.0001696048760356,1.0002325298983288,1.0001624564116118
PHL,84,1.000162719819704,1.0002236019389423,1.0001624564116118
PHL,85,1.0001675344634837,1.000221158033967,1.0001624564116118
PHL,86T88,1.0001584028016313,1.000225638036284,1.0001624564116118
PHL,90T93,1.0001300596944387,1.000230487312239,1.0001624564116118
PHL,94T98,1.0001637325778872,1.0002388569931948,1.0001624564116118
POL,01T02,0.9980978580502788,1.0005818289079844,1.0005311973353868
POL,03,0.9998823048760288,1.000251526444278,1.0005311973353868
POL,05T06,0.993774801946516,1.0002640501369706,1.0005311973353868
POL,07T08,0.9987073343020596,1.0005537621328733,1.0005311973353868
POL,10T12,0.9998793861990805,1.0006786135727146,1.0005311973353868
POL,13T15,1.000489330903811,1.0002778950386124,1.0005311973353868
POL,16,0.9998496297958185,1.0005694614646115,1.0005311973353868
POL,17T18,1.0000985778946108,1.0003812944915114,1.0005311973353868
POL,19,0.9989656691434363,1.0007217669516397,1.0005311973353868
POL,20,0.9979945666284035,1.0005893428891908,1.0005311973353868
POL,21,1.0001059536131285,1.0000895202455695,1.0005311973353868
POL,22,1.0001973450706618,1.0004703103760193,1.0005311973353868
POL,23,0.9985265779072241,1.000653913624872,1.0005311973353868
POL,24,0.9983621548343017,1.0009442222860454,1.0005311973353868
POL,25,1.000161871954885,1.0004519338183075,1.0005311973353868
POL,26,1.0002944720430929,1.00031982750486,1.0005311973353868
POL,27,1.0002805846521017,1.0004237534145544,1.0005311973353868
POL,28,1.0001978483979552,1.000381161061291,1.0005311973353868
POL,29T30,1.0002900484289932,1.0003354596994847,1.0005311973353868
POL,31T33,1.000450023952573,1.0002955929171946,1.0005311973353868
POL,35,0.9949128251563906,1.0005898624543086,1.0005311973353868
POL,36T39,0.9999791912599977,1.000325446693752,1.0005311973353868
POL,41T43,1.0001294983876792,1.0003149336973647,1.0005311973353868
POL,45T47,1.0001757354303973,1.0001226203154394,1.0005311973353868
POL,49,0.9994519792514587,1.0002749779389772,1.0005311973353868
POL,50,1.0006031805466549,1.0002234008567235,1.0005311973353868
POL,51,1.0005743744504785,1.0002518872293606,1.0005311973353868
POL,52,1.0000079254319834,1.0002631312816723,1.0005311973353868
POL,53,1.0003132696213068,1.0001783068007064,1.0005311973353868
POL,55T56,1.0003652105785348,1.000294354494922,1.0005311973353868
POL,58T60,1.0004876633216908,1.0001083704595992,1.0005311973353868
POL,61,1.0003926726069203,1.0001169762730782,1.0005311973353868
POL,62T63,1.0004398866788158,1.0000239158437356,1.0005311973353868
POL,64T66,1.0002516056517183,1.000049480783131,1.0005311973353868
POL,68,1.0002857540475576,1.000651932553386,1.0005311973353868
POL,69T75,1.0002789644138683,1.0000594262899196,1.0005311973353868
POL,77T82,1.0001147081180968,1.0001790574273948,1.0005311973353868
POL,84,1.0004786367636904,1.0000328370759357,1.0005311973353868
POL,85,1.0004920952911935,1.0000774914739687,1.0005311973353868
POL,86T88,1.0004911192173622,1.0001507743555957,1.0005311973353868
POL,90T93,1.0004349137266875,1.000283533370464,1.0005311973353868
POL,94T98,1.0003755785664452,1.0001308131232576,1.0005311973353868
PRT,01T02,1.0002073099525794,1.0005055303409591,1.000452794289858
PRT,03,0.99981692664651,1.0003152995065707,1.000452794289858
PRT,05T06,0.9875381628741426,1.0005760900390415,1.000452794289858
PRT,07T08,0.9994847171096183,1.0004760822780514,1.000452794289858
PRT,10T12,0.9999577898490988,1.0007002330817056,1.000452794289858
PRT,13T15,1.000249018399634,1.0003279515284984,1.000452794289858
PRT,16,0.9997241460136992,1.0006033774623218,1.000452794289858
PRT,17T18,0.9995904489114511,1.0005695228431655,1.000452794289858
PRT,19,0.9992893089873133,1.000911297312933,1.000452794289858
PRT,20,0.9993833356236316,1.0006191976970051,1.000452794289858
PRT,21,1.0000692141669854,1.0003622509818348,1.000452794289858
PRT,22,1.0001572454942793,1.000502018910925,1.000452794289858
PRT,23,0.9985167752179753,1.0005911066633872,1.000452794289858
PRT,24,1.0010669710749351,1.0006534428517466,1.000452794289858
PRT,25,1.0001493800288537,1.000464014100841,1.000452794289858
PRT,26,1.0002205348284512,1.0003465959451723,1.000452794289858
PRT,27,1.0001753317474213,1.0004870816772666,1.000452794289858
PRT,28,1.0001206578350168,1.0004515607229858,1.000452794289858
PRT,29T30,1.0002329811035593,1.0003853737041122,1.000452794289858
PRT,31T33,1.0002477857001377,1.000372097560188,1.000452794289858
PRT,35,0.9985308573787495,1.0011276039953245,1.000452794289858
PRT,36T39,1.000382036299231,1.0003881796838128,1.000452794289858
PRT,41T43,1.000340897383578,1.000470281892662,1.000452794289858
PRT,45T47,1.0001461400759566,1.0002721529275485,1.000452794289858
PRT,49,0.9994282799942305,1.0003778730079003,1.000452794289858
PRT,50,0.9983701016442716,1.0003869368838603,1.000452794289858
PRT,51,0.9995244347451786,1.0003968335263635,1.000452794289858
PRT,52,1.0000699147897325,1.0002612886727351,1.000452794289858
PRT,53,1.0002699738628453,1.0002331123112196,1.000452794289858
PRT,55T56,1.000242661807377,1.0003637457045844,1.000452794289858
PRT,58T60,1.000185184863973,1.0002670317846551,1.000452794289858
PRT,61,1.0002849934512443,1.0002504233426832,1.000452794289858
PRT,62T63,1.000213900576815,1.0002171428348139,1.000452794289858
PRT,64T66,1.0002706807121564,1.0001954125996895,1.000452794289858
PRT,68,1.0004187827208282,1.0001881544158597,1.000452794289858
PRT,69T75,1.0001579599869985,1.0002370489543766,1.000452794289858
PRT,77T82,1.0001334529855788,1.0002350497561883,1.000452794289858
PRT,84,1.0004000357193634,1.0002463077596768,1.000452794289858
PRT,85,1.0004318989809156,1.0001985919862724,1.000452794289858
PRT,86T88,1.0004208016562028,1.000280942139609,1.000452794289858
PRT,90T93,1.00034384303393,1.000282156848066,1.000452794289858
PRT,94T98,1.0004000922122507,1.0002620630993353,1.000452794289858
ROU,01T02,0.9991683476092443,1.0004955161269045,1.0004471169256743
ROU,03,1.0003996219563223,1.0003609933022224,1.0004471169256743
ROU,05T06,0.997300861820749,1.0003643678715717,1.0004471169256743
ROU,07T08,0.9981864690180619,1.0003831322037082,1.0004471169256743
ROU,10T12,1.0003257188895842,1.000552796836272,1.0004471169256743
ROU,13T15,1.000468214997446,1.000271076815256,1.0004471169256743
ROU,16,0.9998964758903837,1.0005483491111133,1.0004471169256743
ROU,17T18,1.0001296183802222,1.0003728975280135,1.0004471169256743
ROU,19,0.9996187687145388,1.0006860261825685,1.0004471169256743
ROU,20,0.9944902658044692,1.0006585384470101,1.0004471169256743
ROU,21,0.9988280757754582,1.0003330589286958,1.0004471169256743
ROU,22,1.0001085061703323,1.0004968583988831,1.0004471169256743
ROU,23,0.9971803130528422,1.000502992402773,1.0004471169256743
ROU,24,0.9985845705379146,1.0006148817777294,1.0004471169256743
ROU,25,0.9998285914657984,1.0004525319233188,1.0004471169256743
ROU,26,1.0002597606318535,1.0003410063823082,1.0004471169256743
ROU,27,1.0002889512253001,1.0003970932701527,1.0004471169256743
ROU,28,1.0001111286818958,1.0004644680226173,1.0004471169256743
ROU,29T30,1.0001402431348625,1.0003967191222443,1.0004471169256743
ROU,31T33,1.0004289753614468,1.0003238491343711,1.0004471169256743
ROU,35,0.9983430969076795,1.000689205049716,1.0004471169256743
ROU,36T39,1.0003210416667627,1.000335549100002,1.0004471169256743
ROU,41T43,1.0003269365191598,1.000554304015879,1.0004471169256743
ROU,45T47,1.000100802659125,1.000242604088033,1.0004471169256743
ROU,49,1.0000780324455936,1.0002850078741539,1.0004471169256743
ROU,50,1.0009382235058493,1.00024006758969,1.0004471169256743
ROU,51,1.0002236778252453,1.0003192268934236,1.0004471169256743
ROU,52,1.000096332934987,1.000237126934105,1.0004471169256743
ROU,53,1.0001978072745958,1.0002350816461896,1.0004471169256743
ROU,55T56,1.0003008835470473,1.0002487240823783,1.0004471169256743
ROU,58T60,1.000330610204865,1.0001780995653993,1.0004471169256743
ROU,61,1.000260319049496,1.0002485199137743,1.0004471169256743
ROU,62T63,1.0001629937469652,1.0001481998129673,1.0004471169256743
ROU,64T66,1.0001053679310803,1.0001208503417653,1.0004471169256743
ROU,68,1.0003661543006197,1.0000988427428168,1.0004471169256743
ROU,69T75,1.0001063009365518,1.0002120342003893,1.0004471169256743
ROU,77T82,1.000131816869797,1.000210021840224,1.0004471169256743
ROU,84,1.0004041313540266,1.0000868451423546,1.0004471169256743
ROU,85,1.000364176717891,1.0000995044248386,1.0004471169256743
ROU,86T88,1.0004032936759863,1.0001651680793144,1.0004471169256743
ROU,90T93,1.0003877019265055,1.0002024844274096,1.0004471169256743
ROU,94T98,1.000329929165182,1.0002030766797327,1.0004471169256743
ROW,01T02,0.9995700783129835,0.999908929355019,0.9998799263920384
ROW,03,0.9999853320175872,0.9999135191802968,0.9998799263920384
ROW,05T06,0.9987327295016987,0.9998988003125677,0.9998799263920384
ROW,07T08,1.0005023196653537,0.9999090769112833,0.9998799263920384
ROW,10T12,1.0003477515636154,0.9999362498659093,0.9998799263920384
ROW,13T15,1.0007633187968776,0.999972489950996,0.9998799263920384
ROW,16,1.0006787178139622,0.999942230804517,0.9998799263920384
ROW,17T18,1.0004388246702893,0.9999678077795023,0.9998799263920384
ROW,19,1.0004264112884507,0.9999227449250943,0.9998799263920384
ROW,20,1.0000866096602703,0.9999802685499968,0.9998799263920384
ROW,21,1.0004086664309846,0.999963133174877,0.9998799263920384
ROW,22,0.9999313162235716,1.0000135362149285,0.9998799263920384
ROW,23,1.0000706520817402,0.9999452870367821,0.9998799263920384
ROW,24,1.002099748568473,1.0000070625103734,0.9998799263920384
ROW,25,1.0007834778023759,1.0000177577208795,0.9998799263920384
ROW,26,1.000257011451531,1.0000128019735923,0.9998799263920384
ROW,27,1.0005971023474123,1.0000385725875316,0.9998799263920384
ROW,28,1.0004592434402417,1.0000244312076345,0.9998799263920384
ROW,29T30,1.0004671709569544,1.0000174806559443,0.9998799263920384
ROW,31T33,0.9996140751267294,0.9999846405530085,0.9998799263920384
ROW,35,1.000024905052894,0.9999181781203103,0.9998799263920384
ROW,36T39,1.0000563461658345,0.9999234956163834,0.9998799263920384
ROW,41T43,0.9998907596900881,0.9999679127483504,0.9998799263920384
ROW,45T47,1.0001199895716246,0.9999102329439691,0.9998799263920384
ROW,49,1.0000687184213102,0.9999323954620469,0.9998799263920384
ROW,50,1.0005422462207312,0.9999631851694815,0.9998799263920384
ROW,51,0.9996240245626143,0.9999592902190785,0.9998799263920384
ROW,52,1.0002971089283132,0.999930714678525,0.9998799263920384
ROW,53,1.000142604139831,0.99991703591127,0.9998799263920384
ROW,55T56,1.000230531426981,0.9999242640462159,0.9998799263920384
ROW,58T60,1.0002807422107933,0.9999302962773028,0.9998799263920384
ROW,61,1.0000010759832987,0.9999179513692144,0.9998799263920384
ROW,62T63,1.0001848346803428,0.9999156427037551,0.9998799263920384
ROW,64T66,1.0001548917999268,0.9999058919940079,0.9998799263920384
ROW,68,0.99995934970132,0.9998941640550169,0.9998799263920384
ROW,69T75,1.0002390078203582,0.999912078822402,0.9998799263920384
ROW,77T82,1.0001686076832332,0.9999162724296816,0.9998799263920384
ROW,84,0.9998894951977693,0.9999137653033889,0.9998799263920384
ROW,85,0.9999029523207398,0.9999052989952563,0.9998799263920384
ROW,86T88,0.9998987986962439,0.999922990341536,0.9998799263920384
ROW,90T93,1.000062365361604,0.9999211120662519,0.9998799263920384
ROW,94T98,0.999931632830717,0.9999241620763433,0.9998799263920384
RUS,01T02,1.0000795809945846,0.9998718593027768,0.9998251879409197
RUS,03,1.0000548119710184,0.9998775560900878,0.9998251879409197
RUS,05T06,0.9988321859891833,0.9998429802763219,0.9998251879409197
RUS,07T08,1.0000139264828551,0.9998546997932724,0.9998251879409197
RUS,10T12,1.0001605522781034,0.9998872472223796,0.9998251879409197
RUS,13T15,1.0010386200759012,0.9999268916659307,0.9998251879409197
RUS,16,0.9998914821166289,0.9998872796464319,0.9998251879409197
RUS,17T18,1.0004886573939213,0.9999048621225339,0.9998251879409197
RUS,19,1.0000222646541013,0.9998463455490897,0.9998251879409197
RUS,20,0.9993295300461458,0.9998993247166843,0.9998251879409197
RUS,21,1.0003614838109787,0.9999158690866848,0.9998251879409197
RUS,22,1.0004257451471,0.999973071319337,0.9998251879409197
RUS,23,0.9999722296009059,0.9998937920255099,0.9998251879409197
RUS,24,0.9995543105725097,0.9998782144704584,0.9998251879409197
RUS,25,1.00063728543253,0.9999152588772381,0.9998251879409197
RUS,26,1.000241432095625,0.9999647548567207,0.9998251879409197
RUS,27,1.0006457789987657,0.9999682895906704,0.9998251879409197
RUS,28,1.0004657292056238,0.9999612681316099,0.9998251879409197
RUS,29T30,1.0002717620693224,0.9999752583311904,0.9998251879409197
RUS,31T33,1.0003065287298747,0.9999301022282265,0.9998251879409197
RUS,35,0.9997563211296311,0.9998479225618583,0.9998251879409197
RUS,36T39,0.9998085695508087,0.9998739901977525,0.9998251879409197
RUS,41T43,0.9998221992144688,0.9999008376670095,0.9998251879409197
RUS,45T47,0.9999970288074106,0.999851436715642,0.9998251879409197
RUS,49,0.9997901795794817,0.9998575098050908,0.9998251879409197
RUS,50,0.9991548004117671,0.9998800740136192,0.9998251879409197
RUS,51,1.0000050091448196,0.9998849680585258,0.9998251879409197
RUS,52,1.0000016237338745,0.9998706155585193,0.9998251879409197
RUS,53,1.0000759933998111,0.9998535493307015,0.9998251879409197
RUS,55T56,1.0002183268456533,0.9998647161441264,0.9998251879409197
RUS,58T60,1.0004911259729208,0.9998853381810971,0.9998251879409197
RUS,61,0.9999679852612617,0.9998760254282201,0.9998251879409197
RUS,62T63,1.000281673779536,0.9998740378282566,0.9998251879409197
RUS,64T66,0.9999801630200033,0.9998454053854847,0.9998251879409197
RUS,68,0.9998714833815493,0.9998394809547129,0.9998251879409197
RUS,69T75,1.0000559233610877,0.9998789256027982,0.9998251879409197
RUS,77T82,0.9999566478561396,0.9998519498570299,0.9998251879409197
RUS,84,0.9998317277703304,0.9998524116247604,0.9998251879409197
RUS,85,0.9998455915128306,0.9998356236066792,0.9998251879409197
RUS,86T88,0.9998355877591301,0.9998673516464475,0.9998251879409197
RUS,90T93,0.999893176531882,0.999853987892137,0.9998251879409197
RUS,94T98,0.9998703789577339,0.999849760526054,0.9998251879409197
SAU,01T02,1.0002238104930186,0.9997942306444596,0.9997467985624608
SAU,03,0.9998821110256155,0.999810263282274,0.9997467985624608
SAU,05T06,0.9991777554703891,0.9997541975611391,0.9997467985624608
SAU,07T08,1.000526370815122,0.9997696344325261,0.9997467985624608
SAU,10T12,1.0001669525192045,0.9998081839736923,0.9997467985624608
SAU,13T15,1.0007722922799587,0.999847071819756,0.9997467985624608
SAU,16,1.0006584702102659,0.9998653949516069,0.9997467985624608
SAU,17T18,1.0001435645480512,0.9998480167664783,0.9997467985624608
SAU,19,1.000403094077068,0.999803067791034,0.9997467985624608
SAU,20,0.999647791962369,0.999794996918626,0.9997467985624608
SAU,21,1.000567279744736,0.999856962643765,0.9997467985624608
SAU,22,0.9994473427653363,0.9998328516769431,0.9997467985624608
SAU,23,0.9999684301992915,0.9998162328084943,0.9997467985624608
SAU,24,1.002135685033404,0.9998394765726459,0.9997467985624608
SAU,25,1.0004570592646744,0.9998803233426466,0.9997467985624608
SAU,26,1.0003634920681448,0.9998708361077292,0.9997467985624608
SAU,27,1.0004287135140135,0.9998918152063414,0.9997467985624608
SAU,28,1.0005858118471633,0.9998767122884187,0.9997467985624608
SAU,29T30,1.0010505748594227,0.9998541027795542,0.9997467985624608
SAU,31T33,0.9996964644296064,0.9998576478962654,0.9997467985624608
SAU,35,0.9999126962947759,0.9998105280610555,0.9997467985624608
SAU,36T39,0.9998504194249321,0.999813545678807,0.9997467985624608
SAU,41T43,0.9998185798511836,0.9998576682808228,0.9997467985624608
SAU,45T47,1.000113986550599,0.9998056298511856,0.9997467985624608
SAU,49,1.0000253880489072,0.9998038227390782,0.9997467985624608
SAU,50,1.0002334920624156,0.9998372262036311,0.9997467985624608
SAU,51,1.0004617203704007,0.9998323938001392,0.9997467985624608
SAU,52,1.0002955266599054,0.9998401398947706,0.9997467985624608
SAU,53,1.0001017189517738,0.9998351774245946,0.9997467985624608
SAU,55T56,1.000463772689786,0.9998186631071907,0.9997467985624608
SAU,58T60,1.000717572846965,0.9999171231451452,0.9997467985624608
SAU,61,1.0000042850403632,0.9998030220569244,0.9997467985624608
SAU,62T63,1.0003060082541904,0.9998288283639256,0.9997467985624608
SAU,64T66,1.0002301506078044,0.9997731991919975,0.9997467985624608
SAU,68,0.9998148702322398,0.9997637168076213,0.9997467985624608
SAU,69T75,1.0000063262339631,0.9998687159570117,0.9997467985624608
SAU,77T82,0.9998587085352748,0.9998581784249423,0.9997467985624608
SAU,84,0.9997651194389872,0.9997656560294559,0.9997467985624608
SAU,85,0.9997725112666225,0.9997687803848592,0.9997467985624608
SAU,86T88,0.9997948204683427,0.999809034687257,0.9997467985624608
SAU,90T93,0.9998663015016435,0.999784763120019,0.9997467985624608
SAU,94T98,0.9998535962854531,0.9997724965938997,0.9997467985624608
SGP,01T02,1.0001584034380457,1.0001789347822836,1.0002234025430203
SGP,03,1.0002415552883464,1.0001755565052504,1.0002234025430203
SGP,05T06,0.9993099657496066,1.0001690574357045,1.0002234025430203
SGP,07T08,1.0003763938260402,1.0001804428879284,1.0002234025430203
SGP,10T12,1.0006502095693175,1.0001941913637764,1.0002234025430203
SGP,13T15,1.00068204362813,1.0001970685768338,1.0002234025430203
SGP,16,1.000621868068122,1.0001989745935682,1.0002234025430203
SGP,17T18,1.000403699203167,1.0001972639043961,1.0002234025430203
SGP,19,1.0006200490583133,1.0000785113669892,1.0002234025430203
SGP,20,1.0004829767417982,1.0001703096790056,1.0002234025430203
SGP,21,1.0004673616108672,1.000183694359345,1.0002234025430203
SGP,22,0.9997209735822966,1.0002106504709403,1.0002234025430203
SGP,23,1.0006874991943147,1.0002108372357015,1.0002234025430203
SGP,24,1.0024956196022232,1.000228271220472,1.0002234025430203
SGP,25,1.0009609026113668,1.000266368003376,1.0002234025430203
SGP,26,1.0003532291388941,1.0002321297553136,1.0002234025430203
SGP,27,1.00078317488543,1.0002665814847556,1.0002234025430203
SGP,28,1.0005568039125077,1.0002386432986052,1.0002234025430203
SGP,29T30,1.0004003646046555,1.000234096945354,1.0002234025430203
SGP,31T33,0.9999016913553229,1.0002156390132535,1.0002234025430203
SGP,35,1.000396615709216,1.0001426879336028,1.0002234025430203
SGP,36T39,1.0002495429220954,1.0001816975653648,1.0002234025430203
SGP,41T43,1.0002213851126507,1.0002156526153927,1.0002234025430203
SGP,45T47,1.0000673386083707,1.0001886175652397,1.0002234025430203
SGP,49,1.0000487442469006,1.000172051497005,1.0002234025430203
SGP,50,0.9992366802817139,1.000251473870475,1.0002234025430203
SGP,51,0.9995150588234616,1.0001892542826345,1.0002234025430203
SGP,52,1.0000856359738484,1.0001811208975018,1.0002234025430203
SGP,53,1.0001525575492085,1.0001718723232758,1.0002234025430203
SGP,55T56,1.000292450733153,1.0001838657203295,1.0002234025430203
SGP,58T60,1.0002207037304023,1.0001709141166861,1.0002234025430203
SGP,61,1.0002285855911297,1.0001697784622678,1.0002234025430203
SGP,62T63,0.9999788958573551,1.0001441917812475,1.0002234025430203
SGP,64T66,1.0000869054625554,1.0001509704832456,1.0002234025430203
SGP,68,1.0001689443101693,1.0001661586491042,1.0002234025430203
SGP,69T75,1.000223977181439,1.0001623132288275,1.0002234025430203
SGP,77T82,1.0001799501536788,1.000175456531675,1.0002234025430203
SGP,84,1.0002193118388156,1.000181958842377,1.0002234025430203
SGP,85,1.0002160364239598,1.0001715988715654,1.0002234025430203
SGP,86T88,1.0002152903953037,1.0001757022006503,1.0002234025430203
SGP,90T93,1.0001858993574648,1.0001724772656464,1.0002234025430203
SGP,94T98,1.0002216687992258,1.0001673191738385,1.0002234025430203
SVK,01T02,1.001022286319891,1.0004466528823648,1.0004660993688743
SVK,03,0.9999194916739448,1.0004051814702863,1.0004660993688743
SVK,05T06,0.9905375118776003,1.0003083754529616,1.0004660993688743
SVK,07T08,0.9974296808966686,1.0004845469551225,1.0004660993688743
SVK,10T12,1.0003902315891664,1.000511545780706,1.0004660993688743
SVK,13T15,1.0003997826275146,1.0003124781766135,1.0004660993688743
SVK,16,1.0006064023424028,1.0003316643827307,1.0004660993688743
SVK,17T18,1.0001310889843404,1.0004324367647304,1.0004660993688743
SVK,19,0.998823674394408,1.0008380948782214,1.0004660993688743
SVK,20,0.9951218967845835,1.0005445530573318,1.0004660993688743
SVK,21,0.9983111632459406,1.000366464845913,1.0004660993688743
SVK,22,1.000116409237674,1.0005019515299365,1.0004660993688743
SVK,23,0.9964411114706143,1.0006731252900636,1.0004660993688743
SVK,24,0.9928596684195169,1.0008379779922252,1.0004660993688743
SVK,25,1.0001242748932948,1.0004562625238158,1.0004660993688743
SVK,26,1.0003146160679193,1.000322318615984,1.0004660993688743
SVK,27,1.0003726157797443,1.0003867866117502,1.0004660993688743
SVK,28,1.0000703223769307,1.0004888671542513,1.0004660993688743
SVK,29T30,1.0003156731089233,1.0003323817871257,1.0004660993688743
SVK,31T33,1.0008229848167214,1.0003251930651078,1.0004660993688743
SVK,35,1.0000964820054339,1.0008119639080366,1.0004660993688743
SVK,36T39,1.0001564747391445,1.0002501429339166,1.0004660993688743
SVK,41T43,1.000323567942996,1.000302920066695,1.0004660993688743
SVK,45T47,1.0001009112899764,1.0002382162096122,1.0004660993688743
SVK,49,0.9997752826721328,1.000247694724061,1.0004660993688743
SVK,50,1.0011119549296232,1.0004293891857503,1.0004660993688743
SVK,51,1.001268492410215,1.000530851230412,1.0004660993688743
SVK,52,0.9999034563880097,1.0003200966029133,1.0004660993688743
SVK,53,1.0003050261441684,1.000183919843324,1.0004660993688743
SVK,55T56,1.0003954806089546,1.0002727338214186,1.0004660993688743
SVK,58T60,1.0003743239155436,1.0001936014497423,1.0004660993688743
SVK,61,1.000400513726642,1.0001456512495306,1.0004660993688743
SVK,62T63,1.0002594760460235,1.0001445655955812,1.0004660993688743
SVK,64T66,1.0002924686793202,1.0001227434711961,1.0004660993688743
SVK,68,1.0003757421698842,1.0001307867208096,1.0004660993688743
SVK,69T75,1.000091733607092,1.0002598354706245,1.0004660993688743
SVK,77T82,1.000196656208073,1.0002064704507203,1.0004660993688743
SVK,84,1.0004171044297945,1.0001375622339927,1.0004660993688743
SVK,85,1.000436431908137,1.0001538149103426,1.0004660993688743
SVK,86T88,1.0004397627035637,1.0001965684228955,1.0004660993688743
SVK,90T93,1.0004005048587405,1.0002275919054198,1.0004660993688743
SVK,94T98,1.0003739681278292,1.0002112442116233,1.0004660993688743
SVN,01T02,0.9984483661133889,1.0004861658872972,1.0004716885053253
SVN,03,1.0005117680998117,1.00031397241321,1.0004716885053253
SVN,05T06,0.9937287552707685,1.0003279227673099,1.0004716885053253
SVN,07T08,0.9986663784693921,1.0004988209064944,1.0004716885053253
SVN,10T12,1.0000772584772646,1.0005352530881653,1.0004716885053253
SVN,13T15,1.0003595054861,1.0002890365313883,1.0004716885053253
SVN,16,0.9990893046105708,1.0005623093094023,1.0004716885053253
SVN,17T18,0.9995602470582118,1.0004498507179742,1.0004716885053253
SVN,19,0.7443159429293592,1.0005088278674121,1.0004716885053253
SVN,20,1.000382309968912,1.0005051841790378,1.0004716885053253
SVN,21,1.0003315902749053,1.0002417551663516,1.0004716885053253
SVN,22,1.0004575017917348,1.0004082217764414,1.0004716885053253
SVN,23,0.9966787357550753,1.0005366618727258,1.0004716885053253
SVN,24,1.0013047412288463,1.000663278749069,1.0004716885053253
SVN,25,1.0004078279110364,1.000400791765401,1.0004716885053253
SVN,26,1.0003294918834151,1.0002760086985252,1.0004716885053253
SVN,27,1.0002598699441179,1.0004280773511056,1.0004716885053253
SVN,28,1.0001771258119463,1.0004183537554414,1.0004716885053253
SVN,29T30,1.0002596012325298,1.0003933654926125,1.0004716885053253
SVN,31T33,1.0004089304562287,1.0003393702956844,1.0004716885053253
SVN,35,0.9978224325175469,1.0005544879863308,1.0004716885053253
SVN,36T39,1.000351882792839,1.0003948146799675,1.0004716885053253
SVN,41T43,1.000297597099524,1.0004137056940592,1.0004716885053253
SVN,45T47,1.0001762972271095,1.0002562748170305,1.0004716885053253
SVN,49,0.999580762636675,1.000333663695619,1.0004716885053253
SVN,50,0.995393409553562,1.0007509238011874,1.0004716885053253
SVN,51,1.0009458361701713,1.0003442515144123,1.0004716885053253
SVN,52,1.0000820728852835,1.0003169336719713,1.0004716885053253
SVN,53,1.0001377853125295,1.0002226761600672,1.0004716885053253
SVN,55T56,1.0003220181750396,1.000316053915297,1.0004716885053253
SVN,58T60,1.0002057881765465,1.0002185182586543,1.0004716885053253
SVN,61,1.000330866452197,1.000188345999551,1.0004716885053253
SVN,62T63,1.0001913143456993,1.0001760675382605,1.0004716885053253
SVN,64T66,1.0002588263701826,1.0001681208357458,1.0004716885053253
SVN,68,1.000448466991959,1.0001596810371782,1.0004716885053253
SVN,69T75,1.0001730501553234,1.0002376385339122,1.0004716885053253
SVN,77T82,1.0001831171583344,1.0002394795331646,1.0004716885053253
SVN,84,1.0004232786885077,1.0001973859567115,1.0004716885053253
SVN,85,1.0004245118115778,1.000192314709833,1.0004716885053253
SVN,86T88,1.0004454622846126,1.0002090885421617,1.0004716885053253
SVN,90T93,1.0004109438205833,1.0002479785594427,1.0004716885053253
SVN,94T98,1.0003366804595069,1.0002332059242725,1.0004716885053253
SWE,01T02,0.9966234606291461,1.0009383463216073,1.0003890794037176
SWE,03,0.9995949982113178,1.000301581535654,1.0003890794037176
SWE,05T06,0.998636279230842,1.0004221951450805,1.0003890794037176
SWE,07T08,1.0005465748373747,1.00029933995444,1.0003890794037176
SWE,10T12,0.999987853863879,1.0006421447220328,1.0003890794037176
SWE,13T15,1.0002602932869402,1.0003433710292213,1.0003890794037176
SWE,16,0.9990806412955434,1.0010246774304967,1.0003890794037176
SWE,17T18,0.9994322482812757,1.000654961421638,1.0003890794037176
SWE,19,0.9997559719298522,1.0006890169079539,1.0003890794037176
SWE,20,0.9992536346210358,1.0004060897434028,1.0003890794037176
SWE,21,1.0004250986445384,1.0002940229407382,1.0003890794037176
SWE,22,1.0004765289728799,1.0004075628788345,1.0003890794037176
SWE,23,1.000058794687007,1.0004726421323122,1.0003890794037176
SWE,24,1.0015688909837626,1.0004807127858772,1.0003890794037176
SWE,25,1.0004006220746358,1.0004276545113209,1.0003890794037176
SWE,26,1.0003300618868398,1.0002773599755181,1.0003890794037176
SWE,27,1.000451957839683,1.0003638571364728,1.0003890794037176
SWE,28,1.0003499472010104,1.0003093015301203,1.0003890794037176
SWE,29T30,1.0003246731002395,1.0003187951617598,1.0003890794037176
SWE,31T33,1.000252161018648,1.000345128263544,1.0003890794037176
SWE,35,1.0003191637840985,1.0003372512385125,1.0003890794037176
SWE,36T39,1.0003972638779832,1.000299265755638,1.0003890794037176
SWE,41T43,1.0003144403391662,1.0003532283206262,1.0003890794037176
SWE,45T47,1.0001809491512557,1.0002438029901086,1.0003890794037176
SWE,49,1.0000649322596544,1.0003012594260063,1.0003890794037176
SWE,50,0.9975001665536062,1.0004252652808785,1.0003890794037176
SWE,51,0.9996836973994131,1.0003583961075402,1.0003890794037176
SWE,52,1.000063630893917,1.0003523819662783,1.0003890794037176
SWE,53,1.000208391862673,1.0002453550583816,1.0003890794037176
SWE,55T56,1.000264965983031,1.0003330397618855,1.0003890794037176
SWE,58T60,1.0001897168483613,1.0002346669463344,1.0003890794037176
SWE,61,1.000253377620798,1.0002281847395407,1.0003890794037176
SWE,62T63,1.000114426655285,1.0002160588888376,1.0003890794037176
SWE,64T66,1.0002101439970326,1.0002082557341088,1.0003890794037176
SWE,68,1.0003363395856721,1.0002540513640457,1.0003890794037176
SWE,69T75,1.0002440842963218,1.0002312598897218,1.0003890794037176
SWE,77T82,1.000188972199187,1.0002776368580655,1.0003890794037176
SWE,84,1.0003559057770017,1.0002378386564768,1.0003890794037176
SWE,85,1.0003738118147794,1.0002282349615979,1.0003890794037176
SWE,86T88,1.0003798134967996,1.0002281152226493,1.0003890794037176
SWE,90T93,1.0003160454762894,1.0002886023593613,1.0003890794037176
SWE,94T98,1.0003292951644676,1.0002443604639235,1.0003890794037176
THA,01T02,1.0002006242089856,1.0002428967332977,1.000286362448193
THA,03,1.0003463242089026,1.0002256295600458,1.000286362448193
THA,05T06,1.0001206932952313,1.000209998890268,1.000286362448193
THA,07T08,1.0001913914293663,1.000234271558464,1.000286362448193
THA,10T12,1.0005189443906182,1.0002405161276426,1.000286362448193
THA,13T15,1.0004395591780533,1.0002508339102616,1.000286362448193
THA,16,1.0005410795898788,1.000244110967403,1.000286362448193
THA,17T18,1.0002624503194293,1.0002452658858711,1.000286362448193
THA,19,1.00026523126741,1.000084148518215,1.000286362448193
THA,20,1.0001175224026149,1.000239630742308,1.000286362448193
THA,21,1.0002799878499515,1.0002570995448439,1.000286362448193
THA,22,1.0008283616567828,1.000262757236219,1.000286362448193
THA,23,1.0000927044426156,1.000227371632457,1.000286362448193
THA,24,1.0013768755673655,1.0002620426696462,1.000286362448193
THA,25,1.000909051364882,1.0003299047806153,1.000286362448193
THA,26,1.000282854507313,1.0002784435549437,1.000286362448193
THA,27,1.0005940710331382,1.000330815178164,1.000286362448193
THA,28,1.00033650567015,1.0003283962604852,1.000286362448193
THA,29T30,1.0001351085168964,1.0003043302806682,1.000286362448193
THA,31T33,1.000460117000547,1.0002842394796196,1.000286362448193
THA,35,1.0002953726599821,1.0001529639875268,1.000286362448193
THA,36T39,1.000268924631299,1.0002253992492458,1.000286362448193
THA,41T43,1.0002843449148704,1.000290855959096,1.000286362448193
THA,45T47,1.0001329946863968,1.0002369735517018,1.000286362448193
THA,49,0.9998669165084138,1.0001952976639514,1.000286362448193
THA,50,0.9997565165872021,1.0002132293384771,1.000286362448193
THA,51,0.9996566611650886,1.000200075104573,1.000286362448193
THA,52,1.0002742840301868,1.00021987338129,1.000286362448193
THA,53,1.0001985822365886,1.0002263235003104,1.000286362448193
THA,55T56,1.0002620479563007,1.0002300704711786,1.000286362448193
THA,58T60,1.000061420235949,1.0002324005294647,1.000286362448193
THA,61,1.0001296979325602,1.0002251786262448,1.000286362448193
THA,62T63,1.0000294712691518,1.0002279681201158,1.000286362448193
THA,64T66,1.0001778946126632,1.000230123998007,1.000286362448193
THA,68,1.0000849594896508,1.0002297236566453,1.000286362448193
THA,69T75,1.0001212822171202,1.0002254697167337,1.000286362448193
THA,77T82,1.0001121881972805,1.0002257757962143,1.000286362448193
THA,84,1.000286335171236,1.000228517228006,1.000286362448193
THA,85,1.0002836536626252,1.0002363989588632,1.000286362448193
THA,86T88,1.0002362620230387,1.0002450756823957,1.000286362448193
THA,90T93,1.0001624881033255,1.0002362748543179,1.000286362448193
THA,94T98,1.0001243474610706,1.0002462255952,1.000286362448193
TUN,01T02,1.0002414006714102,1.000163186422626,1.0000953208169407
TUN,03,1.0002695511667936,1.0001550161905877,1.0000953208169407
TUN,05T06,0.9994302326223167,1.0001555672541727,1.0000953208169407
TUN,07T08,0.9999831568796743,1.000172023563598,1.0000953208169407
TUN,10T12,1.0004170593656347,1.0001707913673217,1.0000953208169407
TUN,13T15,1.0005945569557209,1.000215544928702,1.0000953208169407
TUN,16,1.000528791272964,1.0002462856522436,1.0000953208169407
TUN,17T18,1.0002408999371177,1.0002278483898217,1.0000953208169407
TUN,19,1.001161028436733,1.0000193639744694,1.0000953208169407
TUN,20,1.0002594980965431,1.0002186582505683,1.0000953208169407
TUN,21,1.0001489962084908,1.0002034183011006,1.0000953208169407
TUN,22,0.9968288976552113,1.0002579308364745,1.0000953208169407
TUN,23,0.9992940036644122,1.0001913851933895,1.0000953208169407
TUN,24,1.0021838463133417,1.0002915694754024,1.0000953208169407
TUN,25,1.0006749595666813,1.0002691822981524,1.0000953208169407
TUN,26,1.0003476368854753,1.0002601325549998,1.0000953208169407
TUN,27,1.000623049288333,1.0002909149361017,1.0000953208169407
TUN,28,1.000387813171029,1.000272768430522,1.0000953208169407
TUN,29T30,1.0005348779574803,1.0002686825861968,1.0000953208169407
TUN,31T33,0.9987787793764679,1.0002462293627323,1.0000953208169407
TUN,35,1.0001278504598388,1.000080015707874,1.0000953208169407
TUN,36T39,1.0001419836954843,1.0001789190032027,1.0000953208169407
TUN,41T43,1.0000882967297504,1.0002240980066999,1.0000953208169407
TUN,45T47,1.0002555948820724,1.0001495926742634,1.0000953208169407
TUN,49,0.999903597943896,1.0001856192868397,1.0000953208169407
TUN,50,1.0009164574548168,1.0002062241504592,1.0000953208169407
TUN,51,0.9976066249376894,1.0002266448674773,1.0000953208169407
TUN,52,0.9999745783686063,1.0001631301898712,1.0000953208169407
TUN,53,1.0001959859400098,1.0001527451557402,1.0000953208169407
TUN,55T56,1.000178060797184,1.0001493802868908,1.0000953208169407
TUN,58T60,1.000174847736464,1.0001881132369725,1.0000953208169407
TUN,61,1.0001922395548666,1.0001406968455717,1.0000953208169407
TUN,62T63,1.000045703950992,1.000164392755563,1.0000953208169407
TUN,64T66,1.0001263528993722,1.0001427013884827,1.0000953208169407
TUN,68,1.0001031220963885,1.0001501397865915,1.0000953208169407
TUN,69T75,1.0001609929100805,1.000168709900265,1.0000953208169407
TUN,77T82,1.0001201875493109,1.0001716407915846,1.0000953208169407
TUN,84,1.0000964995248216,1.0001459031561268,1.0000953208169407
TUN,85,1.0001552041093187,1.0001488797760987,1.0000953208169407
TUN,86T88,1.000147967664985,1.0001607650649864,1.0000953208169407
TUN,90T93,1.0001718232051593,1.000166969684044,1.0000953208169407
TUN,94T98,1.0001388216282951,1.0001527286278147,1.0000953208169407
TUR,01T02,1.0001850158773629,1.0001993053296971,1.0001902007682237
TUR,03,1.0001212186358053,1.000202191753545,1.0001902007682237
TUR,05T06,0.9999013498725868,1.0002036517200283,1.0001902007682237
TUR,07T08,1.0003799521634147,1.0002006484352082,1.0001902007682237
TUR,10T12,1.0002562987673118,1.0001957774044226,1.0001902007682237
TUR,13T15,1.000272504266554,1.0002068062278435,1.0001902007682237
TUR,16,1.000302239414377,1.0002167990643893,1.0001902007682237
TUR,17T18,1.0002858822118557,1.0002222369693767,1.0001902007682237
TUR,19,1.0004517199341818,1.000074556210435,1.0001902007682237
TUR,20,1.000025987009754,1.0002310127308842,1.0001902007682237
TUR,21,1.0002486085026279,1.0002182792282603,1.0001902007682237
TUR,22,1.0004028859434024,1.0002355775292042,1.0001902007682237
TUR,23,0.9996496454909575,1.0002095046593265,1.0001902007682237
TUR,24,1.0007947223173903,1.0002121720497266,1.0001902007682237
TUR,25,1.0005690528487243,1.0002203065999888,1.0001902007682237
TUR,26,1.0003122312200536,1.000230293057102,1.0001902007682237
TUR,27,1.0005206858181577,1.0002440379454678,1.0001902007682237
TUR,28,1.0004279204598858,1.0002335742530688,1.0001902007682237
TUR,29T30,1.000476915924273,1.0002396564140088,1.0001902007682237
TUR,31T33,1.000292540161559,1.0002207274270891,1.0001902007682237
TUR,35,1.0001872616914813,1.0001460676829501,1.0001902007682237
TUR,36T39,1.0004970679346286,1.0002037543098916,1.0001902007682237
TUR,41T43,1.000193117995241,1.0002193918176117,1.0001902007682237
TUR,45T47,1.0001429292770263,1.0002013904271092,1.0001902007682237
TUR,49,1.0001606878900995,1.0002003765642087,1.0001902007682237
TUR,50,1.0003099667895303,1.0002034779335651,1.0001902007682237
TUR,51,0.9984106442473574,1.0001978031203969,1.0001902007682237
TUR,52,1.0001304807493654,1.000199753564209,1.0001902007682237
TUR,53,1.0001658228496073,1.0001995854453143,1.0001902007682237
TUR,55T56,1.0001811168604753,1.0001985754494085,1.0001902007682237
TUR,58T60,1.000177909937961,1.000203977276517,1.0001902007682237
TUR,61,1.0001819555136464,1.0002021428905592,1.0001902007682237
TUR,62T63,1.0001703772338448,1.000198207054749,1.0001902007682237
TUR,64T66,1.0001665433645661,1.0001973333089933,1.0001902007682237
TUR,68,1.0001774070952318,1.0002074683924702,1.0001902007682237
TUR,69T75,1.0001805285422143,1.0002010946318574,1.0001902007682237
TUR,77T82,1.00017993376183,1.0002009697149437,1.0001902007682237
TUR,84,1.0001867575763124,1.0001998605320956,1.0001902007682237
TUR,85,1.00018549084073,1.000196812732684,1.0001902007682237
TUR,86T88,1.0001880544757067,1.0002042726541067,1.0001902007682237
TUR,90T93,1.0001591093951876,1.0002008404161478,1.0001902007682237
TUR,94T98,1.0001828480085917,1.0002084383198335,1.0001902007682237
TWN,01T02,1.0004595623325283,1.000304146111093,1.0003637033517416
TWN,03,1.0000311505201873,1.000261469637081,1.0003637033517416
TWN,05T06,1.0002950815103533,1.0002618546609803,1.0003637033517416
TWN,07T08,1.0004057430725133,1.0002368236286825,1.0003637033517416
TWN,10T12,1.0004625692286684,1.0003031521117276,1.0003637033517416
TWN,13T15,1.0002886068870238,1.000299161265887,1.0003637033517416
TWN,16,1.0007794295961543,1.0003130486275194,1.0003637033517416
TWN,17T18,1.0002538686218332,1.000294748035471,1.0003637033517416
TWN,19,1.0005597827441226,1.0000286035511918,1.0003637033517416
TWN,20,1.0005399911800812,1.0002719545928955,1.0003637033517416
TWN,21,1.0003227859067316,1.0002991864506923,1.0003637033517416
TWN,22,1.0007282567771838,1.0003044992778087,1.0003637033517416
TWN,23,1.0007519093937973,1.0002684641939752,1.0003637033517416
TWN,24,1.001013488665555,1.0002977555718207,1.0003637033517416
TWN,25,1.0009537424692783,1.000325524275861,1.0003637033517416
TWN,26,1.0002462093331648,1.0003072100873538,1.0003637033517416
TWN,27,1.0006172669731357,1.0003512158326435,1.0003637033517416
TWN,28,1.0004432816959647,1.0003340613400484,1.0003637033517416
TWN,29T30,1.0003025265619772,1.0003198770874782,1.0003637033517416
TWN,31T33,1.0004606370937223,1.0003208621179132,1.0003637033517416
TWN,35,1.0004091104531259,1.0001150891825161,1.0003637033517416
TWN,36T39,1.000538971132966,1.0002990517102879,1.0003637033517416
TWN,41T43,1.000361435397676,1.0003226183360072,1.0003637033517416
TWN,45T47,1.0001679500217309,1.0003001317127576,1.0003637033517416
TWN,49,1.0001490610523993,1.0002573506570689,1.0003637033517416
TWN,50,0.9999106151825224,1.0002384562454258,1.0003637033517416
TWN,51,0.9994157833670233,1.0002224456322009,1.0003637033517416
TWN,52,0.9999171914291505,1.0002900258465133,1.0003637033517416
TWN,53,1.000256876061466,1.0002865562170709,1.0003637033517416
TWN,55T56,1.0003321455651528,1.000299929387741,1.0003637033517416
TWN,58T60,1.0000684800582567,1.0002847827303014,1.0003637033517416
TWN,61,1.0002295817577955,1.000295440722672,1.0003637033517416
TWN,62T63,0.9998550874402712,1.0002941599298447,1.0003637033517416
TWN,64T66,1.000214242856304,1.000300760007071,1.0003637033517416
TWN,68,1.000339135428188,1.000304208229347,1.0003637033517416
TWN,69T75,1.0000847499049483,1.0002961245716024,1.0003637033517416
TWN,77T82,1.0002106952840115,1.0003005864056778,1.0003637033517416
TWN,84,1.0003594312567483,1.0003084774308133,1.0003637033517416
TWN,85,1.000359836168429,1.0003044722543604,1.0003637033517416
TWN,86T88,1.000341844799725,1.000299685816855,1.0003637033517416
TWN,90T93,1.000263142296597,1.0002980938791983,1.0003637033517416
TWN,94T98,1.0003548177786215,1.0003008467921986,1.0003637033517416
USA,01T02,0.9989726856928521,1.000636492496575,1.0003552102097018
USA,03,1.0003321093958497,1.000176626449317,1.0003552102097018
USA,05T06,0.9987872602330675,1.0003445308358614,1.0003552102097018
USA,07T08,0.9999911407557742,1.0003776106683084,1.0003552102097018
USA,10T12,1.0000039513551418,1.0007057808068214,1.0003552102097018
USA,13T15,1.000043130278407,1.0003727259657909,1.0003552102097018
USA,16,1.0000503762900048,1.0004991777715428,1.0003552102097018
USA,17T18,0.999992607991685,1.0004078271500567,1.0003552102097018
USA,19,0.99962732235747,1.000720035803906,1.0003552102097018
USA,20,0.9996877004624535,1.000455292855845,1.0003552102097018
USA,21,1.0000781056220966,1.0002371884668662,1.0003552102097018
USA,22,1.0002634103123498,1.0004359357190675,1.0003552102097018
USA,23,0.9998269854189439,1.0004505545718443,1.0003552102097018
USA,24,1.0004684020242975,1.000551178358132,1.0003552102097018
USA,25,1.0003284562784405,1.000392620356752,1.0003552102097018
USA,26,1.0003997844161205,1.000174725807131,1.0003552102097018
USA,27,1.0005200804375278,1.0003221043478672,1.0003552102097018
USA,28,1.000264072630949,1.000315177784884,1.0003552102097018
USA,29T30,1.0002803756900862,1.0003069960066997,1.0003552102097018
USA,31T33,1.0007138331989383,1.0002766747570522,1.0003552102097018
USA,35,0.9962486150941514,1.0003980121799128,1.0003552102097018
USA,36T39,1.0000969822491002,1.0002273815111629,1.0003552102097018
USA,41T43,1.0002445896520655,1.0003126841012022,1.0003552102097018
USA,45T47,1.0001699738071141,1.000242073840812,1.0003552102097018
USA,49,0.9997584720964195,1.0002611998492705,1.0003552102097018
USA,50,0.999565277969397,1.000282646428459,1.0003552102097018
USA,51,0.9993154683072254,1.0002403068908838,1.0003552102097018
USA,52,0.9998598048127456,1.0003599843845123,1.0003552102097018
USA,53,0.9998135821869911,1.0002657090810536,1.0003552102097018
USA,55T56,1.000254846148421,1.0002920566857245,1.0003552102097018
USA,58T60,1.0002772875055683,1.0001786398361223,1.0003552102097018
USA,61,1.0002519517954263,1.00020066360722,1.0003552102097018
USA,62T63,1.0001713713487081,1.000173912334788,1.0003552102097018
USA,64T66,1.0001988934176613,1.000174311583081,1.0003552102097018
USA,68,1.0002840772346457,1.0002565155319425,1.0003552102097018
USA,69T75,1.0001758412175514,1.0001920159633217,1.0003552102097018
USA,77T82,1.0001164946641958,1.000197122830571,1.0003552102097018
USA,84,1.0002406225239369,1.0002377941774103,1.0003552102097018
USA,85,1.0002722439264937,1.0002164492790893,1.0003552102097018
USA,86T88,1.0003403313858645,1.0002019518106027,1.0003552102097018
USA,90T93,1.0002953586741041,1.0002177303464403,1.0003552102097018
USA,94T98,1.000315129763706,1.0002070566883658,1.0003552102097018
VNM,01T02,1.000280125165564,1.000219479680233,1.0001908680153346
VNM,03,1.000354509189122,1.000213860499701,1.0001908680153346
VNM,05T06,0.9990699836827147,1.0002530628828954,1.0001908680153346
VNM,07T08,0.999420436558919,1.0002302418498685,1.0001908680153346
VNM,10T12,1.0005274008342928,1.0002165130292757,1.0001908680153346
VNM,13T15,1.0003926651476325,1.000285702453698,1.0001908680153346
VNM,16,1.000652759141897,1.0002193318240926,1.0001908680153346
VNM,17T18,1.0003057321631592,1.0002515448330989,1.0001908680153346
VNM,19,0.9999989809867801,1.0001730651706893,1.0001908680153346
VNM,20,1.0006076303392886,1.0002487321414564,1.0001908680153346
VNM,21,1.0002888076419796,1.0002366155827371,1.0001908680153346
VNM,22,1.0008818782910534,1.0002812122571454,1.0001908680153346
VNM,23,0.9995584416093748,1.0002285122262145,1.0001908680153346
VNM,24,1.0011837960929517,1.0004368777376489,1.0001908680153346
VNM,25,1.000657967137202,1.000429656499934,1.0001908680153346
VNM,26,1.0002113411836442,1.0003115704722978,1.0001908680153346
VNM,27,1.0005500950906026,1.000355305505164,1.0001908680153346
VNM,28,1.000194085248966,1.0004016136588956,1.0001908680153346
VNM,29T30,1.0001751497164837,1.0003081395605156,1.0001908680153346
VNM,31T33,1.0005005704675045,1.0002898981184474,1.0001908680153346
VNM,35,1.000329437667555,1.0002214792006097,1.0001908680153346
VNM,36T39,1.0002170321956088,1.0002289056662454,1.0001908680153346
VNM,41T43,1.0001843454800237,1.0003077947987653,1.0001908680153346
VNM,45T47,1.000111206653746,1.0002142429613052,1.0001908680153346
VNM,49,0.9999622456243086,1.000205327271711,1.0001908680153346
VNM,50,0.9992714758475626,1.0002147913870298,1.0001908680153346
VNM,51,0.9995330504777127,1.000214022540411,1.0001908680153346
VNM,52,1.000099893565466,1.0002169522219166,1.0001908680153346
VNM,53,1.0001144584945612,1.0002052938426838,1.0001908680153346
VNM,55T56,1.000201778526847,1.0002094214723218,1.0001908680153346
VNM,58T60,1.0001539596088431,1.000214180408982,1.0001908680153346
VNM,61,1.0001749801022244,1.0002136754933664,1.0001908680153346
VNM,62T63,0.9999430879242334,1.0001736508881969,1.0001908680153346
VNM,64T66,1.0001324207590963,1.0001935218841005,1.0001908680153346
VNM,68,1.0001534669250687,1.0002162448952743,1.0001908680153346
VNM,69T75,1.0001371046104346,1.000225859393923,1.0001908680153346
VNM,77T82,1.0001308493402006,1.0002150613328182,1.0001908680153346
VNM,84,1.000193001564907,1.0002183020524762,1.0001908680153346
VNM,85,1.0001748600023173,1.0002072883333701,1.0001908680153346
VNM,86T88,1.0001834651581376,1.0002328495956554,1.0001908680153346
VNM,90T93,1.0001762423235712,1.0002047387054307,1.0001908680153346
VNM,94T98,1.0001827958599823,1.0002444164702993,1.0001908680153346
ZAF,01T02,0.999997710830993,0.9999475397496568,0.9998511346596244
ZAF,03,1.0000773683671211,0.9998900031629016,0.9998511346596244
ZAF,05T06,0.9989676233294257,0.9999340209640059,0.9998511346596244
ZAF,07T08,0.999135782996342,0.9999423581439814,0.9998511346596244
ZAF,10T12,1.0002867502998247,0.9999193367437534,0.9998511346596244
ZAF,13T15,1.0010312143082412,0.9999518679172998,0.9998511346596244
ZAF,16,1.0007083981664266,0.9999254909260437,0.9998511346596244
ZAF,17T18,1.0003968809630601,0.9999358165180888,0.9998511346596244
ZAF,19,0.9998689463566992,0.9998976397400681,0.9998511346596244
ZAF,20,1.000395338685221,0.9999735420734364,0.9998511346596244
ZAF,21,1.0003406041482548,0.9999578406168467,0.9998511346596244
ZAF,22,1.0004039745568216,0.9999938735569214,0.9998511346596244
ZAF,23,1.0003045222318971,0.9999343020318352,0.9998511346596244
ZAF,24,0.9946542813814379,0.9999609564064321,0.9998511346596244
ZAF,25,1.0008121583005873,0.9999684364004049,0.9998511346596244
ZAF,26,1.000331042112192,1.000025406358234,0.9998511346596244
ZAF,27,1.0006895870444612,0.999982775196572,0.9998511346596244
ZAF,28,1.0004470023486416,1.000001532407167,0.9998511346596244
ZAF,29T30,1.000555119510036,1.0000339736361836,0.9998511346596244
ZAF,31T33,0.9982285075868814,0.9999659208710695,0.9998511346596244
ZAF,35,0.9995145196091804,0.9999325619200992,0.9998511346596244
ZAF,36T39,0.9997660527759413,0.9999038978910785,0.9998511346596244
ZAF,41T43,0.9998698864989004,0.9999687076240398,0.9998511346596244
ZAF,45T47,0.9999584571602861,0.9998943798396093,0.9998511346596244
ZAF,49,0.99993959334724,0.9999034484164168,0.9998511346596244
ZAF,50,0.9966199573355731,0.9999004460863301,0.9998511346596244
ZAF,51,0.9999605280557822,0.9999234312188204,0.9998511346596244
ZAF,52,0.9995870254702003,0.9999197574178859,0.9998511346596244
ZAF,53,1.0000814822967974,0.9999214382344461,0.9998511346596244
ZAF,55T56,1.0001502211721363,0.9998893397118778,0.9998511346596244
ZAF,58T60,1.0001181501650704,0.99992071622476,0.9998511346596244
ZAF,61,1.0000102347000615,0.9999685552445432,0.9998511346596244
ZAF,62T63,0.9998960147978416,0.9999162019674956,0.9998511346596244
ZAF,64T66,0.999938312076885,0.9998693302431885,0.9998511346596244
ZAF,68,0.999891436923059,0.9998782793663297,0.9998511346596244
ZAF,69T75,0.9999703354817281,0.9998970847722921,0.9998511346596244
ZAF,77T82,0.9999080003218326,0.9999053773693247,0.9998511346596244
ZAF,84,0.9998518419987308,0.9998959356819507,0.9998511346596244
ZAF,85,0.9998767170944378,0.9998697442113149,0.9998511346596244
ZAF,86T88,0.9998697756854003,0.999898511445361,0.9998511346596244
ZAF,90T93,0.999848214743135,0.999912412030794,0.9998511346596244
ZAF,94T98,0.999847057624984,0.9998568605851549,0.9998511346596244
