country,sector,output_hat,price_hat,spending_hat
ARG,01T02,1.0072086791440567,1.013491032890851,1.0125916589707669
ARG,03,1.018801621302357,1.0133020639137076,1.0125916589707669
ARG,05T06,0.9850468616499422,1.0132705885614959,1.0125916589707669
ARG,07T08,1.0264495510199534,1.0129933014990165,1.0125916589707669
ARG,10T12,1.0324088563681983,1.0133533639068568,1.0125916589707669
ARG,13T15,1.0183388922639576,1.0139621874055724,1.0125916589707669
ARG,16,1.0314173630526016,1.0138660153956476,1.0125916589707669
ARG,17T18,1.0191997183670825,1.0140153419348155,1.0125916589707669
ARG,19,1.0166918697862957,1.0134398204916473,1.0125916589707669
ARG,20,1.0304577404532715,1.015637871226468,1.0125916589707669
ARG,21,1.0170386673169305,1.0141215672315258,1.0125916589707669
ARG,22,1.0166364748455001,1.0157258042853647,1.0125916589707669
ARG,23,1.018068096559365,1.0134560123085499,1.0125916589707669
ARG,24,1.0394021729453216,1.013422337144927,1.0125916589707669
ARG,25,1.0382633958659158,1.0145380332126437,1.0125916589707669
ARG,26,1.02043337944944,1.0162109670500996,1.0125916589707669
ARG,27,1.0373202187167385,1.014767771464172,1.0125916589707669
ARG,28,1.0213296044186904,1.0152583712420062,1.0125916589707669
ARG,29T30,1.0021697218523502,1.0139509308521892,1.0125916589707669
ARG,31T33,1.0197773025765848,1.0143595652946849,1.0125916589707669
ARG,35,1.0098612089147356,1.0130981379217403,1.0125916589707669
ARG,36T39,1.01482969765365,1.0131727077953319,1.0125916589707669
ARG,41T43,1.012519882719109,1.0138863824971363,1.0125916589707669
ARG,45T47,1.0094473289380028,1.0130805573470996,1.0125916589707669
ARG,49,1.0121157899335878,1.0132466155265487,1.0125916589707669
ARG,50,0.9939076406379549,1.0137474141385645,1.0125916589707669
ARG,51,0.9739695392958034,1.0138936860831365,1.0125916589707669
ARG,52,1.0128912831197519,1.0132536427152647,1.0125916589707669
ARG,53,1.0151674364292256,1.013247221002907,1.0125916589707669
ARG,55T56,1.0155893890058842,1.0133087334965842,1.0125916589707669
ARG,58T60,1.0140595841237574,1.0134148563289163,1.0125916589707669
ARG,61,1.0125331082826874,1.0134903598292568,1.0125916589707669
ARG,62T63,1.004406458768604,1.0133092815854086,1.0125916589707669
ARG,64T66,1.012398053744964,1.013135747111947,1.0125916589707669
ARG,68,1.0117194802650717,1.013167399620348,1.0125916589707669
ARG,69T75,1.0139405135113828,1.013246198244956,1.0125916589707669
ARG,77T82,1.011777605703974,1.0132610890121618,1.0125916589707669
ARG,84,1.0125251737668712,1.0130876263252493,1.0125916589707669
ARG,85,1.012684243537114,1.0130198187056882,1.0125916589707669
ARG,86T88,1.012542498396915,1.013268284521067,1.0125916589707669
ARG,90T93,1.0122602867856438,1.0132694025768014,1.0125916589707669
ARG,94T98,1.0125388222039324,1.0135017784453715,1.0125916589707669
AUS,01T02,0.9815108875883546,1.0112264847223813,1.0094688296230157
AUS,03,1.0152063022765958,1.012367607472529,1.0094688296230157
AUS,05T06,0.9264280918393323,1.0105894922254524,1.0094688296230157
AUS,07T08,1.062250323623067,1.0110568818459844,1.0094688296230157
AUS,10T12,1.0412369232499015,1.0114922895615865,1.0094688296230157
AUS,13T15,1.060050097256228,1.0117568398939776,1.0094688296230157
AUS,16,1.0384406286507486,1.0119615037454497,1.0094688296230157
AUS,17T18,1.0272406435386063,1.0119831334598839,1.0094688296230157
AUS,19,1.0141019098979402,1.0112060365005207,1.0094688296230157
AUS,20,1.0308540093796699,1.0119901560568385,1.0094688296230157
AUS,21,1.0250395020141367,1.0121470966034218,1.0094688296230157
AUS,22,1.0524478962319515,1.0134306708782939,1.0094688296230157
AUS,23,1.0276626535466584,1.0118779963598872,1.0094688296230157
AUS,24,1.2317205095042258,1.0117809210310034,1.0094688296230157
AUS,25,1.047662656255208,1.0142423612587603,1.0094688296230157
AUS,26,1.0242765659810527,1.013288231484717,1.0094688296230157
AUS,27,1.0556158210634032,1.0148257273136614,1.0094688296230157
AUS,28,1.032437493127684,1.0142803320936518,1.0094688296230157
AUS,29T30,1.0345149808698926,1.0144760957531693,1.0094688296230157
AUS,31T33,1.0274828158947116,1.0136638082942269,1.0094688296230157
AUS,35,1.0193486616931131,1.0104433601060148,1.0094688296230157
AUS,36T39,1.0105076926873715,1.0106204108009718,1.0094688296230157
AUS,41T43,1.0099579363167592,1.0125809689472338,1.0094688296230157
AUS,45T47,1.0102221856694136,1.0106782965878196,1.0094688296230157
AUS,49,1.0139058653203252,1.0117152368484486,1.0094688296230157
AUS,50,1.0171854341749904,1.011018213807215,1.0094688296230157
AUS,51,1.0052521734638813,1.0129285451497383,1.0094688296230157
AUS,52,1.011958692318145,1.0101562669692878,1.0094688296230157
AUS,53,1.0113113335928794,1.0115072073244267,1.0094688296230157
AUS,55T56,1.0160480414282311,1.0106815194772532,1.0094688296230157
AUS,58T60,1.0140317424519725,1.0106565869426614,1.0094688296230157
AUS,61,1.0122355437341128,1.0107442593867744,1.0094688296230157
AUS,62T63,1.0103901777330833,1.0100670086779546,1.0094688296230157
AUS,64T66,1.008538150999398,1.0097557604409797,1.0094688296230157
AUS,68,1.0098346017325759,1.0097829854554154,1.0094688296230157
AUS,69T75,1.0107291043222861,1.01012180362593,1.0094688296230157
AUS,77T82,1.0120374163672265,1.010144143590769,1.0094688296230157
AUS,84,1.0100018166897438,1.0102931353902662,1.0094688296230157
AUS,85,1.0090023814870483,1.0102011732967509,1.0094688296230157
AUS,86T88,1.0095585629798625,1.0104049522607206,1.0094688296230157
AUS,90T93,1.0099401497168023,1.010354834739205,1.0094688296230157
AUS,94T98,1.0101500365469473,1.0103220454113713,1.0094688296230157
AUT,01T02,0.9918559016435874,1.0379623107908102,1.0325149232506512
AUT,03,1.0273881501951152,1.029318413009659,1.0325149232506512
AUT,05T06,0.8704546534769023,1.033494088374128,1.0325149232506512
AUT,07T08,0.9821615166432167,1.0351609721875206,1.0325149232506512
AUT,10T12,1.026353702160334,1.0379654020588929,1.0325149232506512
AUT,13T15,1.0112970303709061,1.0265037335547968,1.0325149232506512
AUT,16,1.0110595403316902,1.0393196128190643,1.0325149232506512
AUT,17T18,0.9769504480219061,1.0344277573380263,1.0325149232506512
AUT,19,0.9878456481555795,1.0579352335138352,1.0325149232506512
AUT,20,1.009203800367909,1.0392560623190379,1.0325149232506512
AUT,21,1.011331398888032,1.0261247733314152,1.0325149232506512
AUT,22,1.034174629678934,1.031861625247807,1.0325149232506512
AUT,23,1.0081156786822913,1.0346767844483598,1.0325149232506512
AUT,24,1.01828440580515,1.0462951012965915,1.0325149232506512
AUT,25,1.0194572409079456,1.0346140613728665,1.0325149232506512
AUT,26,1.0199403081333538,1.0254362931401035,1.0325149232506512
AUT,27,1.0276275363742682,1.0293000397851608,1.0325149232506512
AUT,28,1.021183097399548,1.027884220724295,1.0325149232506512
AUT,29T30,1.0186309075013864,1.0281788974498618,1.0325149232506512
AUT,31T33,1.0201526058897594,1.0314100787699945,1.0325149232506512
AUT,35,1.0213827564734017,1.0521340473654657,1.0325149232506512
AUT,36T39,1.0178676007673588,1.0254688270961105,1.0325149232506512
AUT,41T43,1.0260125042460926,1.0290097236648201,1.0325149232506512
AUT,45T47,1.013712889777774,1.022980784009015,1.0325149232506512
AUT,49,0.9970180719920048,1.0255982787235063,1.0325149232506512
AUT,50,1.0330307759558868,1.028456997351572,1.0325149232506512
AUT,51,0.9893252500292913,1.0263091293314592,1.0325149232506512
AUT,52,1.0124263677265715,1.022726706840751,1.0325149232506512
AUT,53,1.018066529833797,1.0222207248251234,1.0325149232506512
AUT,55T56,1.0264270522049397,1.0243204880594332,1.0325149232506512
AUT,58T60,1.0081569877950605,1.0241702187652089,1.0325149232506512
AUT,61,1.0158635712792097,1.021880975680926,1.0325149232506512
AUT,62T63,1.0039116958545744,1.0203123344049176,1.0325149232506512
AUT,64T66,1.014509664408144,1.0208718768052827,1.0325149232506512
AUT,68,1.0273775246974415,1.0219683182163695,1.0325149232506512
AUT,69T75,1.0104626095947422,1.0220685023758824,1.0325149232506512
AUT,77T82,1.0180605129381135,1.0221375994996655,1.0325149232506512
AUT,84,1.0296669236240283,1.0223581483128183,1.0325149232506512
AUT,85,1.0294960500213275,1.021537645979805,1.0325149232506512
AUT,86T88,1.0300869041436327,1.0230527966824918,1.0325149232506512
AUT,90T93,1.025840769046995,1.022777344943182,1.0325149232506512
AUT,94T98,1.0278327154780131,1.0226470570730462,1.0325149232506512
BEL,01T02,0.9519909817391446,1.0397478494140906,1.029820984665841
BEL,03,1.0220080739974409,1.0264138040901538,1.029820984665841
BEL,05T06,0.0480468976476112,1.1261391323541274,1.029820984665841
BEL,07T08,0.9972619730865874,1.0285625590902887,1.029820984665841
BEL,10T12,1.0026293384606584,1.0439029398358906,1.029820984665841
BEL,13T15,0.9973381582278391,1.0275443301242766,1.029820984665841
BEL,16,1.0268695139380448,1.0343934790431872,1.029820984665841
BEL,17T18,1.0071470738066837,1.0305967075607185,1.029820984665841
BEL,19,0.9901568082453066,1.0458676745572086,1.029820984665841
BEL,20,0.9807123219091182,1.0338612946157084,1.029820984665841
BEL,21,1.0112710211870968,1.022261863743087,1.029820984665841
BEL,22,1.0174610137080515,1.036906488400083,1.029820984665841
BEL,23,0.9793124031106262,1.0319152295557792,1.029820984665841
BEL,24,1.11577515395117,1.0457409075051833,1.029820984665841
BEL,25,1.0235492721557715,1.033441052135997,1.029820984665841
BEL,26,1.0192177512871388,1.0246872085503054,1.029820984665841
BEL,27,1.0218703517733485,1.0319771097718133,1.029820984665841
BEL,28,1.0195869264256223,1.0282864258735736,1.029820984665841
BEL,29T30,1.0221011473968107,1.0259849516714752,1.029820984665841
BEL,31T33,1.0418607257694614,1.024684375622233,1.029820984665841
BEL,35,0.9710762944931798,1.0351726311769633,1.029820984665841
BEL,36T39,1.0407096426945592,1.0248214048328208,1.029820984665841
BEL,41T43,1.0247249093713569,1.0281508160795545,1.029820984665841
BEL,45T47,1.0111577153196258,1.021025613043373,1.029820984665841
BEL,49,1.0095826025695078,1.0236592233990627,1.029820984665841
BEL,50,0.7903601090898156,1.036703715385811,1.029820984665841
BEL,51,0.9901254667709396,1.033335215976168,1.029820984665841
BEL,52,0.9988087280671579,1.024448434249853,1.029820984665841
BEL,53,1.0065418039277625,1.0246736153824156,1.029820984665841
BEL,55T56,1.020455149527926,1.0262513882468358,1.029820984665841
BEL,58T60,1.0063152390061374,1.0203711937943551,1.029820984665841
BEL,61,1.0127322592206482,1.0185952413907189,1.029820984665841
BEL,62T63,1.0061141746804956,1.0197281807472494,1.029820984665841
BEL,64T66,1.0124198752544724,1.0164128024638945,1.029820984665841
BEL,68,1.0246315607597385,1.0177695580269066,1.029820984665841
BEL,69T75,1.0098511832230253,1.018962910560122,1.029820984665841
BEL,77T82,1.009806327925977,1.0220029253282952,1.029820984665841
BEL,84,1.0274805233165603,1.018132627473346,1.029820984665841
BEL,85,1.0279346056571326,1.017107785313794,1.029820984665841
BEL,86T88,1.0281511350136836,1.0203482150705865,1.029820984665841
BEL,90T93,1.022751730307447,1.021419144913279,1.029820984665841
BEL,94T98,1.0239131651766193,1.0205549104262257,1.029820984665841
BGR,01T02,0.7924113891207861,1.0341768614893567,1.0365635795328136
BGR,03,1.003856039154972,1.0416082688582637,1.0365635795328136
BGR,05T06,0.8823801860712197,1.0555296993981909,1.0365635795328136
BGR,07T08,0.9818185887394517,1.0300383766771186,1.0365635795328136
BGR,10T12,0.997177206603796,1.0458514459177015,1.0365635795328136
BGR,13T15,1.0408976098191847,1.0175173296351225,1.0365635795328136
BGR,16,0.9411636261289563,1.0523580464308215,1.0365635795328136
BGR,17T18,0.9910675220134759,1.0303304185719884,1.0365635795328136
BGR,19,0.9355578564503545,1.040548618270259,1.0365635795328136
BGR,20,0.7117604151841309,1.0516089444653596,1.0365635795328136
BGR,21,0.7875034457776966,1.0445567645236324,1.0365635795328136
BGR,22,1.037995589633521,1.0301284208933803,1.0365635795328136
BGR,23,0.7916780714735886,1.0509777440899026,1.0365635795328136
BGR,24,1.1321771803689522,1.0551315049145327,1.0365635795328136
BGR,25,1.028776070476086,1.0277635865791017,1.0365635795328136
BGR,26,1.0254820918363543,1.020569636446103,1.0365635795328136
BGR,27,1.025472462921633,1.028972732672033,1.0365635795328136
BGR,28,1.019451764052978,1.0271994437741598,1.0365635795328136
BGR,29T30,1.0287219025701353,1.0222396136281096,1.0365635795328136
BGR,31T33,1.0510457098850488,1.017072193360765,1.0365635795328136
BGR,35,0.6798535540935815,1.02710465130313,1.0365635795328136
BGR,36T39,1.0097848288361717,1.040781782583631,1.0365635795328136
BGR,41T43,1.0206674477897042,1.031414042181347,1.0365635795328136
BGR,45T47,1.0024362777069669,1.0110296130497007,1.0365635795328136
BGR,49,0.9420895011051572,1.0209651719002746,1.0365635795328136
BGR,50,0.9228769968844545,1.0246891287672717,1.0365635795328136
BGR,51,1.0547514542430365,1.023800516240789,1.0365635795328136
BGR,52,0.9910016265001513,1.0188721636414175,1.0365635795328136
BGR,53,1.0152066406447366,1.007171099750035,1.0365635795328136
BGR,55T56,1.019283965535087,1.0175511287919339,1.0365635795328136
BGR,58T60,1.0448388635349486,1.001274508513695,1.0365635795328136
BGR,61,1.0287764223583482,1.0099749469565265,1.0365635795328136
BGR,62T63,1.0251699382495751,1.0003778630601292,1.0365635795328136
BGR,64T66,1.0137073533855925,0.9983743207249312,1.0365635795328136
BGR,68,1.0296327401061145,1.0041344722774839,1.0365635795328136
BGR,69T75,1.0225754637174445,1.0025060133338939,1.0365635795328136
BGR,77T82,1.017476477679394,1.0073604657886253,1.0365635795328136
BGR,84,1.0341695313448327,1.0044186319408765,1.0365635795328136
BGR,85,1.0349072960093864,0.9950180559424023,1.0365635795328136
BGR,86T88,1.032267316311858,1.0075738797660685,1.0365635795328136
BGR,90T93,1.028982561810812,1.0061841070116586,1.0365635795328136
BGR,94T98,1.0236106734452783,1.0122066297416223,1.0365635795328136
BRA,01T02,0.4893997017967416,1.0072210462950293,0.9891792488414595
BRA,03,0.9850379022967045,0.964184664358022,0.9891792488414595
BRA,05T06,0.8695165159531693,0.9850780308825776,0.9891792488414595
BRA,07T08,1.0217945803152946,0.9773370159661632,0.9891792488414595
BRA,10T12,0.9234186598540393,1.1209940788453938,0.9891792488414595
BRA,13T15,1.014603978611681,0.9948474207385133,0.9891792488414595
BRA,16,0.9970525324885572,1.0194735263259402,0.9891792488414595
BRA,17T18,0.9966932578433481,1.0069555588482408,0.9891792488414595
BRA,19,0.9114172333770195,1.0348365045949803,0.9891792488414595
BRA,20,0.870510458337691,1.0373965489857573,0.9891792488414595
BRA,21,1.0017175962939437,0.9752566590346545,0.9891792488414595
BRA,22,0.9902601848559159,1.0068831583238598,0.9891792488414595
BRA,23,0.8283619653912342,0.99802576536613,0.9891792488414595
BRA,24,0.947427961260685,1.0085157164889968,0.9891792488414595
BRA,25,0.9987351538371427,1.0041755383728612,0.9891792488414595
BRA,26,1.0183714038859406,0.9832960579881193,0.9891792488414595
BRA,27,1.019130897199851,0.9978500940038538,0.9891792488414595
BRA,28,1.0240606016905682,0.9890086633696633,0.9891792488414595
BRA,29T30,1.0357177293108504,0.9924148639002871,0.9891792488414595
BRA,31T33,1.0018018430864108,0.9849383737796542,0.9891792488414595
BRA,35,0.9207283348514028,0.9850071243882573,0.9891792488414595
BRA,36T39,0.9807145547545614,0.9701758279707204,0.9891792488414595
BRA,41T43,0.9871023794343,0.9913623634913314,0.9891792488414595
BRA,45T47,0.9853795257471821,0.9687454472582427,0.9891792488414595
BRA,49,0.9406418261189294,0.9847153763938712,0.9891792488414595
BRA,50,0.9142702424130565,0.985030051161193,0.9891792488414595
BRA,51,0.9355225845802799,0.9916431644401632,0.9891792488414595
BRA,52,0.9985607210919908,0.9686647342281618,0.9891792488414595
BRA,53,0.9854192852906047,0.9672464105153116,0.9891792488414595
BRA,55T56,0.9935438367660289,0.9987586966470905,0.9891792488414595
BRA,58T60,1.0294138790984975,0.9806629302624624,0.9891792488414595
BRA,61,0.9942418415771874,0.965522339772349,0.9891792488414595
BRA,62T63,1.0241909303906693,0.962826052738188,0.9891792488414595
BRA,64T66,0.9822916832555205,0.9612214275143912,0.9891792488414595
BRA,68,0.991476294103549,0.9583823402187786,0.9891792488414595
BRA,69T75,1.0034355929780745,0.964284800533904,0.9891792488414595
BRA,77T82,0.9948873762580276,0.9661306225789942,0.9891792488414595
BRA,84,0.9890166264932825,0.9626111270814846,0.9891792488414595
BRA,85,0.9894843187908743,0.961565221887283,0.9891792488414595
BRA,86T88,0.9895134129945148,0.9668504367101554,0.9891792488414595
BRA,90T93,1.0031651785586946,0.9672541396986745,0.9891792488414595
BRA,94T98,0.9881476639617269,0.975635162952619,0.9891792488414595
BRN,01T02,1.011968655612213,0.9991271290554914,0.9887237749648854
BRN,03,1.011261931099009,0.9947654885803522,0.9887237749648854
BRN,05T06,0.9775705262228495,0.9924427326579582,0.9887237749648854
BRN,07T08,1.1160343980949088,0.9907095047537419,0.9887237749648854
BRN,10T12,1.0630708259558443,1.0030759040808808,0.9887237749648854
BRN,13T15,1.0685621912504608,1.0005769281080044,0.9887237749648854
BRN,16,1.0877793003991536,1.001411217085766,0.9887237749648854
BRN,17T18,1.017612757113989,1.003881931174092,0.9887237749648854
BRN,19,0.9952696681136429,0.991686538580796,0.9887237749648854
BRN,20,1.1651332062434385,0.9920291430709989,0.9887237749648854
BRN,21,1.086735327240921,0.9929037096821838,0.9887237749648854
BRN,22,1.0572193251967927,1.0050517642951093,0.9887237749648854
BRN,23,1.0839631849278748,1.0000250625180886,0.9887237749648854
BRN,24,1.4413985040636625,0.9919551548131391,0.9887237749648854
BRN,25,1.090974800988572,1.0242155811827134,0.9887237749648854
BRN,26,1.0152750288447894,0.999415030023636,0.9887237749648854
BRN,27,1.081251344430997,1.0003933804505447,0.9887237749648854
BRN,28,1.0670657600240376,0.9985239726302088,0.9887237749648854
BRN,29T30,1.0367076879015484,0.9970162122045589,0.9887237749648854
BRN,31T33,0.9566674665225371,1.0016974458205783,0.9887237749648854
BRN,35,0.99489563004698,0.9936265445943054,0.9887237749648854
BRN,36T39,0.9901893593971901,0.995114710603977,0.9887237749648854
BRN,41T43,0.9889334749378095,1.0039997001520473,0.9887237749648854
BRN,45T47,1.0026514824184425,0.9974404167153066,0.9887237749648854
BRN,49,1.0085715673609472,0.9934963231642348,0.9887237749648854
BRN,50,0.9962245532372466,0.9935309344547313,0.9887237749648854
BRN,51,1.005552963255817,0.9928935208573825,0.9887237749648854
BRN,52,1.035541704772266,0.9960172658464629,0.9887237749648854
BRN,53,1.0295149811028228,0.9999568788186174,0.9887237749648854
BRN,55T56,1.0220413060494713,1.0021411211085183,0.9887237749648854
BRN,58T60,1.029595392548208,0.993749245569851,0.9887237749648854
BRN,61,0.9949678075960164,0.9996524749717683,0.9887237749648854
BRN,62T63,1.012303112116266,0.996230817806827,0.9887237749648854
BRN,64T66,0.999102137652594,0.9930865044814213,0.9887237749648854
BRN,68,0.9982525686136048,0.9914829403624678,0.9887237749648854
BRN,69T75,1.0020315461571692,0.9956575431712462,0.9887237749648854
BRN,77T82,1.0098022803714195,0.9968073395703159,0.9887237749648854
BRN,84,0.9896525908003229,0.9951175164214713,0.9887237749648854
BRN,85,0.9906369369116267,0.9964443723495245,0.9887237749648854
BRN,86T88,0.9910606733809861,0.9986690965764718,0.9887237749648854
BRN,90T93,1.0127677515966038,1.0015328568762032,0.9887237749648854
BRN,94T98,1.0135543137902796,0.9945615362917508,0.9887237749648854
CAN,01T02,0.9516561806389382,1.0134401406235107,1.0096357612637286
CAN,03,1.0253980926685535,1.012929388500369,1.0096357612637286
CAN,05T06,0.9151381447065878,1.0117838949859028,1.0096357612637286
CAN,07T08,1.066206389336553,1.0120817620976856,1.0096357612637286
CAN,10T12,1.046933399491319,1.0138048991965989,1.0096357612637286
CAN,13T15,1.054404220025701,1.0143080411160443,1.0096357612637286
CAN,16,1.047729854445011,1.012921085646957,1.0096357612637286
CAN,17T18,1.0302224521536476,1.014062396183649,1.0096357612637286
CAN,19,0.9957211967795228,1.0115044716140549,1.0096357612637286
CAN,20,1.0100728405854338,1.0149761753015454,1.0096357612637286
CAN,21,1.0219640905795204,1.013594999404368,1.0096357612637286
CAN,22,1.041841127627796,1.0157579005359443,1.0096357612637286
CAN,23,1.033460444157193,1.014147185228479,1.0096357612637286
CAN,24,1.1658073850307886,1.01888380207047,1.0096357612637286
CAN,25,1.070607794820365,1.0169751805093994,1.0096357612637286
CAN,26,1.0256885368783,1.0145602410420023,1.0096357612637286
CAN,27,1.0500121621072922,1.0178794695560653,1.0096357612637286
CAN,28,1.0308718433757664,1.015985061594926,1.0096357612637286
CAN,29T30,1.0330653139903088,1.018010853083923,1.0096357612637286
CAN,31T33,1.0323421331219698,1.0137901063855717,1.0096357612637286
CAN,35,1.0320926733962448,1.0107920018305285,1.0096357612637286
CAN,36T39,1.009850509577113,1.0114286940485047,1.0096357612637286
CAN,41T43,1.0093829215045127,1.0139191191371866,1.0096357612637286
CAN,45T47,1.0159723433033894,1.0108530139027796,1.0096357612637286
CAN,49,0.9975371831399329,1.0120372170666454,1.0096357612637286
CAN,50,0.9957928361089793,1.0138174968184295,1.0096357612637286
CAN,51,0.9347090257675256,1.012798199881532,1.0096357612637286
CAN,52,1.0110298288007284,1.0123595078688914,1.0096357612637286
CAN,53,1.0177974982147704,1.0116249885568005,1.0096357612637286
CAN,55T56,1.0152221879306162,1.0125404873379664,1.0096357612637286
CAN,58T60,1.0147208658990914,1.0118429780613312,1.0096357612637286
CAN,61,1.010197244835678,1.011513236930434,1.0096357612637286
CAN,62T63,1.007358451849472,1.010833606398205,1.0096357612637286
CAN,64T66,1.0101489479961685,1.0105790026651051,1.0096357612637286
CAN,68,1.010289495338139,1.010465630511405,1.0096357612637286
CAN,69T75,1.0094757941669585,1.0110142869820702,1.0096357612637286
CAN,77T82,1.0098064280256906,1.0114334191445038,1.0096357612637286
CAN,84,1.0101637258633176,1.011174477478844,1.0096357612637286
CAN,85,1.0104606140881178,1.0107069964506543,1.0096357612637286
CAN,86T88,1.0097969084258462,1.0112487277762854,1.0096357612637286
CAN,90T93,1.011641489312847,1.0119546866857223,1.0096357612637286
CAN,94T98,1.0099623844539671,1.011497926261907,1.0096357612637286
CHE,01T02,1.0341301793986728,1.024188874120722,1.0264537361688766
CHE,03,1.0149376187674373,1.0215255153710951,1.0264537361688766
CHE,05T06,1.0356084116079727,1.0212695136414602,1.0264537361688766
CHE,07T08,1.053730872840178,1.0233565481366547,1.0264537361688766
CHE,10T12,1.0461291607198875,1.0238571645252645,1.0264537361688766
CHE,13T15,1.0251260671812203,1.0235633915229096,1.0264537361688766
CHE,16,1.0516920737114899,1.0255585320646106,1.0264537361688766
CHE,17T18,1.0306289419172272,1.0243022498939975,1.0264537361688766
CHE,19,1.05001232860817,1.0219535763367313,1.0264537361688766
CHE,20,1.0695851467860193,1.0245855191168227,1.0264537361688766
CHE,21,1.0271068760107585,1.0235227158311824,1.0264537361688766
CHE,22,1.0502682204128235,1.0254252682492782,1.0264537361688766
CHE,23,1.056116313327587,1.024073342094157,1.0264537361688766
CHE,24,1.3172741167922584,1.0263519261879908,1.0264537361688766
CHE,25,1.0510630417017672,1.0256211106041009,1.0264537361688766
CHE,26,1.0188281539005393,1.0242934949387854,1.0264537361688766
CHE,27,1.0359968363980736,1.0256500247837224,1.0264537361688766
CHE,28,1.0268156793668264,1.0247933403341805,1.0264537361688766
CHE,29T30,1.0246332041796091,1.0242398971128446,1.0264537361688766
CHE,31T33,1.0393524131417204,1.0244928843545038,1.0264537361688766
CHE,35,1.0636777444455832,1.0232827866504581,1.0264537361688766
CHE,36T39,1.0329623092450424,1.0240064081882374,1.0264537361688766
CHE,41T43,1.0265648293793683,1.0245898015563684,1.0264537361688766
CHE,45T47,1.0162856232172799,1.0237130663198608,1.0264537361688766
CHE,49,1.0273344520796006,1.0237175775259342,1.0264537361688766
CHE,50,1.0450145125622887,1.0237113726305187,1.0264537361688766
CHE,51,1.0159710703343952,1.023397587963019,1.0264537361688766
CHE,52,1.016312028504077,1.023522708811228,1.0264537361688766
CHE,53,1.018354971086945,1.0231662814582128,1.0264537361688766
CHE,55T56,1.0198889045038917,1.0244168691909972,1.0264537361688766
CHE,58T60,1.0007719370833537,1.0225174498111473,1.0264537361688766
CHE,61,1.0175835306493255,1.0229780644773663,1.0264537361688766
CHE,62T63,0.9977723173464965,1.0210256435650267,1.0264537361688766
CHE,64T66,1.0080635320036333,1.0228246735796946,1.0264537361688766
CHE,68,1.024263933978278,1.0235336614120956,1.0264537361688766
CHE,69T75,1.0168784753977396,1.0227929260618052,1.0264537361688766
CHE,77T82,1.0217432813009293,1.0230901600166273,1.0264537361688766
CHE,84,1.024701101659134,1.0235012161598416,1.0264537361688766
CHE,85,1.0215946265780091,1.0231669277183546,1.0264537361688766
CHE,86T88,1.0260185980142347,1.0236220486085232,1.0264537361688766
CHE,90T93,1.0188350939889605,1.0231334493641693,1.0264537361688766
CHE,94T98,1.0242360713242313,1.0234498253465338,1.0264537361688766
CHL,01T02,1.0273725867359857,1.0403138854077953,1.042928972527968
CHL,03,1.0248400685851093,1.039687282020614,1.042928972527968
CHL,05T06,1.0155229886832047,1.0392980033295895,1.042928972527968
CHL,07T08,0.953009806763583,1.0409226622128989,1.042928972527968
CHL,10T12,1.0294359620649816,1.0398922639224029,1.042928972527968
CHL,13T15,0.9973891981741649,1.0376584692626272,1.042928972527968
CHL,16,1.0158513493694983,1.0402898493121038,1.042928972527968
CHL,17T18,0.9919870028149103,1.0395552029999628,1.042928972527968
CHL,19,1.0746963935949174,1.0114347821335712,1.042928972527968
CHL,20,1.0202574525892345,1.0384935810411546,1.042928972527968
CHL,21,1.0098600981771,1.0385374707499464,1.042928972527968
CHL,22,1.0073675296577653,1.038361507480118,1.042928972527968
CHL,23,1.0425842380045898,1.0389816455204017,1.042928972527968
CHL,24,1.3418162336218482,1.0406352000869061,1.042928972527968
CHL,25,1.0435804149827512,1.0421965563468634,1.042928972527968
CHL,26,1.025541571161496,1.0410825532579797,1.042928972527968
CHL,27,1.0274328066282377,1.039748440123752,1.042928972527968
CHL,28,1.0218801102211066,1.040823449230171,1.042928972527968
CHL,29T30,1.0090440985456428,1.04024334073499,1.042928972527968
CHL,31T33,1.018874657488459,1.0402365289428679,1.042928972527968
CHL,35,1.075621287724387,1.0349090941226355,1.042928972527968
CHL,36T39,1.0408833894900427,1.041310308511097,1.042928972527968
CHL,41T43,1.0411384002288897,1.0413793660606414,1.042928972527968
CHL,45T47,1.0166034659731085,1.041043976075459,1.042928972527968
CHL,49,1.0154298708058258,1.038982579926615,1.042928972527968
CHL,50,0.9224459001368541,1.0389726473484866,1.042928972527968
CHL,51,0.9270480569138634,1.0392107165139748,1.042928972527968
CHL,52,1.0073336373390531,1.0417468740957867,1.042928972527968
CHL,53,1.021024025978724,1.0415319267855017,1.042928972527968
CHL,55T56,1.030092179905416,1.0409027527777215,1.042928972527968
CHL,58T60,1.0146982083676424,1.0397247546277786,1.042928972527968
CHL,61,1.0356634331754961,1.0401116564917505,1.042928972527968
CHL,62T63,1.0120627805468063,1.041139957794191,1.042928972527968
CHL,64T66,1.0299152268718788,1.0415134479387798,1.042928972527968
CHL,68,1.0356146285508925,1.0424992315079376,1.042928972527968
CHL,69T75,1.043267044771521,1.0418531046208843,1.042928972527968
CHL,77T82,1.0259576713929055,1.0419311090483834,1.042928972527968
CHL,84,1.041201752754863,1.041268486149609,1.042928972527968
CHL,85,1.0423577412727654,1.042335314317349,1.042928972527968
CHL,86T88,1.0422000744894977,1.0412483283311327,1.042928972527968
CHL,90T93,1.0349488413724581,1.0420793018195635,1.042928972527968
CHL,94T98,1.0371470956492845,1.0416345280981496,1.042928972527968
CHN,01T02,0.9667003016070499,1.0284678818793147,1.0329671685726165
CHN,03,1.01269768584843,1.0142890096950965,1.0329671685726165
CHN,05T06,0.7866451673281519,1.0477644945635902,1.0329671685726165
CHN,07T08,0.8020333114477668,1.0658791824204163,1.0329671685726165
CHN,10T12,1.0031812691613602,1.0404433902264791,1.0329671685726165
CHN,13T15,0.9908665483294042,1.0328188375193064,1.0329671685726165
CHN,16,0.9795362029529981,1.0453977823587897,1.0329671685726165
CHN,17T18,0.9888587072743142,1.0380468244571543,1.0329671685726165
CHN,19,0.8748981865224338,1.0434807211632258,1.0329671685726165
CHN,20,0.9162004538040672,1.058055659663693,1.0329671685726165
CHN,21,0.9956996686947639,1.0285828445533582,1.0329671685726165
CHN,22,0.95370030795893,1.052905744506276,1.0329671685726165
CHN,23,0.891946058519745,1.0707657882793886,1.0329671685726165
CHN,24,0.8462016932425649,1.0870037277760312,1.0329671685726165
CHN,25,0.970198361988635,1.0716221845280627,1.0329671685726165
CHN,26,1.002842201324081,1.029774516289951,1.0329671685726165
CHN,27,0.9757252343220568,1.0595884384778358,1.0329671685726165
CHN,28,0.9867539368650311,1.0511476827979,1.0329671685726165
CHN,29T30,1.0098105334249377,1.0352348813497467,1.0329671685726165
CHN,31T33,0.9736220424848364,1.0342066345339112,1.0329671685726165
CHN,35,0.6755491940971973,1.1069495103425677,1.0329671685726165
CHN,36T39,0.9537214135444241,1.036896599001846,1.0329671685726165
CHN,41T43,1.0299605797146172,1.06658268046611,1.0329671685726165
CHN,45T47,1.001726670235413,0.9951742038321424,1.0329671685726165
CHN,49,0.9674772419684042,1.019021912372968,1.0329671685726165
CHN,50,0.8338202675131398,1.0377912146037185,1.0329671685726165
CHN,51,0.9460706496751056,1.0233369190925046,1.0329671685726165
CHN,52,0.9533632345906893,1.0237668075972002,1.0329671685726165
CHN,53,0.9808443755394608,1.010561109769415,1.0329671685726165
CHN,55T56,1.008990385929839,1.0171505060586203,1.0329671685726165
CHN,58T60,1.0273394194770475,1.0054796944647875,1.0329671685726165
CHN,61,1.0148205560673655,1.0094315965608402,1.0329671685726165
CHN,62T63,1.0276321856392567,0.9904298617796728,1.0329671685726165
CHN,64T66,0.9878889130708246,0.9823948955552011,1.0329671685726165
CHN,68,1.0256750653605107,0.9835730323683914,1.0329671685726165
CHN,69T75,0.9988952872732343,1.0080083286604187,1.0329671685726165
CHN,77T82,0.9934957447636276,1.0064987334047095,1.0329671685726165
CHN,84,1.031003749047002,0.9917944643333249,1.0329671685726165
CHN,85,1.0330431443838646,0.990047284090682,1.0329671685726165
CHN,86T88,1.0310957178115006,0.998184517154406,1.0329671685726165
CHN,90T93,1.0278397674944697,0.9932737238286943,1.0329671685726165
CHN,94T98,1.0231896675258991,0.9963988887876482,1.0329671685726165
COL,01T02,0.9667814840524598,1.0084757185254347,1.0063874650464582
COL,03,1.0121472740248112,1.008176114704789,1.0063874650464582
COL,05T06,0.9703889126377083,1.0084692065432608,1.0063874650464582
COL,07T08,1.0649455850134255,1.00783871324632,1.0063874650464582
COL,10T12,1.021586732187357,1.0092908688069704,1.0063874650464582
COL,13T15,1.028318931945242,1.0094761067853808,1.0063874650464582
COL,16,1.0234131653259262,1.0092536378250787,1.0063874650464582
COL,17T18,1.0217956188551716,1.0100079981120296,1.0063874650464582
COL,19,1.0137366550273978,1.0107089054637401,1.0063874650464582
COL,20,1.0373570435128177,1.0112320522484166,1.0063874650464582
COL,21,1.0244528814412428,1.009386137712416,1.0063874650464582
COL,22,1.0365436574349067,1.012724785137642,1.0063874650464582
COL,23,1.016664201380661,1.0087148386093827,1.0063874650464582
COL,24,1.1642805090895927,1.0103828892289053,1.0063874650464582
COL,25,1.0510467266052737,1.0107566745812828,1.0063874650464582
COL,26,1.0245277897904002,1.0125028252741322,1.0063874650464582
COL,27,1.0423635701501688,1.0127184963482092,1.0063874650464582
COL,28,1.0319044669202424,1.0131239603735345,1.0063874650464582
COL,29T30,1.026034405834787,1.0136168143628932,1.0063874650464582
COL,31T33,1.0213936014764502,1.0102373356242178,1.0063874650464582
COL,35,1.0071937741794446,1.008091688876554,1.0063874650464582
COL,36T39,1.0185444629338751,1.0080359939471317,1.0063874650464582
COL,41T43,1.0066574765110898,1.009667252055821,1.0063874650464582
COL,45T47,1.010852046602243,1.0077779644454494,1.0063874650464582
COL,49,1.0072698178333037,1.0089858171702306,1.0063874650464582
COL,50,1.013725190483792,1.0089338968612576,1.0063874650464582
COL,51,1.0071202270257158,1.0096256506730839,1.0063874650464582
COL,52,1.013205026731341,1.0077557058028175,1.0063874650464582
COL,53,1.0141471649838594,1.008205444438637,1.0063874650464582
COL,55T56,1.010861742140329,1.0080527262858514,1.0063874650464582
COL,58T60,1.0217469389675145,1.0078776633081699,1.0063874650464582
COL,61,1.008439288699278,1.007570968090431,1.0063874650464582
COL,62T63,1.0096588396344406,1.0073521299044752,1.0063874650464582
COL,64T66,1.009946107015086,1.0073196356570555,1.0063874650464582
COL,68,1.0081565887131412,1.0068683269735257,1.0063874650464582
COL,69T75,1.0100176339786198,1.0073284642869529,1.0063874650464582
COL,77T82,1.0102485392989586,1.0072125457756258,1.0063874650464582
COL,84,1.0066644109602008,1.0075613203278344,1.0063874650464582
COL,85,1.0068678004326927,1.0072483984544522,1.0063874650464582
COL,86T88,1.006465145172775,1.0085030844472798,1.0063874650464582
COL,90T93,1.008329888328152,1.007523625381962,1.0063874650464582
COL,94T98,1.0077489068155558,1.007846986232811,1.0063874650464582
CRI,01T02,1.0418487145557673,1.0202857464520807,1.019098664824266
CRI,03,1.0149304118326508,1.0213952488906932,1.019098664824266
CRI,05T06,1.0254980791499364,1.0208599897214221,1.019098664824266
CRI,07T08,1.014613415972778,1.0210790024222125,1.019098664824266
CRI,10T12,1.0210545507656672,1.0202906163122645,1.019098664824266
CRI,13T15,1.0125296920888713,1.0195061604188471,1.019098664824266
CRI,16,1.0266034608656407,1.0206276698963836,1.019098664824266
CRI,17T18,1.0073886257433813,1.0193555220027013,1.019098664824266
CRI,19,1.0407644616667677,1.0205830229250674,1.019098664824266
CRI,20,1.0333074826032225,1.0205908512470285,1.019098664824266
CRI,21,0.9912263225056778,1.0197341423501827,1.019098664824266
CRI,22,1.04250123293384,1.0214330314092412,1.019098664824266
CRI,23,1.014380063081217,1.0209570391115184,1.019098664824266
CRI,24,1.1053807128184328,1.0263101267568961,1.019098664824266
CRI,25,1.0430129724168355,1.0230831201546216,1.019098664824266
CRI,26,1.0205683867123228,1.0199997295540817,1.019098664824266
CRI,27,1.0382358499424291,1.0218495766023536,1.019098664824266
CRI,28,1.0306725942950412,1.0218365002915735,1.019098664824266
CRI,29T30,1.0339349396974407,1.0216986197002582,1.019098664824266
CRI,31T33,1.043615954692167,1.0205752345351624,1.019098664824266
CRI,35,1.0226722746217447,1.019620361738927,1.019098664824266
CRI,36T39,1.02238597595008,1.0198773348586854,1.019098664824266
CRI,41T43,1.0187621848271677,1.0211383272738168,1.019098664824266
CRI,45T47,1.0123694761186297,1.0196767069827017,1.019098664824266
CRI,49,1.0102498767717036,1.0212691349386578,1.019098664824266
CRI,50,0.9815228611304917,1.0218892700645479,1.019098664824266
CRI,51,1.0623489257703347,1.0224822778589766,1.019098664824266
CRI,52,1.012925413929129,1.0201864994918992,1.019098664824266
CRI,53,1.018024747863738,1.0195116871112744,1.019098664824266
CRI,55T56,1.0196466256341017,1.0197879504942695,1.019098664824266
CRI,58T60,1.012737133765275,1.019335434599052,1.019098664824266
CRI,61,1.015437259726543,1.0193949803133837,1.019098664824266
CRI,62T63,1.0073157583298544,1.0193517782367265,1.019098664824266
CRI,64T66,1.0152502927437346,1.0192807040441518,1.019098664824266
CRI,68,1.0184134275733896,1.0195508123639798,1.019098664824266
CRI,69T75,1.0140305777897984,1.0194668644545517,1.019098664824266
CRI,77T82,1.0169812339170696,1.0196355174673792,1.019098664824266
CRI,84,1.019099510268943,1.0195425093711445,1.019098664824266
CRI,85,1.0185832352884587,1.0195093329067908,1.019098664824266
CRI,86T88,1.0187414836033422,1.0195603534795785,1.019098664824266
CRI,90T93,1.0121632991848517,1.0197331108142385,1.019098664824266
CRI,94T98,1.0179477985395886,1.0197581578860644,1.019098664824266
CYP,01T02,1.0212276764931307,1.0252978421457175,1.0234198779251433
CYP,03,1.0036842699844186,1.016352624446589,1.0234198779251433
CYP,05T06,0.8898455032618233,1.0384237428269991,1.0234198779251433
CYP,07T08,0.9190519921951613,1.0506225074451072,1.0234198779251433
CYP,10T12,1.0073541480309725,1.0369278745083927,1.0234198779251433
CYP,13T15,1.0420793431609834,1.0183757614564464,1.0234198779251433
CYP,16,1.033399092020851,1.0225429309020895,1.0234198779251433
CYP,17T18,1.0134694771771915,1.0221336273536241,1.0234198779251433
CYP,19,0.3813240595211955,1.014124491384494,1.0234198779251433
CYP,20,1.0866004956606812,1.0258427553138028,1.0234198779251433
CYP,21,1.024379672943432,1.022404273138337,1.0234198779251433
CYP,22,1.007436731790381,1.0366720501232298,1.0234198779251433
CYP,23,0.7165136874171131,1.0858731463381506,1.0234198779251433
CYP,24,1.1134458349329648,1.0408769356793155,1.0234198779251433
CYP,25,1.0103159746199701,1.0370505823149498,1.0234198779251433
CYP,26,0.9943494712378618,1.0434738350595651,1.0234198779251433
CYP,27,1.037963578329781,1.0229645791786703,1.0234198779251433
CYP,28,1.0262633063222704,1.0232724623151512,1.0234198779251433
CYP,29T30,1.0242475202830208,1.022972500638719,1.0234198779251433
CYP,31T33,1.010783572277859,1.0218608441153174,1.0234198779251433
CYP,35,0.7732001321215419,1.0225572997496697,1.0234198779251433
CYP,36T39,1.0104919128025986,1.0362005590596604,1.0234198779251433
CYP,41T43,1.0112124930275919,1.033706193526224,1.0234198779251433
CYP,45T47,1.0033840158054939,1.016888219397659,1.0234198779251433
CYP,49,0.9917760916309972,1.0173487401320906,1.0234198779251433
CYP,50,1.1055413679801103,1.0124788295588238,1.0234198779251433
CYP,51,0.9250565459693867,1.0192707409699235,1.0234198779251433
CYP,52,0.999605160586421,1.0170406247889074,1.0234198779251433
CYP,53,1.0015946313609736,1.016005092951839,1.0234198779251433
CYP,55T56,1.0018253562930417,1.0233599606418053,1.0234198779251433
CYP,58T60,1.001826239140661,1.0135547350062453,1.0234198779251433
CYP,61,1.0052959823176244,1.0153954322091179,1.0234198779251433
CYP,62T63,0.9782901602889004,1.0093599165234568,1.0234198779251433
CYP,64T66,0.993383296933121,1.0085401666094844,1.0234198779251433
CYP,68,1.0162610480333938,1.0090817576880164,1.0234198779251433
CYP,69T75,1.0054569842413015,1.0098697098738438,1.0234198779251433
CYP,77T82,1.0020552161359186,1.0112284975613,1.0234198779251433
CYP,84,1.0206605303076708,1.0126569828855594,1.0234198779251433
CYP,85,1.0207997118567245,1.0092794663865294,1.0234198779251433
CYP,86T88,1.0207375797008391,1.0154561817172132,1.0234198779251433
CYP,90T93,1.017271861982314,1.0160071756432951,1.0234198779251433
CYP,94T98,1.0172997259386396,1.012469222897628,1.0234198779251433
CZE,01T02,0.9907697128174718,1.03108407770958,1.0357315756532863
CZE,03,0.9817645084518756,1.0480547772937696,1.0357315756532863
CZE,05T06,0.7835649820216757,1.0280262280942356,1.0357315756532863
CZE,07T08,0.9464980510623231,1.034767887689604,1.0357315756532863
CZE,10T12,1.007732877168754,1.0436830695370967,1.0357315756532863
CZE,13T15,0.9797726599058837,1.0315134448282288,1.0357315756532863
CZE,16,0.9927026907495382,1.042362776475328,1.0357315756532863
CZE,17T18,0.9925490877218064,1.0346102964545918,1.0357315756532863
CZE,19,0.8901933604054479,1.066464823092497,1.0357315756532863
CZE,20,0.952185830487351,1.0383052876321135,1.0357315756532863
CZE,21,0.9862152179481583,1.0228650108827748,1.0357315756532863
CZE,22,1.0257410332319865,1.0320716926869777,1.0357315756532863
CZE,23,0.9151863615475576,1.0494607224625978,1.0357315756532863
CZE,24,0.9351979837670837,1.0528413890799664,1.0357315756532863
CZE,25,1.0134655034398388,1.0328782931775762,1.0357315756532863
CZE,26,1.0109288692881775,1.0314166190821754,1.0357315756532863
CZE,27,1.0146399592094304,1.0333499514213078,1.0357315756532863
CZE,28,1.0050679030538971,1.0344660419591423,1.0357315756532863
CZE,29T30,1.0174604066604669,1.027499704505885,1.0357315756532863
CZE,31T33,1.0225278408172178,1.025097201526381,1.0357315756532863
CZE,35,0.7813975902656435,1.065100030352356,1.0357315756532863
CZE,36T39,0.9921486768008398,1.0260508880615724,1.0357315756532863
CZE,41T43,1.0226361990997317,1.0252281085382544,1.0357315756532863
CZE,45T47,1.0039901924132313,1.0172288281487454,1.0357315756532863
CZE,49,0.9734756963659775,1.0224031106460196,1.0357315756532863
CZE,50,0.9154215760011339,1.030650194774076,1.0357315756532863
CZE,51,1.0236898764738285,1.0342196339287304,1.0357315756532863
CZE,52,0.991065156724799,1.0244790095512815,1.0357315756532863
CZE,53,1.0138602003662442,1.0157361368857754,1.0357315756532863
CZE,55T56,1.0227083998305537,1.0223873985033594,1.0357315756532863
CZE,58T60,1.0237290662221743,1.01487653544187,1.0357315756532863
CZE,61,1.021652698207885,1.013558512147997,1.0357315756532863
CZE,62T63,1.0213682600773093,1.0091255797880863,1.0357315756532863
CZE,64T66,1.0132815259376597,1.0107759099596925,1.0357315756532863
CZE,68,1.0251093161791986,1.020689028472073,1.0357315756532863
CZE,69T75,1.0097520130843856,1.0160232247878775,1.0357315756532863
CZE,77T82,1.0076309432205712,1.0212187466256915,1.0357315756532863
CZE,84,1.0306446357778094,1.0146128264734053,1.0357315756532863
CZE,85,1.0324004233880153,1.0129414201611149,1.0357315756532863
CZE,86T88,1.0336161749605968,1.0168379898015543,1.0357315756532863
CZE,90T93,1.0287636523893933,1.0186608022238108,1.0357315756532863
CZE,94T98,1.026535283332516,1.015627657770375,1.0357315756532863
DEU,01T02,0.9471690774469868,1.0339488686166871,1.033767014831376
DEU,03,1.0073233601093845,1.0255095977459696,1.033767014831376
DEU,05T06,0.897736627982585,1.0363656922992885,1.033767014831376
DEU,07T08,0.9965661167760042,1.024462523998979,1.033767014831376
DEU,10T12,1.0152359412099043,1.044366032175817,1.033767014831376
DEU,13T15,1.00321381243659,1.0288078773330045,1.033767014831376
DEU,16,1.0112220600928983,1.043268399356711,1.033767014831376
DEU,17T18,1.0025867186491548,1.031983213014651,1.033767014831376
DEU,19,0.9702794127457945,1.0452520071230433,1.033767014831376
DEU,20,1.013659930787005,1.0337591145876392,1.033767014831376
DEU,21,1.0107341013306503,1.0252193915008239,1.033767014831376
DEU,22,1.0322002983375749,1.0321263720027933,1.033767014831376
DEU,23,1.002889456031582,1.0365135323935766,1.033767014831376
DEU,24,0.974696975873962,1.0522557463111577,1.033767014831376
DEU,25,1.0302031416727402,1.032344650960786,1.033767014831376
DEU,26,1.019224021672115,1.0252077630288996,1.033767014831376
DEU,27,1.0311390742133715,1.0279780249225359,1.033767014831376
DEU,28,1.021818497121462,1.0277535588444078,1.033767014831376
DEU,29T30,1.0216528198401844,1.0272459063609671,1.033767014831376
DEU,31T33,1.0298611675787699,1.027598844398008,1.033767014831376
DEU,35,0.9143123317750973,1.0459595277857219,1.033767014831376
DEU,36T39,1.0176438539342079,1.0246969426258103,1.033767014831376
DEU,41T43,1.0260052117078455,1.0287544602669072,1.033767014831376
DEU,45T47,1.011167842926718,1.0235383116955912,1.033767014831376
DEU,49,1.014333754788434,1.026505404119028,1.033767014831376
DEU,50,1.0358902865469581,1.0385895546592974,1.033767014831376
DEU,51,0.9321825454969753,1.0316591040005636,1.033767014831376
DEU,52,1.0052265468461503,1.0257771143823866,1.033767014831376
DEU,53,1.0119278811095729,1.0253091167968322,1.033767014831376
DEU,55T56,1.0206803606744164,1.0276534467106637,1.033767014831376
DEU,58T60,1.0143868560623746,1.021912043110376,1.033767014831376
DEU,61,1.0203129427468791,1.0226746622460565,1.033767014831376
DEU,62T63,1.009202469600402,1.0187456298805613,1.033767014831376
DEU,64T66,1.0184948390914377,1.02037404163689,1.033767014831376
DEU,68,1.0267329461257322,1.020088570910145,1.033767014831376
DEU,69T75,1.0147315171858422,1.0207353307470408,1.033767014831376
DEU,77T82,1.0158148315380338,1.022877675070185,1.033767014831376
DEU,84,1.0270190840102988,1.0218179052805356,1.033767014831376
DEU,85,1.0314462580240953,1.0195456874053093,1.033767014831376
DEU,86T88,1.0326610896262485,1.0220300102936792,1.033767014831376
DEU,90T93,1.0275995132555995,1.0215575907412942,1.033767014831376
DEU,94T98,1.0296559074268008,1.0213738163638202,1.033767014831376
DNK,01T02,0.9151249792043832,1.0387717997954127,1.029122242399997
DNK,03,0.95854881694485,1.024644591399779,1.029122242399997
DNK,05T06,0.9533447486037748,1.023537784500072,1.029122242399997
DNK,07T08,0.9763684677277223,1.0340326243249378,1.029122242399997
DNK,10T12,0.9992035739822468,1.041674512247156,1.029122242399997
DNK,13T15,1.0168464130805526,1.025916808062019,1.029122242399997
DNK,16,1.0525919800347483,1.0346655312608308,1.029122242399997
DNK,17T18,1.0363440148690424,1.025678999715544,1.029122242399997
DNK,19,0.978548591281647,1.0431401571435697,1.029122242399997
DNK,20,1.065792052290485,1.0271663505729653,1.029122242399997
DNK,21,1.0378520266988478,1.0202533985494788,1.029122242399997
DNK,22,1.0415024268883175,1.0282192286272993,1.029122242399997
DNK,23,0.983346901298278,1.0334938405806224,1.029122242399997
DNK,24,1.18084466915791,1.039619615734967,1.029122242399997
DNK,25,1.0281490278457517,1.0299771079133777,1.029122242399997
DNK,26,1.0206609628244379,1.0232323060074378,1.029122242399997
DNK,27,1.0364323826491828,1.025219653570589,1.029122242399997
DNK,28,1.0214643966464894,1.0266665196215925,1.029122242399997
DNK,29T30,1.0182425765161187,1.0272982433775186,1.029122242399997
DNK,31T33,1.0352444862036518,1.025035260765056,1.029122242399997
DNK,35,0.9377041819345993,1.0291731305255443,1.029122242399997
DNK,36T39,1.0212705484790434,1.0217659851136953,1.029122242399997
DNK,41T43,1.0229855599287465,1.0271242710031294,1.029122242399997
DNK,45T47,1.0123724157572722,1.0205826313960549,1.029122242399997
DNK,49,0.9912071468630343,1.0326122787664505,1.029122242399997
DNK,50,0.9786848248002693,1.0282310137113928,1.029122242399997
DNK,51,0.9887691891121179,1.0261686942643182,1.029122242399997
DNK,52,1.0005185426353698,1.0225793241961476,1.029122242399997
DNK,53,1.0120733512787052,1.0225867565431959,1.029122242399997
DNK,55T56,1.0201100367398541,1.0259477300307829,1.029122242399997
DNK,58T60,1.0157124279441587,1.0194457177850889,1.029122242399997
DNK,61,1.0174805707714742,1.0206571582523132,1.029122242399997
DNK,62T63,1.0106396623230403,1.0190915078128626,1.029122242399997
DNK,64T66,1.0155899589725461,1.0179476527703009,1.029122242399997
DNK,68,1.0249532397269916,1.0190082172965536,1.029122242399997
DNK,69T75,1.0142740249318511,1.019537088194255,1.029122242399997
DNK,77T82,1.0136994388017142,1.0244346774540933,1.029122242399997
DNK,84,1.0272309036200122,1.0197199011199158,1.029122242399997
DNK,85,1.0281029290437884,1.0191430965593036,1.029122242399997
DNK,86T88,1.0287289965238244,1.0199783136652874,1.029122242399997
DNK,90T93,1.0263389587483476,1.0205507022520965,1.029122242399997
DNK,94T98,1.024087840188005,1.0196244795101062,1.029122242399997
ESP,01T02,1.0316855848963347,1.028654371374978,1.0315222700915645
ESP,03,0.991316582438329,1.0262674900493611,1.0315222700915645
ESP,05T06,0.6160688811084527,1.0218380545832293,1.0315222700915645
ESP,07T08,0.9649640937573085,1.0336405529735686,1.0315222700915645
ESP,10T12,1.0114847134318028,1.0456721848805834,1.0315222700915645
ESP,13T15,1.014329906830157,1.025590845739734,1.0315222700915645
ESP,16,1.0122585075195754,1.0332863944281987,1.0315222700915645
ESP,17T18,1.0049231695928846,1.0321139191455801,1.0315222700915645
ESP,19,0.9574156702871782,1.058069773834008,1.0315222700915645
ESP,20,0.9961843522703395,1.0389053772153212,1.0315222700915645
ESP,21,0.9959644561281453,1.0285785361459785,1.0315222700915645
ESP,22,1.0237194052875824,1.0334479297129002,1.0315222700915645
ESP,23,0.9426865671704067,1.0421303681750076,1.0315222700915645
ESP,24,1.0598808979536656,1.0431821328858626,1.0315222700915645
ESP,25,1.0115537212230514,1.0375853772334003,1.0315222700915645
ESP,26,1.017701024328303,1.0256558013773769,1.0315222700915645
ESP,27,1.0148366019692445,1.034504047814031,1.0315222700915645
ESP,28,1.0115386954425298,1.0312984650633326,1.0315222700915645
ESP,29T30,1.0125742995816969,1.0306728449824205,1.0315222700915645
ESP,31T33,1.0276449511159065,1.0259808126857803,1.0315222700915645
ESP,35,0.9445131462759312,1.0404646587543964,1.0315222700915645
ESP,36T39,1.0223999508607178,1.0265089569377286,1.0315222700915645
ESP,41T43,1.025088719787053,1.0284116340881104,1.0315222700915645
ESP,45T47,1.0141573712866558,1.0221791357529884,1.0315222700915645
ESP,49,0.9866037204483102,1.0287240506415591,1.0315222700915645
ESP,50,0.6801314259166814,1.026747633232437,1.0315222700915645
ESP,51,0.9265139417663553,1.031337958716518,1.0315222700915645
ESP,52,1.0019212464531067,1.0268666477194517,1.0315222700915645
ESP,53,1.0090252731794302,1.0238102620286416,1.0315222700915645
ESP,55T56,1.0236835808987277,1.0254567422587455,1.0315222700915645
ESP,58T60,1.0117604266188973,1.0216377378927572,1.0315222700915645
ESP,61,1.0152633084120213,1.024463515887823,1.0315222700915645
ESP,62T63,1.0057831764325729,1.0213234879097948,1.0315222700915645
ESP,64T66,1.0181424696742614,1.0187875973875549,1.0315222700915645
ESP,68,1.026730164172143,1.0177681326004209,1.0315222700915645
ESP,69T75,1.01424529368841,1.0212064752138093,1.0315222700915645
ESP,77T82,1.009796084783955,1.022394598840909,1.0315222700915645
ESP,84,1.0262843038210607,1.0206869575467756,1.0315222700915645
ESP,85,1.0279532530912008,1.0187599398005123,1.0315222700915645
ESP,86T88,1.0295818769988883,1.0210358472645913,1.0315222700915645
ESP,90T93,1.0250883077606643,1.020988376849679,1.0315222700915645
ESP,94T98,1.0265150702866348,1.0192352968465523,1.0315222700915645
EST,01T02,0.7698153245263757,1.0472005021225275,1.0220083161201003
EST,03,1.0065849123501267,1.0085672407438793,1.0220083161201003
EST,05T06,0.5479510776184972,1.0208103921188005,1.0220083161201003
EST,07T08,0.6994856476507741,1.024864773365796,1.0220083161201003
EST,10T12,0.9811101255352981,1.0535483467781797,1.0220083161201003
EST,13T15,1.0421072758479426,1.0178574411149588,1.0220083161201003
EST,16,0.8669752544594771,1.067613243448705,1.0220083161201003
EST,17T18,0.9539615029591689,1.049698476818693,1.0220083161201003
EST,19,0.4450092720727116,1.075690423453579,1.0220083161201003
EST,20,1.0198831949922949,1.0412475770644585,1.0220083161201003
EST,21,1.0529300049729413,1.0111754905391543,1.0220083161201003
EST,22,1.0296922135672224,1.0283308101517001,1.0220083161201003
EST,23,0.9587333327112608,1.0388803609445616,1.0220083161201003
EST,24,1.1288109679319878,1.0598546478061626,1.0220083161201003
EST,25,1.013144004418735,1.0302932457885785,1.0220083161201003
EST,26,1.0175915005353744,1.018244029636392,1.0220083161201003
EST,27,1.0450631994706205,1.0198455115286882,1.0220083161201003
EST,28,1.019100040539327,1.0223385039519115,1.0220083161201003
EST,29T30,1.036856747535248,1.0164071875028966,1.0220083161201003
EST,31T33,1.0126586421827215,1.023547208157978,1.0220083161201003
EST,35,0.6625318694814634,1.0637298455777946,1.0220083161201003
EST,36T39,1.0181457590016723,1.028537370314131,1.0220083161201003
EST,41T43,1.0117916288196442,1.0218857124213405,1.0220083161201003
EST,45T47,1.0042774282941123,1.0034038100155551,1.0220083161201003
EST,49,0.9840138830590288,1.0054267316808934,1.0220083161201003
EST,50,0.965050936806219,1.0114600932450415,1.0220083161201003
EST,51,1.1154000600237548,1.0252277362631501,1.0220083161201003
EST,52,0.9892766143939498,1.0171705140865026,1.0220083161201003
EST,53,1.0310230312552986,1.0049407341987433,1.0220083161201003
EST,55T56,1.020648665700462,1.0180968388617326,1.0220083161201003
EST,58T60,1.0341754634807843,1.0035329720857669,1.0220083161201003
EST,61,1.0325050997328118,0.9985688371613171,1.0220083161201003
EST,62T63,1.0361233866931687,0.9939983419043273,1.0220083161201003
EST,64T66,1.0201294778355248,0.9923831407367198,1.0220083161201003
EST,68,1.0142266715925783,0.9994872032984622,1.0220083161201003
EST,69T75,1.0170035684549765,0.9993522086404736,1.0220083161201003
EST,77T82,1.008405315735521,1.0002961386905145,1.0220083161201003
EST,84,1.019969737146147,0.9979249521256768,1.0220083161201003
EST,85,1.0208659105906526,1.000946978118698,1.0220083161201003
EST,86T88,1.0214341628475774,1.000066617345397,1.0220083161201003
EST,90T93,1.0191868820826049,1.0087291819219282,1.0220083161201003
EST,94T98,1.0139232760707357,1.0125379573415927,1.0220083161201003
FIN,01T02,0.92706081040992,1.0311837956903804,1.0276917774327308
FIN,03,0.9662039430723991,1.0216160984202474,1.0276917774327308
FIN,05T06,0.4465206583976141,1.0349967563137787,1.0276917774327308
FIN,07T08,0.9966673642353685,1.0340700819923934,1.0276917774327308
FIN,10T12,1.013767463125002,1.0433011381851423,1.0276917774327308
FIN,13T15,1.0241010322102937,1.0227230448994429,1.0276917774327308
FIN,16,0.9751697105966688,1.059408516471846,1.0276917774327308
FIN,17T18,0.953927528301719,1.04467221141005,1.0276917774327308
FIN,19,0.9815912200830622,1.033275864948883,1.0276917774327308
FIN,20,0.9877614087597512,1.0370605561919448,1.0276917774327308
FIN,21,1.0290788901343733,1.0150945874273332,1.0276917774327308
FIN,22,1.0237222298167006,1.0322521911002862,1.0276917774327308
FIN,23,1.01520364252056,1.033033163888097,1.0276917774327308
FIN,24,1.0662305581162346,1.0450240506493174,1.0276917774327308
FIN,25,1.029172900568798,1.0318608760046966,1.0276917774327308
FIN,26,1.0215947047499874,1.0173174366889697,1.0276917774327308
FIN,27,1.03182038727995,1.025434729387444,1.0276917774327308
FIN,28,1.0220158761002753,1.022322488158853,1.0276917774327308
FIN,29T30,1.0224579062277455,1.0257856874473599,1.0276917774327308
FIN,31T33,1.0189593666425831,1.0209409433560495,1.0276917774327308
FIN,35,0.9213227796149283,1.044922980681213,1.0276917774327308
FIN,36T39,1.0246767186713006,1.0212186149398703,1.0276917774327308
FIN,41T43,1.020730549912634,1.0263012145763049,1.0276917774327308
FIN,45T47,1.0081735366980902,1.01785604840035,1.0276917774327308
FIN,49,1.0012073911654567,1.020507356203513,1.0276917774327308
FIN,50,0.9585694720306867,1.0231025116056602,1.0276917774327308
FIN,51,0.9508195772777093,1.024086069218561,1.0276917774327308
FIN,52,1.0001815609349693,1.023423499419151,1.0276917774327308
FIN,53,1.0098720668860914,1.0193255472431981,1.0276917774327308
FIN,55T56,1.0164265080052306,1.0238130806678127,1.0276917774327308
FIN,58T60,1.0091778022382643,1.017793468549827,1.0276917774327308
FIN,61,1.0178028588982864,1.0155965723809353,1.0276917774327308
FIN,62T63,1.0028067734071366,1.0148086587555116,1.0276917774327308
FIN,64T66,1.0141336338299225,1.0154221756264812,1.0276917774327308
FIN,68,1.0228919147689841,1.015763368576156,1.0276917774327308
FIN,69T75,1.0103138095061595,1.0160250546614742,1.0276917774327308
FIN,77T82,1.011096950113662,1.0177135788083231,1.0276917774327308
FIN,84,1.022495974729865,1.0181089178569498,1.0276917774327308
FIN,85,1.0260535828150787,1.0153434401632686,1.0276917774327308
FIN,86T88,1.0268360067364055,1.0162202651907513,1.0276917774327308
FIN,90T93,1.0227285892667806,1.021881541601244,1.0276917774327308
FIN,94T98,1.0224846113400865,1.0221979201618094,1.0276917774327308
FRA,01T02,0.968895948339373,1.0360125015597759,1.0263352532401462
FRA,03,0.9814630220685339,1.0274054642956993,1.0263352532401462
FRA,05T06,0.4292662546611542,1.0191548903972687,1.0263352532401462
FRA,07T08,0.978810140112125,1.0299434890611083,1.0263352532401462
FRA,10T12,1.0131939692533112,1.0396160712128957,1.0263352532401462
FRA,13T15,1.0157559636414766,1.0244182157383888,1.0263352532401462
FRA,16,1.0138473549224092,1.0380921688412887,1.0263352532401462
FRA,17T18,1.017601673515793,1.0258262982782165,1.0263352532401462
FRA,19,1.0000042264037337,1.04350955572116,1.0263352532401462
FRA,20,1.020245275655831,1.0297671711225653,1.0263352532401462
FRA,21,1.0114974723818977,1.0235425335779897,1.0263352532401462
FRA,22,1.0366760493653795,1.0287160713502652,1.0263352532401462
FRA,23,0.997269018678614,1.0326764867869185,1.0263352532401462
FRA,24,0.9329261867267565,1.038222186163867,1.0263352532401462
FRA,25,1.025487682310654,1.0310529772156805,1.0263352532401462
FRA,26,1.0174123692085577,1.0238711461343055,1.0263352532401462
FRA,27,1.027994123412201,1.028527490886821,1.0263352532401462
FRA,28,1.0182590322974465,1.0276131904917047,1.0263352532401462
FRA,29T30,1.0201597134278306,1.0262263341140674,1.0263352532401462
FRA,31T33,1.0303543715557193,1.0257946596701326,1.0263352532401462
FRA,35,1.0042906815036516,1.0346872237401012,1.0263352532401462
FRA,36T39,1.0138244786867474,1.0237992151593232,1.0263352532401462
FRA,41T43,1.0240828404970514,1.0270890019925871,1.0263352532401462
FRA,45T47,1.0126811998280187,1.020781370226937,1.0263352532401462
FRA,49,1.0141304261397164,1.0224832916182036,1.0263352532401462
FRA,50,1.005733576088361,1.0310716215770968,1.0263352532401462
FRA,51,0.962422572432849,1.0281385387962014,1.0263352532401462
FRA,52,1.0125339729257263,1.0207055013964539,1.0263352532401462
FRA,53,1.0174991596526615,1.019191442581663,1.0263352532401462
FRA,55T56,1.019836292396916,1.0247513375450064,1.0263352532401462
FRA,58T60,1.0121900019727734,1.0222684244733786,1.0263352532401462
FRA,61,1.0150567863708282,1.0205435697084635,1.0263352532401462
FRA,62T63,1.0160379215666397,1.0188909898613572,1.0263352532401462
FRA,64T66,1.0149359666080717,1.0192608702419557,1.0263352532401462
FRA,68,1.0231267490830294,1.0181179239155267,1.0263352532401462
FRA,69T75,1.015256608306011,1.0198831307381948,1.0263352532401462
FRA,77T82,1.013562240253395,1.0196910996616106,1.0263352532401462
FRA,84,1.0242406166529432,1.0195076363716202,1.0263352532401462
FRA,85,1.0235819271268125,1.0191341900499593,1.0263352532401462
FRA,86T88,1.0253283009980156,1.019317278058481,1.0263352532401462
FRA,90T93,1.0223023626761711,1.021457826839124,1.0263352532401462
FRA,94T98,1.0223445254837742,1.020109032726839,1.0263352532401462
GBR,01T02,1.0320878734509342,1.0184032932318485,1.0164679154949505
GBR,03,1.01364854549819,1.0183855888720303,1.0164679154949505
GBR,05T06,0.9536834371576357,1.0173390363981671,1.0164679154949505
GBR,07T08,1.0252084768034053,1.0177361903580877,1.0164679154949505
GBR,10T12,1.042537923952652,1.0189090822815752,1.0164679154949505
GBR,13T15,1.0332882222753905,1.017655640152178,1.0164679154949505
GBR,16,1.0577378675597333,1.020353954178309,1.0164679154949505
GBR,17T18,1.028866966458426,1.0189924700444275,1.0164679154949505
GBR,19,1.0276831293001414,1.011751306532776,1.0164679154949505
GBR,20,1.042739008323604,1.0190890496488343,1.0164679154949505
GBR,21,1.0284271860474348,1.0178732373746675,1.0164679154949505
GBR,22,1.047915504421819,1.0197690152055598,1.0164679154949505
GBR,23,1.0394771807107557,1.0179155306505778,1.0164679154949505
GBR,24,1.0872110199293956,1.0191962809915942,1.0164679154949505
GBR,25,1.0488013086994405,1.0189678521694947,1.0164679154949505
GBR,26,1.0213975466461263,1.0183153671948006,1.0164679154949505
GBR,27,1.0413002778730178,1.0196811842547808,1.0164679154949505
GBR,28,1.028341993018632,1.0194764700725873,1.0164679154949505
GBR,29T30,1.0321745277020973,1.0200124070813026,1.0164679154949505
GBR,31T33,1.0303238154802234,1.0188610677921137,1.0164679154949505
GBR,35,1.0221126336334545,1.01611548215842,1.0164679154949505
GBR,36T39,1.0186992890790934,1.0173698702499485,1.0164679154949505
GBR,41T43,1.0165377184910105,1.0180945570875037,1.0164679154949505
GBR,45T47,1.0167177272671848,1.0173328270980055,1.0164679154949505
GBR,49,1.0208358239423119,1.0173510322694939,1.0164679154949505
GBR,50,1.0402329702343807,1.0173835977552188,1.0164679154949505
GBR,51,0.9809770887147958,1.017397144767285,1.0164679154949505
GBR,52,1.018205437296332,1.0174044542488507,1.0164679154949505
GBR,53,1.0161874590239706,1.0170047216925833,1.0164679154949505
GBR,55T56,1.017697270748313,1.0180080346730251,1.0164679154949505
GBR,58T60,1.0140668407469409,1.017268598308764,1.0164679154949505
GBR,61,1.0131604151608584,1.0169289212438541,1.0164679154949505
GBR,62T63,1.0111188910294866,1.0168525837630555,1.0164679154949505
GBR,64T66,1.0093169833130144,1.0167736092034574,1.0164679154949505
GBR,68,1.0160334145367134,1.0169471462227997,1.0164679154949505
GBR,69T75,1.012444742397151,1.0170341100994844,1.0164679154949505
GBR,77T82,1.01400286087803,1.0171759437301815,1.0164679154949505
GBR,84,1.01651699007524,1.017427014211519,1.0164679154949505
GBR,85,1.0154187114544662,1.017135273654246,1.0164679154949505
GBR,86T88,1.016429927040983,1.0173332049946844,1.0164679154949505
GBR,90T93,1.0149978761979148,1.0171578817648872,1.0164679154949505
GBR,94T98,1.016201768018379,1.0170669579887983,1.0164679154949505
GRC,01T02,1.0285227127847512,1.0284522738514017,1.0338939522951331
GRC,03,1.028362291547303,1.0130585070496954,1.0338939522951331
GRC,05T06,0.39821681958524446,1.0232272010895331,1.0338939522951331
GRC,07T08,0.972134583768231,1.029059529626854,1.0338939522951331
GRC,10T12,1.0200962930457727,1.0392736933848086,1.0338939522951331
GRC,13T15,0.9949107574890378,1.028252749933213,1.0338939522951331
GRC,16,1.0227560801461832,1.030811009090066,1.0338939522951331
GRC,17T18,1.0234861610946984,1.0241405738593787,1.0338939522951331
GRC,19,0.9121559011696053,1.052951293049225,1.0338939522951331
GRC,20,1.0167370092999322,1.0279071992032105,1.0338939522951331
GRC,21,1.032624948520372,1.0219690673832296,1.0338939522951331
GRC,22,1.0096389353435578,1.0324338401202018,1.0338939522951331
GRC,23,0.7544092615316536,1.0615158553194062,1.0338939522951331
GRC,24,0.9322284861286722,1.0742340049728807,1.0338939522951331
GRC,25,1.000215811833801,1.0380505754823284,1.0338939522951331
GRC,26,1.0222193025449342,1.0234091404261116,1.0338939522951331
GRC,27,0.9803182867153667,1.0509766028366903,1.0338939522951331
GRC,28,1.0109836561547727,1.0309719438252594,1.0338939522951331
GRC,29T30,1.0181618135469845,1.0250065946411988,1.0338939522951331
GRC,31T33,1.0205150759454191,1.0259860584608063,1.0338939522951331
GRC,35,0.8486747598177014,1.0597875363199505,1.0338939522951331
GRC,36T39,1.0245486932853896,1.0530066033599352,1.0338939522951331
GRC,41T43,1.0264725129662482,1.0451266190544841,1.0338939522951331
GRC,45T47,1.0116428948072251,1.0146826962977,1.0338939522951331
GRC,49,1.0088549777564038,1.0212599565195368,1.0338939522951331
GRC,50,0.8335037853615603,1.0649305147435935,1.0338939522951331
GRC,51,1.0067664628572082,1.0265558562334451,1.0338939522951331
GRC,52,0.9852288568156606,1.024708509479227,1.0338939522951331
GRC,53,1.0086294557912954,1.017878787429106,1.0338939522951331
GRC,55T56,1.0235993205593517,1.0229158806473495,1.0338939522951331
GRC,58T60,1.017612496729944,1.0184229088888248,1.0338939522951331
GRC,61,1.0260066396104026,1.014383827481034,1.0338939522951331
GRC,62T63,1.0198023790124395,1.0127343295133144,1.0338939522951331
GRC,64T66,1.0190466601281332,1.008575399431254,1.0338939522951331
GRC,68,1.0237989569603536,1.0086795577977925,1.0338939522951331
GRC,69T75,1.0083150628462392,1.0122646335706607,1.0338939522951331
GRC,77T82,1.0201196435289857,1.0163926198733173,1.0338939522951331
GRC,84,1.030976954025548,1.0108990568091516,1.0338939522951331
GRC,85,1.032087200567056,1.0097245623326856,1.0338939522951331
GRC,86T88,1.0323877073800003,1.0150052021119922,1.0338939522951331
GRC,90T93,1.02768596913839,1.016369511497201,1.0338939522951331
GRC,94T98,1.027463127228289,1.0188885692881864,1.0338939522951331
HRV,01T02,1.016547482347702,1.0207088125147794,1.018495927839393
HRV,03,1.0184546641733803,1.0205493310080713,1.018495927839393
HRV,05T06,0.9599269206894024,1.0169236479591188,1.018495927839393
HRV,07T08,1.0246281338181962,1.0185879783298812,1.018495927839393
HRV,10T12,1.0357228724049543,1.0202586452397684,1.018495927839393
HRV,13T15,1.0290030067628297,1.0210215406145873,1.018495927839393
HRV,16,1.0518102524271005,1.0212843194501822,1.018495927839393
HRV,17T18,1.0297321554337646,1.0204860607473585,1.018495927839393
HRV,19,1.0340141703317074,1.011137328122254,1.018495927839393
HRV,20,0.9240345815442271,1.0225881565774,1.018495927839393
HRV,21,1.01003458722143,1.0204216944216098,1.018495927839393
HRV,22,1.0373970352680388,1.0230463816165254,1.018495927839393
HRV,23,0.9914328276177368,1.020920948215711,1.018495927839393
HRV,24,1.1246616751317347,1.023624323504587,1.018495927839393
HRV,25,1.0394149456997654,1.022177319598546,1.018495927839393
HRV,26,1.0235987895602556,1.0197097695337378,1.018495927839393
HRV,27,1.0356427461986863,1.0219893608106747,1.018495927839393
HRV,28,1.0282312699479101,1.0217430584301108,1.018495927839393
HRV,29T30,1.0247016448979696,1.0220294114341721,1.018495927839393
HRV,31T33,1.0395079064549524,1.0208698596396364,1.018495927839393
HRV,35,1.0271213944543804,1.019388690520707,1.018495927839393
HRV,36T39,1.0179729097551296,1.0206659473940265,1.018495927839393
HRV,41T43,1.0182469992807883,1.0210289058995494,1.018495927839393
HRV,45T47,1.016073940768777,1.0196623409090022,1.018495927839393
HRV,49,1.0139049546372847,1.0201248947341601,1.018495927839393
HRV,50,0.9246422227948502,1.0210847954293667,1.018495927839393
HRV,51,1.0990181919692037,1.0190787812851145,1.018495927839393
HRV,52,1.0214212355026997,1.0199222479944747,1.018495927839393
HRV,53,1.0174370714966565,1.0194854591699116,1.018495927839393
HRV,55T56,1.0242751860846249,1.02043288971211,1.018495927839393
HRV,58T60,1.0091918062412502,1.0189831527025337,1.018495927839393
HRV,61,1.015382444774679,1.0193288442565402,1.018495927839393
HRV,62T63,1.0066587319124192,1.0192666602130243,1.018495927839393
HRV,64T66,1.0166648432887961,1.019187643118003,1.018495927839393
HRV,68,1.0172413212739262,1.0202183327090655,1.018495927839393
HRV,69T75,1.0126060317548136,1.0191813767342983,1.018495927839393
HRV,77T82,1.0173896619646374,1.0197146122437866,1.018495927839393
HRV,84,1.0181968596580386,1.0194742569915072,1.018495927839393
HRV,85,1.0178635627197359,1.0193705151205474,1.018495927839393
HRV,86T88,1.018229695609757,1.0200297202972832,1.018495927839393
HRV,90T93,1.0180031142819954,1.0197529520003132,1.018495927839393
HRV,94T98,1.0174035106469694,1.0196735916508552,1.018495927839393
HUN,01T02,0.892446311041894,1.0387968441403383,1.0295397781418336
HUN,03,0.9966496011897161,1.030258552306367,1.0295397781418336
HUN,05T06,0.6021374628650089,1.0433193292851957,1.0295397781418336
HUN,07T08,0.9633320096921429,1.0529433679584757,1.0295397781418336
HUN,10T12,0.9828932699612629,1.0538848837418924,1.0295397781418336
HUN,13T15,1.0226322287009595,1.0222732112407802,1.0295397781418336
HUN,16,0.9925931622162096,1.0379052997634675,1.0295397781418336
HUN,17T18,0.996675800783814,1.0266760823896277,1.0295397781418336
HUN,19,0.9826321588863254,1.0412624208635712,1.0295397781418336
HUN,20,0.9021835567217974,1.0380044400569275,1.0295397781418336
HUN,21,0.9980881143747943,1.0205646270853965,1.0295397781418336
HUN,22,1.020878061339013,1.033171770120702,1.0295397781418336
HUN,23,0.9621347662794789,1.0407301847267538,1.0295397781418336
HUN,24,1.0462157050870662,1.0444160944897467,1.0295397781418336
HUN,25,1.0181455856340682,1.0327243234068733,1.0295397781418336
HUN,26,1.020645153418949,1.0219841696233438,1.0295397781418336
HUN,27,1.020324921253178,1.0311126358660696,1.0295397781418336
HUN,28,1.0190277573805055,1.026459111928994,1.0295397781418336
HUN,29T30,1.0248653433909818,1.025021862250814,1.0295397781418336
HUN,31T33,1.0349238318637761,1.020818386847426,1.0295397781418336
HUN,35,0.7954087480211425,1.0293905625444841,1.0295397781418336
HUN,36T39,1.0139530612654968,1.020968233858577,1.0295397781418336
HUN,41T43,1.0217038889164973,1.0284819499321691,1.0295397781418336
HUN,45T47,1.0013347012740232,1.0187394829694094,1.0295397781418336
HUN,49,0.9816216944488532,1.0196650690331324,1.0295397781418336
HUN,50,0.8408573458834793,1.0260837491131445,1.0295397781418336
HUN,51,0.9166107070452719,1.025768047036714,1.0295397781418336
HUN,52,1.004220926497641,1.0160531430372275,1.0295397781418336
HUN,53,1.0190074401874498,1.0132796943261717,1.0295397781418336
HUN,55T56,1.019106452181737,1.025679257442226,1.0295397781418336
HUN,58T60,1.022004244075832,1.0138551711345853,1.0295397781418336
HUN,61,1.0238662086034276,1.0108031604048116,1.0295397781418336
HUN,62T63,1.018211311858698,1.0091143213352196,1.0295397781418336
HUN,64T66,1.0145234995406023,1.009027770142452,1.0295397781418336
HUN,68,1.021303403811805,1.0111178295782466,1.0295397781418336
HUN,69T75,1.0151067801961975,1.0123074693510488,1.0295397781418336
HUN,77T82,1.0078361597764716,1.0150006187375349,1.0295397781418336
HUN,84,1.0259750406185193,1.0110204693455564,1.0295397781418336
HUN,85,1.027201305118601,1.0100944434528092,1.0295397781418336
HUN,86T88,1.0270465142965581,1.014053586779853,1.0295397781418336
HUN,90T93,1.0242837317509172,1.0163153213472245,1.0295397781418336
HUN,94T98,1.0209600000007046,1.0130736895366428,1.0295397781418336
IDN,01T02,0.6059343118929901,0.9820332273810415,1.0150286197942326
IDN,03,1.00597574586777,0.9483739271857743,1.0150286197942326
IDN,05T06,0.8166968699957635,0.9877316506296521,1.0150286197942326
IDN,07T08,1.011155354150657,0.9646036758225344,1.0150286197942326
IDN,10T12,0.939725132118627,1.1152279068742859,1.0150286197942326
IDN,13T15,1.1223492727396258,0.9814480967819823,1.0150286197942326
IDN,16,0.9098194067114529,1.0861410376605267,1.0150286197942326
IDN,17T18,0.9920523341076298,1.0060534685444165,1.0150286197942326
IDN,19,0.9134720246831588,1.0292428227220989,1.0150286197942326
IDN,20,0.8781757292435032,1.0234377883240726,1.0150286197942326
IDN,21,0.9691166461741769,1.02828722549457,1.0150286197942326
IDN,22,0.847175753472383,1.095035992947726,1.0150286197942326
IDN,23,0.7301402065971055,1.0281815548134956,1.0150286197942326
IDN,24,1.150879924769898,0.9882380150955614,1.0150286197942326
IDN,25,1.0090244620202795,1.0117256006527025,1.0150286197942326
IDN,26,1.031152198615791,1.0039189805635074,1.0150286197942326
IDN,27,1.0592137767265988,1.0030426186057377,1.0150286197942326
IDN,28,1.0224335197721977,1.0159102092998817,1.0150286197942326
IDN,29T30,1.0607003366671655,0.9779493835680999,1.0150286197942326
IDN,31T33,0.9360701214160567,1.0062112977136002,1.0150286197942326
IDN,35,0.6571560439021402,1.171863686067568,1.0150286197942326
IDN,36T39,1.0030032656810242,0.9901052532420378,1.0150286197942326
IDN,41T43,1.0030536127523464,1.0063041211356774,1.0150286197942326
IDN,45T47,1.0024429617562878,0.9641659387701543,1.0150286197942326
IDN,49,0.96004256413875,0.9680115284203397,1.0150286197942326
IDN,50,0.8379768620231088,0.9955471063101634,1.0150286197942326
IDN,51,1.0016809166361118,0.9778616896159467,1.0150286197942326
IDN,52,1.0034013115802483,0.9783550626063892,1.0150286197942326
IDN,53,1.019147102285763,0.9799476976520055,1.0150286197942326
IDN,55T56,1.0092780448226346,1.0267853138199743,1.0150286197942326
IDN,58T60,1.0168991677415653,0.9830210946903757,1.0150286197942326
IDN,61,1.0040889119103271,0.9576808555489749,1.0150286197942326
IDN,62T63,1.0163896190741093,0.9856327991512611,1.0150286197942326
IDN,64T66,0.9791931839474128,0.9464463096586637,1.0150286197942326
IDN,68,1.0149228256665275,0.951764078432391,1.0150286197942326
IDN,69T75,1.1548123330794415,0.9572816171108229,1.0150286197942326
IDN,77T82,0.9946439202380397,0.9558960889716551,1.0150286197942326
IDN,84,1.0090676111953045,0.974379996141309,1.0150286197942326
IDN,85,1.0144997582343944,0.9597657022709678,1.0150286197942326
IDN,86T88,1.0116781750169492,0.9905341075906837,1.0150286197942326
IDN,90T93,1.0288343369859856,0.972197704117386,1.0150286197942326
IDN,94T98,1.0107926426703508,0.9595961193928715,1.0150286197942326
IND,01T02,0.9175732214018599,0.9949563642937165,1.0320105841985028
IND,03,1.028598315997337,0.9795365122299345,1.0320105841985028
IND,05T06,0.781073215168337,1.0015401067843674,1.0320105841985028
IND,07T08,0.7364079610678338,1.0178823310326366,1.0320105841985028
IND,10T12,1.0115314796878407,1.0524337820003993,1.0320105841985028
IND,13T15,1.00306954845144,1.0274349116229888,1.0320105841985028
IND,16,0.9814271126350005,1.0188883960642523,1.0320105841985028
IND,17T18,0.9715642920289601,1.0268175872973913,1.0320105841985028
IND,19,0.9140755296594291,1.036297110935123,1.0320105841985028
IND,20,0.9411733761224005,1.0292271646134792,1.0320105841985028
IND,21,1.0131757999395925,1.0033352857029072,1.0320105841985028
IND,22,0.8603631915612112,1.0362086698046493,1.0320105841985028
IND,23,0.8244401544089509,1.0382170134925304,1.0320105841985028
IND,24,0.6432178079123345,1.066745402556279,1.0320105841985028
IND,25,0.9368131365234903,1.062124623241024,1.0320105841985028
IND,26,0.9850488351053092,1.0571709052209863,1.0320105841985028
IND,27,0.9654689661204824,1.0863266859276586,1.0320105841985028
IND,28,0.9790495822467548,1.061066467742578,1.0320105841985028
IND,29T30,0.9936041602036977,1.0769954954567418,1.0320105841985028
IND,31T33,0.7878147910815843,1.0447334921090352,1.0320105841985028
IND,35,0.649381986127879,1.0191561134376472,1.0320105841985028
IND,36T39,0.9631293205042979,1.012812015198196,1.0320105841985028
IND,41T43,1.0218474824955253,1.0474707961402072,1.0320105841985028
IND,45T47,0.9930258469151162,0.9886089390377496,1.0320105841985028
IND,49,0.9575006049145948,1.0093912605781956,1.0320105841985028
IND,50,0.8641606219544868,1.0215410483427854,1.0320105841985028
IND,51,0.8920848969206508,1.044353893293457,1.0320105841985028
IND,52,0.9489394005006658,1.0236401751215376,1.0320105841985028
IND,53,0.9667044465558716,0.995649228453955,1.0320105841985028
IND,55T56,0.9991481401700534,1.0422853214724441,1.0320105841985028
IND,58T60,1.010401693814925,1.014090225624924,1.0320105841985028
IND,61,0.9834300669777859,1.047726445915488,1.0320105841985028
IND,62T63,1.059525801027372,0.984943121797621,1.0320105841985028
IND,64T66,1.001595910266007,1.0038335881725875,1.0320105841985028
IND,68,1.027169938231977,0.9807304782780961,1.0320105841985028
IND,69T75,1.0180607233831642,1.0031422622171722,1.0320105841985028
IND,77T82,0.9784981063258534,0.9970545390349912,1.0320105841985028
IND,84,1.0309536792864242,0.9933705641020519,1.0320105841985028
IND,85,1.029795032855888,0.9814265764876499,1.0320105841985028
IND,86T88,1.0312613639317374,0.9892027775949889,1.0320105841985028
IND,90T93,1.0297885262488775,0.9981560567139233,1.0320105841985028
IND,94T98,1.0257974176814753,1.009376242264014,1.0320105841985028
IRL,01T02,0.819524500822094,1.040350576024829,1.0361526851301108
IRL,03,0.9829836741971837,1.0396515550666015,1.0361526851301108
IRL,05T06,0.5836050465282614,1.044506980804854,1.0361526851301108
IRL,07T08,0.976292532576054,1.044117510011971,1.0361526851301108
IRL,10T12,0.9882352560812416,1.0413360774187463,1.0361526851301108
IRL,13T15,1.0009857910696667,1.0214748746710223,1.0361526851301108
IRL,16,0.9547639323099023,1.0486699053155983,1.0361526851301108
IRL,17T18,1.0290510616660087,1.0209979687115476,1.0361526851301108
IRL,19,1.019187644119338,1.0245148805370314,1.0361526851301108
IRL,20,1.0776979052463225,1.0235669290345168,1.0361526851301108
IRL,21,1.0420928495875295,1.0194890612791185,1.0361526851301108
IRL,22,1.045182139814236,1.0242865313685323,1.0361526851301108
IRL,23,0.954107494728397,1.0339581641860427,1.0361526851301108
IRL,24,1.0047186199085167,1.0328748871849307,1.0361526851301108
IRL,25,1.0452108748765543,1.0239314425119583,1.0361526851301108
IRL,26,1.0084828040409999,1.0218890975895243,1.0361526851301108
IRL,27,1.0349138302080867,1.0257451690140835,1.0361526851301108
IRL,28,1.0171129534698853,1.021958200000096,1.0361526851301108
IRL,29T30,1.0185658159062831,1.0268261758619128,1.0361526851301108
IRL,31T33,1.0573870116790187,1.0201903324321235,1.0361526851301108
IRL,35,0.9477116934282418,1.0244025354547395,1.0361526851301108
IRL,36T39,1.0251881509615297,1.0221696514002154,1.0361526851301108
IRL,41T43,1.0245767017269434,1.028353127784722,1.0361526851301108
IRL,45T47,1.0013113615917777,1.0205057974858918,1.0361526851301108
IRL,49,1.0226349330508109,1.020691382087748,1.0361526851301108
IRL,50,0.9765989040529853,1.0372505544816097,1.0361526851301108
IRL,51,0.6953059677000204,1.0252902963632045,1.0361526851301108
IRL,52,1.0027595080430542,1.022267349982682,1.0361526851301108
IRL,53,1.0124795319408926,1.0192104626196405,1.0361526851301108
IRL,55T56,1.0288541429368159,1.02122294149255,1.0361526851301108
IRL,58T60,1.014021619289985,1.0185194512713842,1.0361526851301108
IRL,61,1.0132711321689811,1.01945353821629,1.0361526851301108
IRL,62T63,1.0021077311672844,1.019962767209078,1.0361526851301108
IRL,64T66,1.001419523836239,1.0184674267837401,1.0361526851301108
IRL,68,1.017722014749508,1.0176622073386123,1.0361526851301108
IRL,69T75,1.0056191493047284,1.0189686365959605,1.0361526851301108
IRL,77T82,1.0010211838430567,1.0194823343440118,1.0361526851301108
IRL,84,1.0331160347615076,1.0200549814993325,1.0361526851301108
IRL,85,1.0331971779898856,1.018050123363258,1.0361526851301108
IRL,86T88,1.03415308799911,1.0185266034578464,1.0361526851301108
IRL,90T93,1.0213778515337641,1.0206909962981205,1.0361526851301108
IRL,94T98,1.024776602865533,1.019769926908845,1.0361526851301108
ISL,01T02,1.0414084580203347,1.0192919918367669,1.0176975663967278
ISL,03,0.9883144877337859,1.0191203310339385,1.0176975663967278
ISL,05T06,1.0198290195488244,1.0189044245092225,1.0176975663967278
ISL,07T08,1.0193503493093512,1.0181536655825558,1.0176975663967278
ISL,10T12,1.05633576616315,1.0185311996236464,1.0176975663967278
ISL,13T15,1.0289169566114793,1.0193332331509928,1.0176975663967278
ISL,16,1.0978046331088578,1.0210516905713836,1.0176975663967278
ISL,17T18,1.0322709080396042,1.0195014719850808,1.0176975663967278
ISL,19,1.027115836370772,1.018365857382578,1.0176975663967278
ISL,20,1.0492579360980645,1.0199701095768807,1.0176975663967278
ISL,21,1.01658896590759,1.0214430375172154,1.0176975663967278
ISL,22,1.0522705902094478,1.0202210076007177,1.0176975663967278
ISL,23,1.030791607492477,1.0194303088541397,1.0176975663967278
ISL,24,1.0176663597622453,1.0232358125736107,1.0176975663967278
ISL,25,1.040010371769829,1.020274096393058,1.0176975663967278
ISL,26,1.022154558484672,1.02004746512068,1.0176975663967278
ISL,27,1.0387397373928013,1.0212325933030864,1.0176975663967278
ISL,28,1.0282781410289266,1.0199674307912001,1.0176975663967278
ISL,29T30,1.0293561019159736,1.0204174509724433,1.0176975663967278
ISL,31T33,1.0345929893963712,1.0199912231908113,1.0176975663967278
ISL,35,1.0197175260612839,1.0188686971898788,1.0176975663967278
ISL,36T39,1.0213492438462053,1.0190107615214687,1.0176975663967278
ISL,41T43,1.017691124267358,1.0201564371690155,1.0176975663967278
ISL,45T47,1.015994283591133,1.0185313702587138,1.0176975663967278
ISL,49,1.0217515035754952,1.0194199276056373,1.0176975663967278
ISL,50,1.0145293268454043,1.020623794868386,1.0176975663967278
ISL,51,0.9852781711404638,1.0194884986145492,1.0176975663967278
ISL,52,1.008617820756698,1.018376041773177,1.0176975663967278
ISL,53,1.0169722782532957,1.0182993750333305,1.0176975663967278
ISL,55T56,1.0262677872935209,1.0186028473400535,1.0176975663967278
ISL,58T60,1.0087881645098802,1.018337464833968,1.0176975663967278
ISL,61,1.0119369858934792,1.0181123765644784,1.0176975663967278
ISL,62T63,1.0091341502739393,1.0177187572552748,1.0176975663967278
ISL,64T66,1.012827246836624,1.0175539356882812,1.0176975663967278
ISL,68,1.0165278390261558,1.0179119126418315,1.0176975663967278
ISL,69T75,1.015927196513076,1.017896155340257,1.0176975663967278
ISL,77T82,1.0181263247102037,1.0185612277710208,1.0176975663967278
ISL,84,1.0176548852260776,1.0179387328474365,1.0176975663967278
ISL,85,1.0175868283388578,1.0179326337895571,1.0176975663967278
ISL,86T88,1.017654118882165,1.0181255139319463,1.0176975663967278
ISL,90T93,1.017459529170551,1.0180628452552078,1.0176975663967278
ISL,94T98,1.0170869177706503,1.01799262536637,1.0176975663967278
ISR,01T02,1.0462945822182883,1.0165202558602777,1.0178100434476987
ISR,03,1.0173286375548127,1.0157170052114783,1.0178100434476987
ISR,05T06,0.9332021587022521,1.0127230560119334,1.0178100434476987
ISR,07T08,1.001602453550551,1.0170891985827593,1.0178100434476987
ISR,10T12,1.02687458918358,1.0173543697488385,1.0178100434476987
ISR,13T15,1.0335414032829717,1.0173277138157915,1.0178100434476987
ISR,16,1.0559017282248973,1.0218233867667028,1.0178100434476987
ISR,17T18,1.0305748531740817,1.0185871971506881,1.0178100434476987
ISR,19,1.0451001512371403,0.9965017311396039,1.0178100434476987
ISR,20,1.060362421440064,1.017519483998115,1.0178100434476987
ISR,21,1.0361085816021447,1.0187456498359737,1.0178100434476987
ISR,22,1.025850324123853,1.0154046490522917,1.0178100434476987
ISR,23,1.033426048898862,1.012095849898561,1.0178100434476987
ISR,24,1.1630680939566957,1.023813569734227,1.0178100434476987
ISR,25,1.0548010752516834,1.0199105829450401,1.0178100434476987
ISR,26,1.0214429791936372,1.0181105927863374,1.0178100434476987
ISR,27,1.0469894272688283,1.0198976622149898,1.0178100434476987
ISR,28,1.0352791093894453,1.0197314302544154,1.0178100434476987
ISR,29T30,1.0328492050887892,1.0195332872742429,1.0178100434476987
ISR,31T33,1.0074346193457446,1.0148677022444919,1.0178100434476987
ISR,35,1.0217060012959693,1.006754595273713,1.0178100434476987
ISR,36T39,1.0189755988425726,1.014218058823217,1.0178100434476987
ISR,41T43,1.0178834451575118,1.018187568503035,1.0178100434476987
ISR,45T47,1.0127263966567293,1.017858803652446,1.0178100434476987
ISR,49,1.0206951159086595,1.015423146729021,1.0178100434476987
ISR,50,1.0145502560327004,1.017630460756063,1.0178100434476987
ISR,51,1.0479068312643796,1.0162522768326616,1.0178100434476987
ISR,52,1.0118093772888912,1.017259047496463,1.0178100434476987
ISR,53,1.017544165254885,1.0173671725135192,1.0178100434476987
ISR,55T56,1.017840803639511,1.0172541473064616,1.0178100434476987
ISR,58T60,1.010598937206445,1.0177666005282462,1.0178100434476987
ISR,61,1.0154869165746991,1.0177107192337735,1.0178100434476987
ISR,62T63,0.9947108256060775,1.0177396816973274,1.0178100434476987
ISR,64T66,1.0119977803700606,1.0174639157822731,1.0178100434476987
ISR,68,1.0166952893214884,1.0178708454092158,1.0178100434476987
ISR,69T75,1.0170442923157896,1.0175368532865539,1.0178100434476987
ISR,77T82,1.0160803913570424,1.0178155104838145,1.0178100434476987
ISR,84,1.0177785077465271,1.0180923561259336,1.0178100434476987
ISR,85,1.0174954684405688,1.0177665816341561,1.0178100434476987
ISR,86T88,1.0175757194518023,1.0179694355235158,1.0178100434476987
ISR,90T93,1.0168029712135578,1.0178884715985652,1.0178100434476987
ISR,94T98,1.017497697367772,1.0175308083109558,1.0178100434476987
ITA,01T02,1.0321839669860582,1.032121069419355,1.034321221957982
ITA,03,0.9942329864356249,1.0306429403110264,1.034321221957982
ITA,05T06,0.925321680200175,1.0309762598216188,1.034321221957982
ITA,07T08,1.0152255043454208,1.0222503976010775,1.034321221957982
ITA,10T12,1.0232716421097017,1.0404513152314587,1.034321221957982
ITA,13T15,1.011613706768816,1.0274458352756468,1.034321221957982
ITA,16,1.0278744263256068,1.0341790977078105,1.034321221957982
ITA,17T18,1.0161837872779287,1.0313122071650378,1.034321221957982
ITA,19,0.9875372361556007,1.049575329871566,1.034321221957982
ITA,20,1.0193078697340847,1.038878544980193,1.034321221957982
ITA,21,1.0105796427264315,1.0302910750584127,1.034321221957982
ITA,22,1.0280323688127915,1.0354223459278105,1.034321221957982
ITA,23,0.9969160679926169,1.042125954809647,1.034321221957982
ITA,24,1.071898106701328,1.0497875732464466,1.034321221957982
ITA,25,1.0191216354570978,1.033793533455543,1.034321221957982
ITA,26,1.0153908792664128,1.0303569044012395,1.034321221957982
ITA,27,1.0168316676521245,1.0340189486296025,1.034321221957982
ITA,28,1.014158774721992,1.0311102409546393,1.034321221957982
ITA,29T30,1.0155635576131958,1.030699746566738,1.034321221957982
ITA,31T33,1.028761434210353,1.0303961645278505,1.034321221957982
ITA,35,0.9359783567695029,1.0604311216978333,1.034321221957982
ITA,36T39,1.027255088958304,1.0299329774865398,1.034321221957982
ITA,41T43,1.0294811940577884,1.0289817050149743,1.034321221957982
ITA,45T47,1.0123056356430111,1.0256292642158353,1.034321221957982
ITA,49,1.0067272456167786,1.0299527676226465,1.034321221957982
ITA,50,0.8757113282684422,1.0307963895904624,1.034321221957982
ITA,51,1.0008188481227125,1.0294270968511956,1.034321221957982
ITA,52,1.0111690047639945,1.0285044954855507,1.034321221957982
ITA,53,1.0085210395021456,1.0353573694555438,1.034321221957982
ITA,55T56,1.024530485923773,1.0287292338847034,1.034321221957982
ITA,58T60,1.0103807141113994,1.024873082856223,1.034321221957982
ITA,61,1.0175443046625114,1.023758603182928,1.034321221957982
ITA,62T63,1.0160017617470902,1.0228121722888546,1.034321221957982
ITA,64T66,1.0170431771582427,1.0221903448739933,1.034321221957982
ITA,68,1.0288959195647662,1.0213426581751868,1.034321221957982
ITA,69T75,1.0170719039686924,1.0243612942157505,1.034321221957982
ITA,77T82,1.0169694814956847,1.0262292475138433,1.034321221957982
ITA,84,1.031702531999857,1.0244196374975,1.034321221957982
ITA,85,1.031512179220278,1.0227424451388543,1.034321221957982
ITA,86T88,1.0325132442421878,1.0257017248465232,1.034321221957982
ITA,90T93,1.025703326031762,1.025579578250992,1.034321221957982
ITA,94T98,1.0301418906228834,1.0264977903841126,1.034321221957982
JPN,01T02,1.0516743304478164,1.034363434556943,1.0335011409224804
JPN,03,0.9971635024209923,1.0275163635360616,1.0335011409224804
JPN,05T06,0.8345654417133176,1.0304963110043506,1.0335011409224804
JPN,07T08,0.9636671594481867,1.0331723451436663,1.0335011409224804
JPN,10T12,1.0287217297727282,1.0345230451895857,1.0335011409224804
JPN,13T15,1.007797850203968,1.0288957496066053,1.0335011409224804
JPN,16,1.0201089431957184,1.034926916459069,1.0335011409224804
JPN,17T18,1.0008539239699406,1.0339603989216617,1.0335011409224804
JPN,19,0.9563697456323491,1.0534537456642734,1.0335011409224804
JPN,20,0.9872832424024213,1.0413358071962346,1.0335011409224804
JPN,21,0.9993703695933862,1.030522399755693,1.0335011409224804
JPN,22,1.0322029567379303,1.0354285531374887,1.0335011409224804
JPN,23,0.9579299667702019,1.0317988573872594,1.0335011409224804
JPN,24,1.0239521447068485,1.0459392089136648,1.0335011409224804
JPN,25,1.0252495761412956,1.0424592596240867,1.0335011409224804
JPN,26,1.0153982827770744,1.0303089644753471,1.0335011409224804
JPN,27,1.02530418840451,1.0347913275584901,1.0335011409224804
JPN,28,1.0204846566888244,1.0319717760572562,1.0335011409224804
JPN,29T30,1.0032616608140745,1.0344263979800539,1.0335011409224804
JPN,31T33,1.0222516791401015,1.029603492781112,1.0335011409224804
JPN,35,0.8685862666666597,1.061890361114447,1.0335011409224804
JPN,36T39,1.0213263865890825,1.0224326414445744,1.0335011409224804
JPN,41T43,1.0309032980821493,1.0334333841863919,1.0335011409224804
JPN,45T47,1.0105461268363745,1.0251970176102563,1.0335011409224804
JPN,49,1.0153721923284178,1.0248474920950061,1.0335011409224804
JPN,50,0.882611342381698,1.0570416947701482,1.0335011409224804
JPN,51,0.9554764842335037,1.0355592367841089,1.0335011409224804
JPN,52,1.0062813434736935,1.0238717024029798,1.0335011409224804
JPN,53,1.0102149752985943,1.023470807338535,1.0335011409224804
JPN,55T56,1.0232453170617473,1.0311898348472763,1.0335011409224804
JPN,58T60,1.013464479305359,1.0245038249094642,1.0335011409224804
JPN,61,1.027195204260729,1.0232548302798967,1.0335011409224804
JPN,62T63,1.012850262576365,1.0218785044303476,1.0335011409224804
JPN,64T66,1.0189434754807039,1.0215055003810323,1.0335011409224804
JPN,68,1.0287996816278466,1.0189268217643699,1.0335011409224804
JPN,69T75,1.0118144017993438,1.0229012035173408,1.0335011409224804
JPN,77T82,1.00938762064885,1.0223008207665176,1.0335011409224804
JPN,84,1.0315399609450637,1.0227849943996932,1.0335011409224804
JPN,85,1.0303377447192463,1.021813321764989,1.0335011409224804
JPN,86T88,1.0320539045999515,1.024009461185645,1.0335011409224804
JPN,90T93,1.0268098869510598,1.0280986417600828,1.0335011409224804
JPN,94T98,1.0276849866258917,1.025741727448219,1.0335011409224804
KAZ,01T02,0.9858344298863068,0.9765522763791133,0.9680364656326225
KAZ,03,0.9719229201406062,0.9735244894144911,0.9680364656326225
KAZ,05T06,0.8700205245936757,0.9757801274681059,0.9680364656326225
KAZ,07T08,0.9187850542272601,0.980229943420698,0.9680364656326225
KAZ,10T12,1.0151875529376595,0.9773600254547143,0.9680364656326225
KAZ,13T15,1.092513375752628,0.9823324745030177,0.9680364656326225
KAZ,16,1.0751020528023694,0.9788272160636934,0.9680364656326225
KAZ,17T18,1.0438150824912733,0.9809632297628129,0.9680364656326225
KAZ,19,0.9967684303118147,0.9794345569953531,0.9680364656326225
KAZ,20,0.9793076183038941,0.977309476921629,0.9680364656326225
KAZ,21,1.0242290350557612,0.977748333078344,0.9680364656326225
KAZ,22,1.0606256063503219,0.9872297179211139,0.9680364656326225
KAZ,23,0.9901860954190069,0.9803553718236702,0.9680364656326225
KAZ,24,1.0718162347063704,0.9763300672717118,0.9680364656326225
KAZ,25,1.0965413864093738,0.981916792095855,0.9680364656326225
KAZ,26,1.0260036358426603,0.9831414606298117,0.9680364656326225
KAZ,27,1.075547652330097,0.9781965670413939,0.9680364656326225
KAZ,28,1.049497417228119,0.9810405609567783,0.9680364656326225
KAZ,29T30,1.0586652593780543,0.9800286845230154,0.9680364656326225
KAZ,31T33,1.0388609929052488,0.9825658072329462,0.9680364656326225
KAZ,35,0.9554004544360101,0.979127523087952,0.9680364656326225
KAZ,36T39,0.9915113803836861,0.978034964163852,0.9680364656326225
KAZ,41T43,0.9694106523649813,0.9799647513947426,0.9680364656326225
KAZ,45T47,0.9960471989775221,0.9750716965443998,0.9680364656326225
KAZ,49,0.9907769850952541,0.9768096424097812,0.9680364656326225
KAZ,50,1.0645489919348547,0.9833897033842725,0.9680364656326225
KAZ,51,1.0239280481879205,0.9765607364138753,0.9680364656326225
KAZ,52,1.0096884430514272,0.9754425128940344,0.9680364656326225
KAZ,53,0.997869890957681,0.9769269114518047,0.9680364656326225
KAZ,55T56,1.0188560877653379,0.9764351539061303,0.9680364656326225
KAZ,58T60,1.0170318554988624,0.9774591048347743,0.9680364656326225
KAZ,61,0.9831149956809346,0.9765014563333172,0.9680364656326225
KAZ,62T63,0.9930623666877201,0.9754736836560641,0.9680364656326225
KAZ,64T66,0.9853437675954986,0.9744674591018078,0.9680364656326225
KAZ,68,0.973385215857823,0.9746777149346815,0.9680364656326225
KAZ,69T75,0.98107612903411,0.978426865491331,0.9680364656326225
KAZ,77T82,0.9849201945099914,0.9768281262723375,0.9680364656326225
KAZ,84,0.9683359951446984,0.9797438631190692,0.9680364656326225
KAZ,85,0.9686536774406018,0.9785867000266973,0.9680364656326225
KAZ,86T88,0.9686860290666646,0.9827157206322576,0.9680364656326225
KAZ,90T93,0.9718590972815137,0.9800698413965644,0.9680364656326225
KAZ,94T98,0.9686408140402305,0.9763939128055029,0.9680364656326225
KHM,01T02,1.0053901454162995,1.0174484536132875,1.016104508935112
KHM,03,1.0173396909746095,1.0167493276867776,1.016104508935112
KHM,05T06,1.0188157505934008,1.0179380691058222,1.016104508935112
KHM,07T08,1.029648461739313,1.0182296488011366,1.016104508935112
KHM,10T12,1.0452465145351415,1.0192073823999999,1.016104508935112
KHM,13T15,1.0392414800626362,1.019555373101061,1.016104508935112
KHM,16,1.0237277203121233,1.017390104739151,1.016104508935112
KHM,17T18,1.0491040982109474,1.0197688942007999,1.016104508935112
KHM,19,0.8646716766529311,1.0213794797167584,1.016104508935112
KHM,20,1.056909332667598,1.019994857213021,1.016104508935112
KHM,21,1.0292399265181609,1.0174575338901763,1.016104508935112
KHM,22,0.9887988847538687,1.02277832752629,1.016104508935112
KHM,23,1.0518880128552295,1.0181699014652588,1.016104508935112
KHM,24,1.2025570991557233,1.0214384200335433,1.016104508935112
KHM,25,1.0742254420771522,1.0251466709080908,1.016104508935112
KHM,26,1.0221891520696216,1.0205469222384822,1.016104508935112
KHM,27,1.0502891804558836,1.0227808067001785,1.016104508935112
KHM,28,1.0369144436623206,1.022757017787021,1.016104508935112
KHM,29T30,1.0262262110104987,1.0224025368419594,1.016104508935112
KHM,31T33,0.9664214589999701,1.021509428516067,1.016104508935112
KHM,35,1.0113729323709728,1.0220361986917526,1.016104508935112
KHM,36T39,1.0160580580781005,1.0217210176733846,1.016104508935112
KHM,41T43,1.0150520424969165,1.0214824954734902,1.016104508935112
KHM,45T47,1.0029351120514765,1.018855914370748,1.016104508935112
KHM,49,0.9735256670921368,1.019224740231581,1.016104508935112
KHM,50,1.0145509163702484,1.0205425700753203,1.016104508935112
KHM,51,0.8574962577901061,1.0199879884094132,1.016104508935112
KHM,52,1.0029519448908346,1.0190174702342436,1.016104508935112
KHM,53,1.0019895280793072,1.0189604969791164,1.016104508935112
KHM,55T56,1.0153352710207586,1.0184854339016376,1.016104508935112
KHM,58T60,1.0022263864681071,1.0187750150494954,1.016104508935112
KHM,61,1.0118896869778378,1.0189290781684845,1.016104508935112
KHM,62T63,0.9925471462819441,1.017219872158459,1.016104508935112
KHM,64T66,1.0083097913920567,1.0168783650485662,1.016104508935112
KHM,68,1.0119518348072702,1.017059537650132,1.016104508935112
KHM,69T75,1.0118107304582737,1.0178028541874602,1.016104508935112
KHM,77T82,1.012844824883811,1.0185241410160277,1.016104508935112
KHM,84,1.016040366328224,1.0187266754674313,1.016104508935112
KHM,85,1.012969896882191,1.0179174044013692,1.016104508935112
KHM,86T88,1.015395783769472,1.0174645618041813,1.016104508935112
KHM,90T93,1.0093565184660263,1.0186092160538227,1.016104508935112
KHM,94T98,1.0138967939689327,1.0183239346637862,1.016104508935112
KOR,01T02,1.0464166951034766,1.0263069820166615,1.0390889686939597
KOR,03,0.9875532411143056,1.0304521168893586,1.0390889686939597
KOR,05T06,0.47220414379189163,1.0242361993865041,1.0390889686939597
KOR,07T08,0.9456769735594918,1.0316175342213105,1.0390889686939597
KOR,10T12,1.022126353028257,1.0414231745516525,1.0390889686939597
KOR,13T15,0.9967602955417526,1.0348453346093542,1.0390889686939597
KOR,16,1.0129725015085482,1.0404024420460891,1.0390889686939597
KOR,17T18,0.9894927124357081,1.037966113091175,1.0390889686939597
KOR,19,0.9502351369263071,1.0456779619747012,1.0390889686939597
KOR,20,0.9856772365580408,1.0469003395790877,1.0390889686939597
KOR,21,1.017521589414498,1.0327295796955585,1.0390889686939597
KOR,22,1.0056782810512284,1.0397531281216161,1.0390889686939597
KOR,23,0.9382973515342077,1.0574173983292492,1.0390889686939597
KOR,24,0.9354918979037983,1.0729325765549456,1.0390889686939597
KOR,25,1.0104243858326354,1.0463139367404999,1.0390889686939597
KOR,26,1.0078136837360683,1.028969541236398,1.0390889686939597
KOR,27,1.0115247056848153,1.0402216161133082,1.0390889686939597
KOR,28,1.0136632076003673,1.0374727696375037,1.0390889686939597
KOR,29T30,0.9976831619075778,1.0390852799367876,1.0390889686939597
KOR,31T33,1.0174569521968317,1.0342855088003398,1.0390889686939597
KOR,35,0.7819088155572664,1.083103369283602,1.0390889686939597
KOR,36T39,1.002297468372405,1.032022158224137,1.0390889686939597
KOR,41T43,1.0356751193539027,1.0406384516539717,1.0390889686939597
KOR,45T47,0.9965196454232,1.0243184588982788,1.0390889686939597
KOR,49,0.9726387564740112,1.0311690538607565,1.0390889686939597
KOR,50,0.9372953257513441,1.0451745173881009,1.0390889686939597
KOR,51,0.8764764743666876,1.0302285554794766,1.0390889686939597
KOR,52,0.9779979050924787,1.0270209347166632,1.0390889686939597
KOR,53,0.97908279716178,1.0284913838379866,1.0390889686939597
KOR,55T56,1.0187947946878355,1.0324981231030808,1.0390889686939597
KOR,58T60,1.0114870711975534,1.0202833790071673,1.0390889686939597
KOR,61,1.0130445359305362,1.0239678674481365,1.0390889686939597
KOR,62T63,1.0122018772094286,1.0165261793592335,1.0390889686939597
KOR,64T66,1.019814737508069,1.0153630059350267,1.0390889686939597
KOR,68,1.0323907643350747,1.0151490641626948,1.0390889686939597
KOR,69T75,1.0037656829776698,1.0290674959092758,1.0390889686939597
KOR,77T82,1.0042511233787326,1.016943582206286,1.0390889686939597
KOR,84,1.0357406046598538,1.0164854662000529,1.0390889686939597
KOR,85,1.0347185524936517,1.0218578204132265,1.0390889686939597
KOR,86T88,1.034833204205137,1.0254618606876522,1.0390889686939597
KOR,90T93,1.0255325868848928,1.0283099684269426,1.0390889686939597
KOR,94T98,1.0233776469274403,1.0281213092945682,1.0390889686939597
LAO,01T02,0.9549197020465635,1.0097222410160418,1.0079334008838818
LAO,03,0.9954261677011202,1.0093222427960122,1.0079334008838818
LAO,05T06,1.0067457958544657,1.0106040907511276,1.0079334008838818
LAO,07T08,0.9964846913879423,1.0103488410072068,1.0079334008838818
LAO,10T12,1.0244018883239838,1.0105334017963774,1.0079334008838818
LAO,13T15,1.0445011571130731,1.0115159063623007,1.0079334008838818
LAO,16,1.0244231935916457,1.0101446651622272,1.0079334008838818
LAO,17T18,1.085290280001182,1.0103497835574344,1.0079334008838818
LAO,19,1.0165364001266464,1.0103750766752928,1.0079334008838818
LAO,20,1.0999763170824146,1.0102565474010294,1.0079334008838818
LAO,21,1.0174017967114277,1.010022658465078,1.0079334008838818
LAO,22,1.0056769399333905,1.0110805386454986,1.0079334008838818
LAO,23,1.0358719401433845,1.010971009109304,1.0079334008838818
LAO,24,1.283822329267062,1.0152840770983063,1.0079334008838818
LAO,25,1.1109709828317054,1.0177322407071525,1.0079334008838818
LAO,26,1.022964261144685,1.0165168639651865,1.0079334008838818
LAO,27,1.0686362728844716,1.0171340589364848,1.0079334008838818
LAO,28,1.0659959078869277,1.0162560764442392,1.0079334008838818
LAO,29T30,1.03989344105954,1.0173059619869969,1.0079334008838818
LAO,31T33,0.9939448298647631,1.0105871075736492,1.0079334008838818
LAO,35,1.0191800658699226,1.0107547329372983,1.0079334008838818
LAO,36T39,1.0113833637961436,1.011199088126102,1.0079334008838818
LAO,41T43,1.0083215054518238,1.0145047230053792,1.0079334008838818
LAO,45T47,1.014183046374696,1.0113165387104583,1.0079334008838818
LAO,49,1.0156840835530314,1.0135628227290847,1.0079334008838818
LAO,50,0.9600086761926685,1.009545805803803,1.0079334008838818
LAO,51,0.9668233747463321,1.0093441166881343,1.0079334008838818
LAO,52,1.0083407654796221,1.009361971483039,1.0079334008838818
LAO,53,1.014089545193281,1.0105614136164027,1.0079334008838818
LAO,55T56,1.0136308388954398,1.0107410232154586,1.0079334008838818
LAO,58T60,1.0106580334683208,1.0109279393398785,1.0079334008838818
LAO,61,1.0114207247937228,1.0109544368957724,1.0079334008838818
LAO,62T63,1.0130185975775101,1.0117036233739976,1.0079334008838818
LAO,64T66,1.0133458645522389,1.0100044276774078,1.0079334008838818
LAO,68,1.008315320600599,1.010746287712601,1.0079334008838818
LAO,69T75,1.014149600853629,1.0113954659258009,1.0079334008838818
LAO,77T82,1.0120397574496351,1.0114224745590783,1.0079334008838818
LAO,84,1.0080082010705174,1.0110096149951304,1.0079334008838818
LAO,85,1.0070316333695444,1.0104198764555006,1.0079334008838818
LAO,86T88,1.0062379935117913,1.0105117918068878,1.0079334008838818
LAO,90T93,1.00733794172936,1.0105293344511261,1.0079334008838818
LAO,94T98,1.012935682678531,1.011660106232799,1.0079334008838818
LTU,01T02,0.7624818279582556,1.0346448781359756,1.0310235553650464
LTU,03,1.0039025041249618,1.0215266390055557,1.0310235553650464
LTU,05T06,0.7502181471377748,1.0235856172032844,1.0310235553650464
LTU,07T08,0.9990279163896096,1.0231068572445636,1.0310235553650464
LTU,10T12,0.9988211606876007,1.0441676990093995,1.0310235553650464
LTU,13T15,1.0363572707971689,1.0167378564060305,1.0310235553650464
LTU,16,1.0149028517156191,1.0398983774278543,1.0310235553650464
LTU,17T18,1.0226378571379766,1.0232051456354865,1.0310235553650464
LTU,19,0.996566243161384,1.0310248397570896,1.0310235553650464
LTU,20,0.7265742240868914,1.0492673479459516,1.0310235553650464
LTU,21,1.0214036410970084,1.01584931619747,1.0310235553650464
LTU,22,1.015573240121232,1.0322831298554178,1.0310235553650464
LTU,23,0.9316548038253316,1.0234614910488857,1.0310235553650464
LTU,24,1.261695756766574,1.0340421612291562,1.0310235553650464
LTU,25,1.044187432053307,1.0230295908506133,1.0310235553650464
LTU,26,1.0290890835910362,1.015651534978001,1.0310235553650464
LTU,27,1.031941387774676,1.0249124180883176,1.0310235553650464
LTU,28,1.019488582153848,1.0228740585671225,1.0310235553650464
LTU,29T30,1.0289402206937137,1.0223322530246757,1.0310235553650464
LTU,31T33,1.040485815723362,1.0195270696202203,1.0310235553650464
LTU,35,1.0478199842025837,1.0212916421613867,1.0310235553650464
LTU,36T39,1.0200203353220234,1.0162395455775042,1.0310235553650464
LTU,41T43,1.0254829020818563,1.018603762969534,1.0310235553650464
LTU,45T47,1.0102056180515726,1.0095706965960392,1.0310235553650464
LTU,49,0.9987387545079877,1.0148642892012438,1.0310235553650464
LTU,50,0.946570018750546,1.0137650123358057,1.0310235553650464
LTU,51,1.1219901539953048,1.0210051785757595,1.0310235553650464
LTU,52,0.9991241796381992,1.012951311390953,1.0310235553650464
LTU,53,1.0216240509944603,1.0111118732525548,1.0310235553650464
LTU,55T56,1.022620567055611,1.0131029897949149,1.0310235553650464
LTU,58T60,1.005157528147758,1.0157524763763048,1.0310235553650464
LTU,61,1.0189712889630997,1.009366938241725,1.0310235553650464
LTU,62T63,1.0149715271925428,1.0078401439548377,1.0310235553650464
LTU,64T66,1.0166812059220103,1.0067047287552786,1.0310235553650464
LTU,68,1.0161902914361436,1.0111888964036935,1.0310235553650464
LTU,69T75,1.003981508630898,1.00881877861304,1.0310235553650464
LTU,77T82,1.01096326558467,1.0112595499500607,1.0310235553650464
LTU,84,1.0275166330749241,1.0081973741752415,1.0310235553650464
LTU,85,1.0286853994976861,1.006568427995321,1.0310235553650464
LTU,86T88,1.0290592794656557,1.0089304889621733,1.0310235553650464
LTU,90T93,1.0247875005264282,1.010020081895915,1.0310235553650464
LTU,94T98,1.0222279512052272,1.009420843821348,1.0310235553650464
LVA,01T02,0.8249381501433648,1.0511905450122612,1.0246982574980856
LVA,03,0.9748137904045151,1.018141586457299,1.0246982574980856
LVA,05T06,0.10694800459517417,1.0264492372751235,1.0246982574980856
LVA,07T08,0.9814023130995959,1.0195128154914606,1.0246982574980856
LVA,10T12,0.9951508618111469,1.0459549224044955,1.0246982574980856
LVA,13T15,1.0143418812860328,1.0213719682352431,1.0246982574980856
LVA,16,0.9589097751120335,1.0549621362618715,1.0246982574980856
LVA,17T18,1.0439521981165722,1.0178616479680458,1.0246982574980856
LVA,19,0.2500288731279227,1.0186115925927643,1.0246982574980856
LVA,20,1.0526630823180645,1.039123772178959,1.0246982574980856
LVA,21,1.01850230511835,1.0133467106374083,1.0246982574980856
LVA,22,1.0356834984915348,1.0272578357552156,1.0246982574980856
LVA,23,0.9087736010435173,1.0233613276037234,1.0246982574980856
LVA,24,1.3050654578887522,1.0335218902088554,1.0246982574980856
LVA,25,1.0219626848240946,1.0285181089331723,1.0246982574980856
LVA,26,1.0276556952086653,1.0146363823597953,1.0246982574980856
LVA,27,1.0373592557199551,1.0184266419448191,1.0246982574980856
LVA,28,1.0180637166732944,1.0207297792615335,1.0246982574980856
LVA,29T30,1.0052109808269742,1.0297137604001614,1.0246982574980856
LVA,31T33,1.0187233973134011,1.0229995004914547,1.0246982574980856
LVA,35,0.9794252109779523,1.0324585195482687,1.0246982574980856
LVA,36T39,1.0243695635855858,1.0153776378343533,1.0246982574980856
LVA,41T43,1.016153283345067,1.0244258803918913,1.0246982574980856
LVA,45T47,1.0013809432192295,1.0098283358790712,1.0246982574980856
LVA,49,0.9665304075944158,1.016070492631057,1.0246982574980856
LVA,50,1.0552755892240888,1.0151248745923065,1.0246982574980856
LVA,51,1.008067614052183,1.0244267137921836,1.0246982574980856
LVA,52,0.9986775794213546,1.0121764351726465,1.0246982574980856
LVA,53,1.019124640100947,1.0078121421282369,1.0246982574980856
LVA,55T56,1.0204039383143366,1.0144150351784156,1.0246982574980856
LVA,58T60,1.0007960621752736,1.0077422454999514,1.0246982574980856
LVA,61,1.0228343706327379,1.0056741978890587,1.0246982574980856
LVA,62T63,1.0142984555610552,1.0034539239244886,1.0246982574980856
LVA,64T66,1.0124211663406097,1.0036163468919699,1.0246982574980856
LVA,68,1.0169208183887148,1.006776337058141,1.0246982574980856
LVA,69T75,1.0082998982828757,1.0056485718333434,1.0246982574980856
LVA,77T82,1.0042103952282593,1.0136754667243166,1.0246982574980856
LVA,84,1.0220592222112503,1.0059159971251523,1.0246982574980856
LVA,85,1.0225975897152375,1.0080375236121255,1.0246982574980856
LVA,86T88,1.022838168972425,1.0097732352996258,1.0246982574980856
LVA,90T93,1.0216525659194886,1.0119071666623145,1.0246982574980856
LVA,94T98,1.0218318414065626,1.010794669209678,1.0246982574980856
MAR,01T02,1.0238589685513622,1.0184952881513567,1.0154895988548676
MAR,03,1.0201882543849439,1.0190367859800176,1.0154895988548676
MAR,05T06,1.005995530253008,1.018203351289897,1.0154895988548676
MAR,07T08,0.9959485008834016,1.0187956819265402,1.0154895988548676
MAR,10T12,1.0325004569187393,1.0186700694714566,1.0154895988548676
MAR,13T15,1.0236358324111243,1.0207481436860624,1.0154895988548676
MAR,16,1.0688455521638693,1.0224066829000251,1.0154895988548676
MAR,17T18,1.0231905045785632,1.0203772029330076,1.0154895988548676
MAR,19,1.0579230307769836,1.0061481401317174,1.0154895988548676
MAR,20,1.0480875189630645,1.017077865309466,1.0154895988548676
MAR,21,1.0167717126991165,1.0181634815163711,1.0154895988548676
MAR,22,1.037597531854169,1.0222542564714419,1.0154895988548676
MAR,23,1.0000176673152865,1.020708809160707,1.0154895988548676
MAR,24,1.1314251130473347,1.0252186215345427,1.0154895988548676
MAR,25,1.038240233329496,1.0237931131136206,1.0154895988548676
MAR,26,1.0161776983809945,1.0242275410090527,1.0154895988548676
MAR,27,1.0398593131590426,1.0239577102349384,1.0154895988548676
MAR,28,1.0275842117196377,1.0239054070908933,1.0154895988548676
MAR,29T30,1.0282549385693451,1.0226652861780818,1.0154895988548676
MAR,31T33,1.045973769405568,1.0210183892555946,1.0154895988548676
MAR,35,1.0155801890104788,1.0152350610254741,1.0154895988548676
MAR,36T39,1.0175879942965635,1.0158579555325533,1.0154895988548676
MAR,41T43,1.0155159861239413,1.0209062606705295,1.0154895988548676
MAR,45T47,1.0074476580668672,1.0188452367481218,1.0154895988548676
MAR,49,0.9939480492909727,1.0201451970647075,1.0154895988548676
MAR,50,1.0093415960182195,1.0215047717744503,1.0154895988548676
MAR,51,0.868772341701532,1.0223357590692426,1.0154895988548676
MAR,52,1.0035981218637762,1.0186831722994847,1.0154895988548676
MAR,53,1.0109937359844703,1.0186253836053323,1.0154895988548676
MAR,55T56,1.0187199031769185,1.0182348988925551,1.0154895988548676
MAR,58T60,1.0049725122589024,1.0193769217397932,1.0154895988548676
MAR,61,1.0117567386987025,1.0180507361604767,1.0154895988548676
MAR,62T63,1.0062256249447974,1.0175262342829854,1.0154895988548676
MAR,64T66,1.0140368253779515,1.0174081749497594,1.0154895988548676
MAR,68,1.01170562098913,1.0175722787839638,1.0154895988548676
MAR,69T75,1.010364059255277,1.0176718506959397,1.0154895988548676
MAR,77T82,1.0076418932429405,1.0178452365887762,1.0154895988548676
MAR,84,1.0149666947383187,1.0180867343531834,1.0154895988548676
MAR,85,1.0152422078675822,1.0178196974480314,1.0154895988548676
MAR,86T88,1.0151840074152407,1.017955717510605,1.0154895988548676
MAR,90T93,1.0129074397332292,1.0183454466767243,1.0154895988548676
MAR,94T98,1.01477304152196,1.0181144340642503,1.0154895988548676
MEX,01T02,0.997570071612806,1.0174436812590169,1.0153596375492988
MEX,03,1.0148007401770023,1.0194137082163812,1.0153596375492988
MEX,05T06,0.9403311573939136,1.0172453089786742,1.0153596375492988
MEX,07T08,1.053926443983342,1.0175299965871263,1.0153596375492988
MEX,10T12,1.02994890809629,1.0181157592220214,1.0153596375492988
MEX,13T15,1.0373242651532,1.0184857241343013,1.0153596375492988
MEX,16,1.0357874771610496,1.0180120408379945,1.0153596375492988
MEX,17T18,1.0285291328902635,1.0193938369506543,1.0153596375492988
MEX,19,1.0393401278992693,1.0216405931105574,1.0153596375492988
MEX,20,0.9770703500315867,1.0203349689601608,1.0153596375492988
MEX,21,1.014384535303885,1.018715014709575,1.0153596375492988
MEX,22,1.0218315771302748,1.020232701076478,1.0153596375492988
MEX,23,0.971827468785429,1.018624787322017,1.0153596375492988
MEX,24,1.101233818147206,1.019464408546143,1.0153596375492988
MEX,25,1.0581236718375362,1.0217060144350203,1.0153596375492988
MEX,26,1.0203981116833958,1.0213968874589803,1.0153596375492988
MEX,27,1.0429935412064641,1.022855665143475,1.0153596375492988
MEX,28,1.0277626920068812,1.0208633825146267,1.0153596375492988
MEX,29T30,1.0275570239092742,1.0212947245792026,1.0153596375492988
MEX,31T33,0.9928779524400773,1.0199957270432467,1.0153596375492988
MEX,35,1.0180657970543323,1.0186410103578396,1.0153596375492988
MEX,36T39,1.0154041460327545,1.0175022856041083,1.0153596375492988
MEX,41T43,1.0153668739843715,1.0181864186932388,1.0153596375492988
MEX,45T47,1.0163218063770438,1.0162674546643364,1.0153596375492988
MEX,49,1.0106568872235229,1.0187754113006078,1.0153596375492988
MEX,50,0.9820697821386876,1.0170517712308527,1.0153596375492988
MEX,51,1.019450920409807,1.0209489506860656,1.0153596375492988
MEX,52,1.0185456838646665,1.0173962203051536,1.0153596375492988
MEX,53,1.017020123801686,1.0183570819011323,1.0153596375492988
MEX,55T56,1.0204768436576643,1.0168241129952653,1.0153596375492988
MEX,58T60,1.0144643319870779,1.0170656233380386,1.0153596375492988
MEX,61,1.0163109247234923,1.0171277409849602,1.0153596375492988
MEX,62T63,1.0155130901054485,1.0170723958371528,1.0153596375492988
MEX,64T66,1.0149391848041367,1.015848996354654,1.0153596375492988
MEX,68,1.0156488943098356,1.0157799302817718,1.0153596375492988
MEX,69T75,1.013658950521992,1.0162272138861064,1.0153596375492988
MEX,77T82,1.0177631124706399,1.01628879967259,1.0153596375492988
MEX,84,1.0153424667308266,1.0165735256506683,1.0153596375492988
MEX,85,1.0154176350059056,1.0159487621304497,1.0153596375492988
MEX,86T88,1.0153374146039817,1.01684602888791,1.0153596375492988
MEX,90T93,1.0153552401170343,1.0165082643858336,1.0153596375492988
MEX,94T98,1.0155707254180715,1.016390764254125,1.0153596375492988
MLT,01T02,1.046284851553495,1.0223260256053608,1.034307325600664
MLT,03,1.0129757198696017,1.0445672005114952,1.034307325600664
MLT,05T06,0.9464184790961152,1.033068727693112,1.034307325600664
MLT,07T08,1.0244446228634627,1.0244916676527847,1.034307325600664
MLT,10T12,1.0246439855842535,1.032972193541165,1.034307325600664
MLT,13T15,0.9745245117195181,1.0368613195909953,1.034307325600664
MLT,16,1.0270406296965329,1.0277600138463707,1.034307325600664
MLT,17T18,1.020136224408497,1.0286467138574835,1.034307325600664
MLT,19,0.9923718472896134,1.0402489100213435,1.034307325600664
MLT,20,1.0646804698278338,1.035146992548176,1.034307325600664
MLT,21,0.9905147335708443,1.0374049223732835,1.034307325600664
MLT,22,1.0315577010248513,1.028310790354265,1.034307325600664
MLT,23,1.0782677080621663,1.0359315161548879,1.034307325600664
MLT,24,1.213519304631627,1.029993283929824,1.034307325600664
MLT,25,0.9923286598188661,1.0364768464128542,1.034307325600664
MLT,26,1.0013560053766426,1.0367718710323568,1.034307325600664
MLT,27,1.0186283135245184,1.032179906878098,1.034307325600664
MLT,28,1.0098045780779321,1.0339260880959322,1.034307325600664
MLT,29T30,1.0229394722779435,1.0234496928391952,1.034307325600664
MLT,31T33,1.021118793465253,1.0267386034151862,1.034307325600664
MLT,35,0.9091745555849381,1.079219905305475,1.034307325600664
MLT,36T39,1.0210534997009055,1.0337307237642086,1.034307325600664
MLT,41T43,1.0236543500002289,1.028292622592701,1.034307325600664
MLT,45T47,1.0076872271184703,1.0251695906684426,1.034307325600664
MLT,49,1.0036679036760905,1.0251737037172945,1.034307325600664
MLT,50,0.5573078928602564,1.0264723586966378,1.034307325600664
MLT,51,1.007136475335434,1.0306031313155601,1.034307325600664
MLT,52,0.9778728459887168,1.0250571136295283,1.034307325600664
MLT,53,0.9959420507898508,1.0493779912204741,1.034307325600664
MLT,55T56,1.013692895437993,1.0269007675948865,1.034307325600664
MLT,58T60,1.004895326198942,1.0179377307975201,1.034307325600664
MLT,61,1.0119691500070507,1.0157520156760782,1.034307325600664
MLT,62T63,0.9939797128779139,1.020244076899539,1.034307325600664
MLT,64T66,1.0002263182478195,1.0232386979648307,1.034307325600664
MLT,68,1.0215985313606124,1.0173684018857776,1.034307325600664
MLT,69T75,0.9995355438265581,1.0197844731214056,1.034307325600664
MLT,77T82,0.9972316066840919,1.0235492346031592,1.034307325600664
MLT,84,1.029379877514368,1.0162953846830058,1.034307325600664
MLT,85,1.0292850109807348,1.0127315945252207,1.034307325600664
MLT,86T88,1.0313083329641517,1.019910162302816,1.034307325600664
MLT,90T93,1.0111008595888904,1.014137981507445,1.034307325600664
MLT,94T98,1.0231342631132163,1.0196932226320026,1.034307325600664
MMR,01T02,0.9700461765675593,1.0021546342911998,1.0009160892257172
MMR,03,1.012610988119821,1.001684858934093,1.0009160892257172
MMR,05T06,0.9117620769048054,1.0058784152578981,1.0009160892257172
MMR,07T08,1.0953285226068734,1.0051711546706188,1.0009160892257172
MMR,10T12,1.0364377041763062,1.002371946624474,1.0009160892257172
MMR,13T15,1.062843483251707,1.0072298506117896,1.0009160892257172
MMR,16,1.0036526078376158,1.0038562593850753,1.0009160892257172
MMR,17T18,1.0266770595414811,1.006303102068312,1.0009160892257172
MMR,19,1.0167004440158414,1.0058459130744126,1.0009160892257172
MMR,20,1.0499899789751603,1.0063535555544534,1.0009160892257172
MMR,21,1.0133020195862592,1.0046169468770567,1.0009160892257172
MMR,22,1.0413120915431895,1.0082053530802857,1.0009160892257172
MMR,23,1.022880482275372,1.0060329262809253,1.0009160892257172
MMR,24,1.3476579886405442,1.0103623531180232,1.0009160892257172
MMR,25,1.0485043958942795,1.0146410564369117,1.0009160892257172
MMR,26,1.0115459757876792,1.0095566387479677,1.0009160892257172
MMR,27,1.0440003497792285,1.0124431371668692,1.0009160892257172
MMR,28,1.0311225275698677,1.013433510042648,1.0009160892257172
MMR,29T30,1.026653148775141,1.0116849084716975,1.0009160892257172
MMR,31T33,1.0261241783361048,1.0073677958529477,1.0009160892257172
MMR,35,1.0156777204377396,1.004321522962897,1.0009160892257172
MMR,36T39,1.0158949463793838,1.0048626273333063,1.0009160892257172
MMR,41T43,1.0009147630181294,1.0073621025625652,1.0009160892257172
MMR,45T47,1.0107922691663291,1.00325404383544,1.0009160892257172
MMR,49,1.0005307919034432,1.0046925366658388,1.0009160892257172
MMR,50,1.0224358076581361,1.0070056071349518,1.0009160892257172
MMR,51,1.0360385356850506,1.005405003396736,1.0009160892257172
MMR,52,1.0155269448311972,1.0048589583699103,1.0009160892257172
MMR,53,1.0131652929698773,1.0040482800947557,1.0009160892257172
MMR,55T56,1.0137634408625689,1.0030344557236297,1.0009160892257172
MMR,58T60,1.0242587070218003,1.0049886852655912,1.0009160892257172
MMR,61,1.0066731780358231,1.0037304372141007,1.0009160892257172
MMR,62T63,1.0151855964583791,1.0042862131954748,1.0009160892257172
MMR,64T66,1.0022012586763558,1.00296050458134,1.0009160892257172
MMR,68,1.0032490593023073,1.0029103518367832,1.0009160892257172
MMR,69T75,1.0202303406852964,1.0039452597478808,1.0009160892257172
MMR,77T82,1.0111538372256075,1.0034508486494247,1.0009160892257172
MMR,84,1.0010366134422035,1.0032608971870687,1.0009160892257172
MMR,85,1.0013083752804173,1.0029091691123135,1.0009160892257172
MMR,86T88,1.0012581950282808,1.0038099307448598,1.0009160892257172
MMR,90T93,1.008277015890801,1.0033075373569937,1.0009160892257172
MMR,94T98,1.0031182018307363,1.0041902184364133,1.0009160892257172
NLD,01T02,1.0543836471110863,1.0368612389752783,1.0309447012726034
NLD,03,0.9354812569603516,1.0220061998355583,1.0309447012726034
NLD,05T06,0.9429221707182605,1.0327875369430881,1.0309447012726034
NLD,07T08,0.999517704068812,1.0415227462998158,1.0309447012726034
NLD,10T12,1.0049632826064907,1.043038487382724,1.0309447012726034
NLD,13T15,0.986445037313762,1.03279112363145,1.0309447012726034
NLD,16,1.057507056646552,1.028296722278927,1.0309447012726034
NLD,17T18,1.0219635109357283,1.0262458209266694,1.0309447012726034
NLD,19,0.9705448443903609,1.0460042058776713,1.0309447012726034
NLD,20,0.9508925202761556,1.0383348004153667,1.0309447012726034
NLD,21,0.9978810452185093,1.0218537497270812,1.0309447012726034
NLD,22,1.0299228713548991,1.033184711448131,1.0309447012726034
NLD,23,1.0609772644048032,1.0314027023316188,1.0309447012726034
NLD,24,0.9565387561417102,1.0449095182262274,1.0309447012726034
NLD,25,1.0253175245031378,1.0325197847032803,1.0309447012726034
NLD,26,1.0245906907810618,1.0210494166589454,1.0309447012726034
NLD,27,1.0336663817538447,1.0248893381410746,1.0309447012726034
NLD,28,1.0271528190468346,1.024166345883549,1.0309447012726034
NLD,29T30,1.0244523999156325,1.0252540155622683,1.0309447012726034
NLD,31T33,1.0256680968646958,1.0235652466098324,1.0309447012726034
NLD,35,0.8391835684882809,1.038855505354782,1.0309447012726034
NLD,36T39,1.0188123105398208,1.0221632628364743,1.0309447012726034
NLD,41T43,1.0236963645252968,1.0264678782719419,1.0309447012726034
NLD,45T47,1.0134960989435684,1.0188264270337912,1.0309447012726034
NLD,49,1.009513511009459,1.0237794867026844,1.0309447012726034
NLD,50,0.9191578820614561,1.037788086010804,1.0309447012726034
NLD,51,0.9730638986010064,1.0266952331255492,1.0309447012726034
NLD,52,1.0092097922104752,1.0204789773338252,1.0309447012726034
NLD,53,1.019366220239037,1.0188463206656424,1.0309447012726034
NLD,55T56,1.0229846859908491,1.0240572303637911,1.0309447012726034
NLD,58T60,1.008308449828535,1.0190801809708105,1.0309447012726034
NLD,61,1.0159184113600737,1.0188413553621019,1.0309447012726034
NLD,62T63,1.0080716627797306,1.016917660173544,1.0309447012726034
NLD,64T66,1.0194141157198913,1.0160846339629135,1.0309447012726034
NLD,68,1.0265676911862376,1.0181090222691027,1.0309447012726034
NLD,69T75,1.0085800538476961,1.0178515276915652,1.0309447012726034
NLD,77T82,1.0089802219907835,1.0178520366943347,1.0309447012726034
NLD,84,1.0279055177210068,1.017942539638316,1.0309447012726034
NLD,85,1.0281071032240263,1.017037579112402,1.0309447012726034
NLD,86T88,1.029800674588166,1.0180305688022475,1.0309447012726034
NLD,90T93,1.0222172154250493,1.0224550235464198,1.0309447012726034
NLD,94T98,1.0251240067546283,1.0208495087525131,1.0309447012726034
NOR,01T02,1.0472845512007487,1.0177750462914747,1.0158898092372142
NOR,03,1.0264092830736489,1.0174249409390892,1.0158898092372142
NOR,05T06,0.9993004195137489,1.0156888238255217,1.0158898092372142
NOR,07T08,1.0331869854676132,1.017263823060321,1.0158898092372142
NOR,10T12,1.0441425732906549,1.0182918977657782,1.0158898092372142
NOR,13T15,1.041914000006732,1.0175105161301419,1.0158898092372142
NOR,16,1.0692721868090935,1.0203560843750954,1.0158898092372142
NOR,17T18,1.040865631169718,1.0185593908597117,1.0158898092372142
NOR,19,1.0234486215172345,1.0165227530948893,1.0158898092372142
NOR,20,0.9901410861873712,1.0184466074468956,1.0158898092372142
NOR,21,1.0068553272328455,1.0168612873953902,1.0158898092372142
NOR,22,1.053642718589359,1.0198930422944337,1.0158898092372142
NOR,23,1.038811332354694,1.0181113202283905,1.0158898092372142
NOR,24,1.101551856695232,1.02216597584841,1.0158898092372142
NOR,25,1.0520272725869486,1.0203727671374678,1.0158898092372142
NOR,26,1.0224346130712791,1.018245045843094,1.0158898092372142
NOR,27,1.0435905625326545,1.020196023327456,1.0158898092372142
NOR,28,1.028141971301214,1.0196778563041793,1.0158898092372142
NOR,29T30,1.0279029172507583,1.0201232724103064,1.0158898092372142
NOR,31T33,1.03052065935387,1.0186530662649103,1.0158898092372142
NOR,35,1.0525990198369546,1.0155573994189342,1.0158898092372142
NOR,36T39,1.0194629939007325,1.017377857939971,1.0158898092372142
NOR,41T43,1.0162533103082574,1.0181272411186275,1.0158898092372142
NOR,45T47,1.016385020397163,1.0168292721431669,1.0158898092372142
NOR,49,1.023209234300808,1.0170384691832746,1.0158898092372142
NOR,50,1.0182417909125363,1.0187562886510877,1.0158898092372142
NOR,51,0.9782640164670796,1.018197587165969,1.0158898092372142
NOR,52,1.0168665182053862,1.0178823847639735,1.0158898092372142
NOR,53,1.0169032789539623,1.0169288694001528,1.0158898092372142
NOR,55T56,1.0211494543292308,1.0170909112885653,1.0158898092372142
NOR,58T60,1.0123583554547024,1.016572324442888,1.0158898092372142
NOR,61,1.0165063659587086,1.0159551270661986,1.0158898092372142
NOR,62T63,1.0092511234098143,1.0159491639094484,1.0158898092372142
NOR,64T66,1.0117413476873744,1.015345905820655,1.0158898092372142
NOR,68,1.0159297053808325,1.016051952870745,1.0158898092372142
NOR,69T75,1.007379520099112,1.0162768545527356,1.0158898092372142
NOR,77T82,1.0128702432253,1.0167797886428682,1.0158898092372142
NOR,84,1.0162839895971885,1.0161954316524056,1.0158898092372142
NOR,85,1.0159694361776805,1.015728668273155,1.0158898092372142
NOR,86T88,1.0159447401976276,1.0158935855495985,1.0158898092372142
NOR,90T93,1.0158411474160791,1.0168518070879133,1.0158898092372142
NOR,94T98,1.0165902086558554,1.0164628404879932,1.0158898092372142
NZL,01T02,0.9800251972760133,1.0152644435456057,1.0143628470854353
NZL,03,1.0110281961439178,1.0149290703613554,1.0143628470854353
NZL,05T06,0.9861236784513,1.0122810204815942,1.0143628470854353
NZL,07T08,1.0264897482289028,1.0146572719005607,1.0143628470854353
NZL,10T12,1.0416362449472063,1.0152908884432563,1.0143628470854353
NZL,13T15,1.0454168120560416,1.015931304945128,1.0143628470854353
NZL,16,1.042742219452154,1.0157537720294716,1.0143628470854353
NZL,17T18,1.025196852219524,1.0157028206518037,1.0143628470854353
NZL,19,1.040023071826214,1.0039234201309397,1.0143628470854353
NZL,20,1.023151627226017,1.0140885392345638,1.0143628470854353
NZL,21,1.0064384130419501,1.0165752029465884,1.0143628470854353
NZL,22,1.039552793587526,1.016902258982967,1.0143628470854353
NZL,23,1.0343350369485937,1.0155313984687233,1.0143628470854353
NZL,24,1.063479905668318,1.0150383576951623,1.0143628470854353
NZL,25,1.0442519176538592,1.017703405927413,1.0143628470854353
NZL,26,1.0215664669325744,1.0168818585245938,1.0143628470854353
NZL,27,1.0495427316479986,1.0174416570411782,1.0143628470854353
NZL,28,1.0305220366799734,1.0176525717754268,1.0143628470854353
NZL,29T30,1.0339334246064684,1.0175354348834609,1.0143628470854353
NZL,31T33,1.041758513850593,1.0163809034675992,1.0143628470854353
NZL,35,1.021711717554168,1.0129251836083042,1.0143628470854353
NZL,36T39,1.016155891775295,1.0147899076847067,1.0143628470854353
NZL,41T43,1.0143365518091347,1.0162571216997203,1.0143628470854353
NZL,45T47,1.012455226824226,1.0145087838024347,1.0143628470854353
NZL,49,1.0131585295561794,1.0150898188067254,1.0143628470854353
NZL,50,1.0146116593421384,1.014902658490684,1.0143628470854353
NZL,51,1.0027988758975832,1.0147194245253461,1.0143628470854353
NZL,52,1.015869769359944,1.0148463960602987,1.0143628470854353
NZL,53,1.014869391972574,1.015207945672808,1.0143628470854353
NZL,55T56,1.0181742308225463,1.0151043530468493,1.0143628470854353
NZL,58T60,1.0134210465436064,1.0148695469026616,1.0143628470854353
NZL,61,1.0116929300246655,1.0148888717247402,1.0143628470854353
NZL,62T63,1.0040743164238728,1.0143591227801338,1.0143628470854353
NZL,64T66,1.0111859026358465,1.0145505040705651,1.0143628470854353
NZL,68,1.0134526519666192,1.014811628088249,1.0143628470854353
NZL,69T75,1.0130841358319846,1.0147252258974402,1.0143628470854353
NZL,77T82,1.0145659058869778,1.014877489628382,1.0143628470854353
NZL,84,1.01428775194253,1.0147609923884822,1.0143628470854353
NZL,85,1.0138270399383633,1.0147499811993408,1.0143628470854353
NZL,86T88,1.0141930456515982,1.0148882646636332,1.0143628470854353
NZL,90T93,1.0130570175621578,1.0147364206298015,1.0143628470854353
NZL,94T98,1.0143982726208043,1.0148898047495647,1.0143628470854353
PER,01T02,0.984768276266439,1.0289465389566999,1.029228457708595
PER,03,1.0284338268681985,1.0286496641820349,1.029228457708595
PER,05T06,1.0080991079249655,1.025255402675276,1.029228457708595
PER,07T08,1.0338453745975504,1.0286680859728596,1.029228457708595
PER,10T12,1.0286285932295363,1.0284280990049215,1.029228457708595
PER,13T15,1.021238906335454,1.0283097604574738,1.029228457708595
PER,16,1.0292575643406767,1.0286859365236554,1.029228457708595
PER,17T18,1.0217949948497178,1.0280888547712936,1.029228457708595
PER,19,1.0602301213892225,1.0174338880377358,1.029228457708595
PER,20,1.0373452459943655,1.0285424327259671,1.029228457708595
PER,21,1.0130638812235788,1.0273803141601996,1.029228457708595
PER,22,1.020136918399241,1.0286596624968425,1.029228457708595
PER,23,1.0425526345743432,1.0277614556811707,1.029228457708595
PER,24,1.3472073793251866,1.0283666419192858,1.029228457708595
PER,25,1.0444831342015268,1.0296803429474124,1.029228457708595
PER,26,1.0229213141893556,1.0268327149078056,1.029228457708595
PER,27,1.0346250669953445,1.0274628282787108,1.029228457708595
PER,28,1.0243091204211152,1.0292121470697417,1.029228457708595
PER,29T30,1.0189642444761617,1.0287212872231755,1.029228457708595
PER,31T33,1.0017625808139583,1.0286942331876185,1.029228457708595
PER,35,1.0751150907614715,1.02782923019608,1.029228457708595
PER,36T39,1.052272551546695,1.028067229973736,1.029228457708595
PER,41T43,1.0295607278362542,1.029460252191686,1.029228457708595
PER,45T47,1.018136544389716,1.028652994530412,1.029228457708595
PER,49,1.0236394763354328,1.0281494305818817,1.029228457708595
PER,50,0.9547055428672572,1.027995661700617,1.029228457708595
PER,51,1.027609979376676,1.0274513142490553,1.029228457708595
PER,52,1.0209804654091157,1.0282419946517722,1.029228457708595
PER,53,1.026978328316371,1.0283267329986965,1.029228457708595
PER,55T56,1.0254154657279715,1.0286443540290746,1.029228457708595
PER,58T60,1.0130424114658045,1.0280838334405742,1.029228457708595
PER,61,1.0245441359850183,1.0278842573386884,1.029228457708595
PER,62T63,1.0254502542224582,1.0286237193589027,1.029228457708595
PER,64T66,1.0385038776017377,1.0286940708517276,1.029228457708595
PER,68,1.0259317842246427,1.0290311060782804,1.029228457708595
PER,69T75,1.027685421566667,1.0282122510971041,1.029228457708595
PER,77T82,1.0466805556899295,1.0286606032202352,1.029228457708595
PER,84,1.0257777984027474,1.0286249894991657,1.029228457708595
PER,85,1.0285237155371938,1.0289733141932798,1.029228457708595
PER,86T88,1.0285000300773495,1.0286393637046103,1.029228457708595
PER,90T93,1.0250079945569157,1.0285038318192459,1.029228457708595
PER,94T98,1.0284390210388166,1.0288024880248539,1.029228457708595
PHL,01T02,1.0097078381001028,1.0168439312408641,1.0143978828637519
PHL,03,1.01607732938152,1.0167111010889787,1.0143978828637519
PHL,05T06,0.9617605080841463,1.0169011550646967,1.0143978828637519
PHL,07T08,1.0191270895056408,1.0172146146237917,1.0143978828637519
PHL,10T12,1.027169711714233,1.0174941167580471,1.0143978828637519
PHL,13T15,1.0291095324775799,1.0184485247236121,1.0143978828637519
PHL,16,1.0450136772371243,1.019280974866694,1.0143978828637519
PHL,17T18,1.0026307061506579,1.0195798842074193,1.0143978828637519
PHL,19,1.041863971349978,1.0053079384147867,1.0143978828637519
PHL,20,1.043155572884102,1.0179584151094072,1.0143978828637519
PHL,21,1.0217001702992108,1.0179638900200334,1.0143978828637519
PHL,22,1.05403468683151,1.019192203143929,1.0143978828637519
PHL,23,1.0167065896517316,1.0147929525317707,1.0143978828637519
PHL,24,1.2115294795686153,1.0123316281597614,1.0143978828637519
PHL,25,1.072643265015281,1.0220350142689842,1.0143978828637519
PHL,26,1.0201896107897643,1.0198826127715461,1.0143978828637519
PHL,27,1.051189419725998,1.019918309095913,1.0143978828637519
PHL,28,1.038170643413386,1.0199353611567883,1.0143978828637519
PHL,29T30,1.0265941848152471,1.020569934713224,1.0143978828637519
PHL,31T33,1.0389580901294466,1.019034228440238,1.0143978828637519
PHL,35,1.016546015440803,1.015930278839488,1.0143978828637519
PHL,36T39,1.0168205802538606,1.0175395629534514,1.0143978828637519
PHL,41T43,1.014853217135064,1.0212919887010445,1.0143978828637519
PHL,45T47,1.0134082937412159,1.0176667254567737,1.0143978828637519
PHL,49,1.0094451244293101,1.0166842028230547,1.0143978828637519
PHL,50,1.0002843178897216,1.0165165210836817,1.0143978828637519
PHL,51,0.9825198577397473,1.016361191823211,1.0143978828637519
PHL,52,1.019373773612811,1.0174027349061416,1.0143978828637519
PHL,53,1.0134115812392324,1.017410167415693,1.0143978828637519
PHL,55T56,1.0176917050142809,1.0175117202751716,1.0143978828637519
PHL,58T60,1.003910788221536,1.0179702032695048,1.0143978828637519
PHL,61,1.0131752134962204,1.0170420983570807,1.0143978828637519
PHL,62T63,0.988113331742169,1.0173738981876905,1.0143978828637519
PHL,64T66,1.0112299757688386,1.0168850663691884,1.0143978828637519
PHL,68,1.0120467780295324,1.017291700651135,1.0143978828637519
PHL,69T75,1.005676442096598,1.0172552839078859,1.0143978828637519
PHL,77T82,1.006611222910618,1.0177790045854103,1.0143978828637519
PHL,84,1.0143545311074984,1.0170538563455995,1.0143978828637519
PHL,85,1.0142132012384193,1.0168769910868534,1.0143978828637519
PHL,86T88,1.0138515311067662,1.0172252145307776,1.0143978828637519
PHL,90T93,1.0107920828716264,1.0175737484019567,1.0143978828637519
PHL,94T98,1.01425418835843,1.0183471694422386,1.0143978828637519
POL,01T02,0.8755722019462481,1.0414973479483027,1.032825389045294
POL,03,0.9922985522613136,1.0191933861604605,1.032825389045294
POL,05T06,0.6821274678274969,1.0191114060246564,1.032825389045294
POL,07T08,0.9317352609861027,1.0371944179875814,1.032825389045294
POL,10T12,0.9931195427085231,1.0481914998070798,1.032825389045294
POL,13T15,1.029879127149238,1.0208098852131864,1.032825389045294
POL,16,0.9931956478760394,1.0406682288367937,1.032825389045294
POL,17T18,1.0078216034038725,1.0278637841997917,1.032825389045294
POL,19,0.941150734363789,1.0424155854830568,1.032825389045294
POL,20,0.8785778536025828,1.0410021605343012,1.032825389045294
POL,21,0.9999736005720027,1.0088288563526115,1.032825389045294
POL,22,1.0189322303516697,1.0337963377552863,1.032825389045294
POL,23,0.909423175739458,1.045084888339609,1.032825389045294
POL,24,0.9181544096985512,1.0631815559589424,1.032825389045294
POL,25,1.015607269655921,1.0327597053906867,1.032825389045294
POL,26,1.0193537360526832,1.0238632202028826,1.032825389045294
POL,27,1.0203345876310341,1.0308722236437737,1.032825389045294
POL,28,1.014536461667346,1.0279425435580403,1.032825389045294
POL,29T30,1.0216075431870666,1.02511348915522,1.032825389045294
POL,31T33,1.0331011916393373,1.022353897209891,1.032825389045294
POL,35,0.7376194980299389,1.039058108963939,1.032825389045294
POL,36T39,1.0006836625861377,1.0237466524738585,1.032825389045294
POL,41T43,1.0102165937477179,1.0236311853869537,1.032825389045294
POL,45T47,1.0103893307590979,1.0109022512835948,1.032825389045294
POL,49,0.9655531776340628,1.0202242817432838,1.032825389045294
POL,50,1.0417682716447865,1.0175059658010326,1.032825389045294
POL,51,1.0400357831334883,1.019250506752302,1.032825389045294
POL,52,1.0011846667079927,1.0196168963331373,1.032825389045294
POL,53,1.0192887166684053,1.0142521572954124,1.032825389045294
POL,55T56,1.0223700701063039,1.0220818230059612,1.032825389045294
POL,58T60,1.0300505443061256,1.0099354325049488,1.032825389045294
POL,61,1.024156937958901,1.0103979513345291,1.032825389045294
POL,62T63,1.0271404936085342,1.004507654696351,1.032825389045294
POL,64T66,1.0156036607570933,1.0061457545129349,1.032825389045294
POL,68,1.0176991375173434,1.043708883281728,1.032825389045294
POL,69T75,1.0184120164688337,1.0068298982472192,1.032825389045294
POL,77T82,1.0081042845950732,1.0146459050346144,1.032825389045294
POL,84,1.0294288961315712,1.0050968359924204,1.032825389045294
POL,85,1.030355622821433,1.0077356296644824,1.032825389045294
POL,86T88,1.0301650506922673,1.0125667921954897,1.032825389045294
POL,90T93,1.026692470980792,1.0207154298394756,1.032825389045294
POL,94T98,1.023299526832109,1.011488696347666,1.032825389045294
PRT,01T02,1.0030005163519669,1.0351253610109625,1.030721987782882
PRT,03,0.9873033322284761,1.02286830796449,1.030721987782882
PRT,05T06,0.5155193621916637,1.038356163989086,1.030721987782882
PRT,07T08,0.9791209851378191,1.0328248971034284,1.030721987782882
PRT,10T12,1.008281280360776,1.0477989821078713,1.030721987782882
PRT,13T15,1.0163258511072135,1.0238465859849621,1.030721987782882
PRT,16,0.992801102185871,1.042263870175422,1.030721987782882
PRT,17T18,0.9775677936486812,1.040191252064367,1.030721987782882
PRT,19,0.9629066992922354,1.0587961609851242,1.030721987782882
PRT,20,0.9645378751583602,1.0439393913116377,1.030721987782882
PRT,21,1.006140703661018,1.02630727208907,1.030721987782882
PRT,22,1.0149159918631177,1.0359658321363634,1.030721987782882
PRT,23,0.9091554775332721,1.0419162200783052,1.030721987782882
PRT,24,1.0870761829743114,1.0466309695104388,1.030721987782882
PRT,25,1.0140754694566383,1.0333673634386058,1.030721987782882
PRT,26,1.0162284334871177,1.0251492929191242,1.030721987782882
PRT,27,1.0139980589145214,1.0349386690772187,1.030721987782882
PRT,28,1.010032273795975,1.0325358016276065,1.030721987782882
PRT,29T30,1.0186715980230412,1.0280099651626906,1.030721987782882
PRT,31T33,1.0209350508981963,1.0269185663128524,1.030721987782882
PRT,35,0.9091375785991691,1.0794834467651373,1.030721987782882
PRT,36T39,1.0299683939000674,1.0280410411577627,1.030721987782882
PRT,41T43,1.0233187253146387,1.0335778991717794,1.030721987782882
PRT,45T47,1.011185832390524,1.020055426898152,1.030721987782882
PRT,49,0.9646465667331309,1.0268468109041957,1.030721987782882
PRT,50,0.887296724346923,1.027782630826301,1.030721987782882
PRT,51,0.9719005923524713,1.0279977508736844,1.030721987782882
PRT,52,1.006617942222445,1.0193448635708016,1.030721987782882
PRT,53,1.0196353670015488,1.017482514055351,1.030721987782882
PRT,55T56,1.0188827310844208,1.0260746500690756,1.030721987782882
PRT,58T60,1.013980609580652,1.0197951812549673,1.030721987782882
PRT,61,1.0198804831830741,1.0186232893739253,1.030721987782882
PRT,62T63,1.0153796329389893,1.0163470333819895,1.030721987782882
PRT,64T66,1.0191967761415024,1.014865484092426,1.030721987782882
PRT,68,1.0285334449831718,1.014393108570017,1.030721987782882
PRT,69T75,1.0121118906340838,1.0177003022755677,1.030721987782882
PRT,77T82,1.0107489867053712,1.0175283046438073,1.030721987782882
PRT,84,1.0272499314356958,1.0183159273168567,1.030721987782882
PRT,85,1.0292547967749812,1.015101143673554,1.030721987782882
PRT,86T88,1.0285584480795262,1.0206625123914157,1.030721987782882
PRT,90T93,1.0237295839359286,1.020769109291545,1.030721987782882
PRT,94T98,1.0273205860124608,1.0193965721349736,1.030721987782882
ROU,01T02,0.9396968432208042,1.0351156689893002,1.030438113205526
ROU,03,1.028848698143831,1.026109328054222,1.030438113205526
ROU,05T06,0.8326775651313311,1.0260519502429994,1.030438113205526
ROU,07T08,0.8942888201604434,1.0273881565366645,1.030438113205526
ROU,10T12,1.0250709996327252,1.0392500081795064,1.030438113205526
ROU,13T15,1.031660722904665,1.019923481489393,1.030438113205526
ROU,16,0.9987446028749846,1.0389129054265078,1.030438113205526
ROU,17T18,1.0114870255992627,1.0268200302801047,1.030438113205526
ROU,19,0.976576121988277,1.0452839431281367,1.030438113205526
ROU,20,0.6994883777654543,1.0455046035889277,1.030438113205526
ROU,21,0.913485356710429,1.0240058571319433,1.030438113205526
ROU,22,1.0149968439114165,1.0347141523782721,1.030438113205526
ROU,23,0.8331122194570183,1.0354694440859111,1.030438113205526
ROU,24,0.9122760468941232,1.0434177773952487,1.030438113205526
ROU,25,0.9929753699082992,1.0323244273116428,1.030438113205526
ROU,26,1.018498199293449,1.024687469448026,1.030438113205526
ROU,27,1.0216803745417729,1.0284921106666067,1.030438113205526
ROU,28,1.0084931583015404,1.0331051952612011,1.030438113205526
ROU,29T30,1.0124836303984357,1.0285290297742415,1.030438113205526
ROU,31T33,1.033590733157847,1.0235370008288485,1.030438113205526
ROU,35,0.8959277449668437,1.0471187586175312,1.030438113205526
ROU,36T39,1.0222347836832886,1.0241649585890087,1.030438113205526
ROU,41T43,1.022566237528273,1.038946825525226,1.030438113205526
ROU,45T47,1.0076823692949886,1.0180164704463375,1.030438113205526
ROU,49,1.0084999885353274,1.02084236685521,1.030438113205526
ROU,50,1.0649949605505524,1.0179195035265338,1.030438113205526
ROU,51,1.0131452182348788,1.0231760278733943,1.030438113205526
ROU,52,1.008405233180132,1.0177688124839137,1.030438113205526
ROU,53,1.0144687589637242,1.0176111408814315,1.030438113205526
ROU,55T56,1.0213460215099803,1.0186995895565776,1.030438113205526
ROU,58T60,1.023115166079983,1.0138039746982768,1.030438113205526
ROU,61,1.0181590639167952,1.0185583678516588,1.030438113205526
ROU,62T63,1.0108386003069219,1.011824228047087,1.030438113205526
ROU,64T66,1.008886177377735,1.009992987337709,1.030438113205526
ROU,68,1.0251385549424814,1.0085627072353882,1.030438113205526
ROU,69T75,1.008373497199739,1.0160788244837764,1.030438113205526
ROU,77T82,1.0103970411804495,1.0159318986357428,1.030438113205526
ROU,84,1.0276314708128294,1.0077998397069758,1.030438113205526
ROU,85,1.02511060727108,1.0086108469524757,1.030438113205526
ROU,86T88,1.0275770648714588,1.0129750227301384,1.030438113205526
ROU,90T93,1.0265931973479714,1.015456737842254,1.030438113205526
ROU,94T98,1.0229931849284308,1.0155040799459207,1.030438113205526
ROW,01T02,0.9802085957942303,0.9972344132030159,0.9954936047803042
ROW,03,1.0025571914399716,0.9974666830849315,0.9954936047803042
ROW,05T06,0.9172718001217068,0.9964839661109641,0.9954936047803042
ROW,07T08,1.0379566265149056,0.9971716120726044,0.9954936047803042
ROW,10T12,1.0322021808712387,0.9990253226831068,0.9954936047803042
ROW,13T15,1.05148138087988,1.0010733795033688,0.9954936047803042
ROW,16,1.0523585345774396,0.9994252892686024,0.9954936047803042
ROW,17T18,1.0348463263827126,1.0010884010025263,0.9954936047803042
ROW,19,1.0303876732671455,0.9968300845947293,0.9954936047803042
ROW,20,1.0088901454555301,1.0015349550540837,0.9954936047803042
ROW,21,1.0272941313925135,1.0006697801137108,0.9954936047803042
ROW,22,0.998654822909673,1.0041827009499842,0.9954936047803042
ROW,23,1.0071755277212908,0.9993580471159793,0.9954936047803042
ROW,24,1.1782392099326215,1.0037271489548831,0.9954936047803042
ROW,25,1.062372742629229,1.0047094740093403,0.9954936047803042
ROW,26,1.0185188134959657,1.0039121628219443,0.9954936047803042
ROW,27,1.0429415970054534,1.0059204291159474,0.9954936047803042
ROW,28,1.0327377677008422,1.0051258504847256,0.9954936047803042
ROW,29T30,1.0370292165586585,1.0046072462306965,0.9954936047803042
ROW,31T33,0.9717808585179913,1.0022184702924455,0.9954936047803042
ROW,35,1.0021171967054294,0.997088789128907,0.9954936047803042
ROW,36T39,1.0086918530494164,0.9980986709295362,0.9954936047803042
ROW,41T43,0.9961439867578311,1.0010606301031177,0.9954936047803042
ROW,45T47,1.0093811443034917,0.997253887554135,0.9954936047803042
ROW,49,1.0048836898233915,0.9984991818628153,0.9954936047803042
ROW,50,1.036993738477859,1.000644993025027,0.9954936047803042
ROW,51,0.9651804715232826,1.000138890612546,0.9954936047803042
ROW,52,1.0197115787365452,0.9985068461453561,0.9954936047803042
ROW,53,1.0110685768155785,0.9975991464075904,0.9954936047803042
ROW,55T56,1.0169295880575784,0.9982448104573971,0.9954936047803042
ROW,58T60,1.0186679037174537,0.9984724288783744,0.9954936047803042
ROW,61,1.0019193271547946,0.9976780493300682,0.9954936047803042
ROW,62T63,1.0100038213403402,0.9974533166747989,0.9954936047803042
ROW,64T66,1.0116644566098711,0.9968902978993562,0.9954936047803042
ROW,68,0.9998349282247548,0.9962296177201736,0.9954936047803042
ROW,69T75,1.0164504238059817,0.9973228466064458,0.9954936047803042
ROW,77T82,1.0119609934461296,0.9976164259017911,0.9954936047803042
ROW,84,0.996085762709735,0.9974540310479373,0.9954936047803042
ROW,85,0.9967195868590644,0.9969209062921558,0.9954936047803042
ROW,86T88,0.9965890348624257,0.9980456518526355,0.9954936047803042
ROW,90T93,1.0055812395984085,0.9978950664953532,0.9954936047803042
ROW,94T98,0.9983897193218435,0.9981431348857305,0.9954936047803042
RUS,01T02,0.8990014003511104,0.9936688342711777,0.985763041674983
RUS,03,0.9698694286751555,0.9734925659375744,0.985763041674983
RUS,05T06,0.86270800185003,0.9649363245723348,0.985763041674983
RUS,07T08,0.8880408221131268,0.9806789160035773,0.985763041674983
RUS,10T12,0.9802367073689267,1.0192748827816862,0.985763041674983
RUS,13T15,1.0897094515738912,0.986147573891784,0.985763041674983
RUS,16,0.8702070585505509,1.0207450631130968,0.985763041674983
RUS,17T18,0.9818340528575172,1.0086572870179469,0.985763041674983
RUS,19,0.9254184940388076,0.9940443805525018,0.985763041674983
RUS,20,0.7419589453977924,1.0280279486406887,0.985763041674983
RUS,21,0.989844671624659,0.983649611556727,0.985763041674983
RUS,22,0.9199287087273451,1.0426509038385579,0.985763041674983
RUS,23,0.7685957658928778,1.051200534104266,0.985763041674983
RUS,24,0.7006936351819236,1.049060923925684,0.985763041674983
RUS,25,0.9446415044392988,1.0386529245268652,0.985763041674983
RUS,26,1.0103961360802576,0.9875022566574566,0.985763041674983
RUS,27,0.9590758334896717,1.0352691834415393,0.985763041674983
RUS,28,0.9618037580356714,1.0246047194467736,0.985763041674983
RUS,29T30,0.9954822931733396,1.006330787800075,0.985763041674983
RUS,31T33,0.968239385200613,1.001414555812459,0.985763041674983
RUS,35,0.6315836150330552,1.093275559181078,0.985763041674983
RUS,36T39,0.8816623976806522,1.0356997069366116,0.985763041674983
RUS,41T43,0.9659738819191934,1.0023506829956417,0.985763041674983
RUS,45T47,0.983101572728692,0.9668589380942213,0.985763041674983
RUS,49,0.8731720740833497,0.9833619307261109,0.985763041674983
RUS,50,0.778377782173539,0.9773777594145661,0.985763041674983
RUS,51,0.9353400634621373,0.9916785916898878,0.985763041674983
RUS,52,0.9422099716561472,0.9850393127049238,0.985763041674983
RUS,53,0.9969332629917431,0.9702441948621227,0.985763041674983
RUS,55T56,1.0200792756463997,0.9792774995681277,0.985763041674983
RUS,58T60,1.0802147312393204,0.963845861361294,0.985763041674983
RUS,61,0.9985690648884433,0.96475574975312,0.985763041674983
RUS,62T63,1.0538333726685576,0.9532492810741983,0.985763041674983
RUS,64T66,0.9762694833358427,0.945643064283006,0.985763041674983
RUS,68,0.9784562753038443,0.9622594036421158,0.985763041674983
RUS,69T75,0.998814344571056,0.9607951813573211,0.985763041674983
RUS,77T82,0.9458505015950883,0.956759670818772,0.985763041674983
RUS,84,0.9827784680372286,0.9634198616529954,0.985763041674983
RUS,85,0.986104650280813,0.9572245135716807,0.985763041674983
RUS,86T88,0.9846432849350848,0.9672820355960488,0.985763041674983
RUS,90T93,0.9927737101555456,0.9662882088049484,0.985763041674983
RUS,94T98,0.9915993392283086,0.9531032164291052,0.985763041674983
SAU,01T02,1.0483136564628486,0.9887906915355021,0.992009109391384
SAU,03,0.9875252418215458,0.9986430547748749,0.992009109391384
SAU,05T06,0.9513750972199804,0.9601933092309208,0.992009109391384
SAU,07T08,0.9834428851697238,0.9670318878074511,0.992009109391384
SAU,10T12,1.0109750452216326,0.996863766179538,0.992009109391384
SAU,13T15,1.0073889178974653,1.0050676058455221,0.992009109391384
SAU,16,0.8302323006789487,1.0128502183403187,0.992009109391384
SAU,17T18,0.972599717877146,1.0157173484140158,0.992009109391384
SAU,19,0.9531420592315701,0.9903259307562425,0.992009109391384
SAU,20,0.8624348529850868,0.9944981364300072,0.992009109391384
SAU,21,0.9390889131577398,1.0048814688426195,0.992009109391384
SAU,22,0.37354794685289666,1.0266766427677954,0.992009109391384
SAU,23,0.8336682224955133,1.0117870425135163,0.992009109391384
SAU,24,1.1383268944087157,1.0061591959626393,0.992009109391384
SAU,25,1.0025847841651634,1.0050288971501922,0.992009109391384
SAU,26,0.9922292643936657,1.0070596265388687,0.992009109391384
SAU,27,0.9944031186450266,1.016370165185589,0.992009109391384
SAU,28,0.9756938899511681,1.0100514498938784,0.992009109391384
SAU,29T30,1.0480344577070368,1.003833010274264,0.992009109391384
SAU,31T33,0.4482123885649611,1.0126593583920658,0.992009109391384
SAU,35,0.5946208597912157,0.9949388568754549,0.992009109391384
SAU,36T39,0.9649950163962594,0.9941776504574109,0.992009109391384
SAU,41T43,0.9652294362599618,1.0138995166949607,0.992009109391384
SAU,45T47,0.9728762191365494,0.9929150132552312,0.992009109391384
SAU,49,0.7837675666148949,0.9939229377007189,0.992009109391384
SAU,50,0.8187606605423111,1.0013740046390616,0.992009109391384
SAU,51,0.9413132884231085,1.0077290969414148,0.992009109391384
SAU,52,0.9669462743219623,1.00464420628038,0.992009109391384
SAU,53,0.9218362118072243,1.0166447766534281,0.992009109391384
SAU,55T56,1.0004084101210309,1.0009426401243287,0.992009109391384
SAU,58T60,1.0469244159126212,0.9919685954088913,0.992009109391384
SAU,61,0.9682816593833504,0.9948623190521345,0.992009109391384
SAU,62T63,0.987235923299436,0.9940485806650813,0.992009109391384
SAU,64T66,1.0105607384997044,0.9679729291678776,0.992009109391384
SAU,68,0.9913673351131176,0.9665258805768873,0.992009109391384
SAU,69T75,0.9583210532811842,1.0217553837979816,0.992009109391384
SAU,77T82,0.9562792721421491,1.0304221439530608,0.992009109391384
SAU,84,0.9863692929186622,0.9670870146666862,0.992009109391384
SAU,85,0.990602600518015,0.9689347310708762,0.992009109391384
SAU,86T88,0.9809389369810552,0.9911398829633213,0.992009109391384
SAU,90T93,0.9985457859224757,0.9760078783714097,0.992009109391384
SAU,94T98,0.9837453895208749,0.9708168658373403,0.992009109391384
SGP,01T02,1.013964801123647,1.0141394981724077,1.0149324149086334
SGP,03,1.0170237211720778,1.013846704933739,1.0149324149086334
SGP,05T06,0.9663729248382207,1.0131965732027715,1.0149324149086334
SGP,07T08,1.035394222755605,1.0141692564503015,1.0149324149086334
SGP,10T12,1.0477373449786278,1.0154827773157542,1.0149324149086334
SGP,13T15,1.0443886806280822,1.0152202898116518,1.0149324149086334
SGP,16,1.0449868897398153,1.015567006948556,1.0149324149086334
SGP,17T18,1.0305019991836561,1.0155872263902765,1.0149324149086334
SGP,19,1.0565866107568105,1.0059570063197465,1.0149324149086334
SGP,20,1.0386681227831198,1.0134923486963288,1.0149324149086334
SGP,21,1.033894510593903,1.0143492765360238,1.0149324149086334
SGP,22,0.9736040931030567,1.016696748864663,1.0149324149086334
SGP,23,1.0476355049479815,1.0163449958331934,1.0149324149086334
SGP,24,1.255838341919336,1.0183947008860323,1.0149324149086334
SGP,25,1.0685064584573412,1.0214997874533756,1.0149324149086334
SGP,26,1.023761995196724,1.0178785508517094,1.0149324149086334
SGP,27,1.0556644246502735,1.0205939830172193,1.0149324149086334
SGP,28,1.0403041070115608,1.018471020690824,1.0149324149086334
SGP,29T30,1.0310848568649136,1.0184403440013314,1.0149324149086334
SGP,31T33,0.981596059394434,1.0168094922124156,1.0149324149086334
SGP,35,1.0322780587472953,1.0116569185571782,1.0149324149086334
SGP,36T39,1.018633309309765,1.0142444224782343,1.0149324149086334
SGP,41T43,1.0150338243345216,1.0167015309998906,1.0149324149086334
SGP,45T47,1.0065997946762848,1.0148142990259692,1.0149324149086334
SGP,49,1.002944177617945,1.0134639932759018,1.0149324149086334
SGP,50,0.9457693982620503,1.0202390733273659,1.0149324149086334
SGP,51,0.9664109231167046,1.0148323095690075,1.0149324149086334
SGP,52,1.0044247552968697,1.0141450819671696,1.0149324149086334
SGP,53,1.010497257815235,1.0135545683226843,1.0149324149086334
SGP,55T56,1.0192646098993252,1.014536435827221,1.0149324149086334
SGP,58T60,1.0137068836666945,1.0133605996395298,1.0149324149086334
SGP,61,1.014642014921242,1.0132514192131645,1.0149324149086334
SGP,62T63,0.9962466181426027,1.0114716817864655,1.0149324149086334
SGP,64T66,1.0058405065140084,1.0118479153427742,1.0149324149086334
SGP,68,1.011235362679395,1.0130344024784306,1.0149324149086334
SGP,69T75,1.015257477309116,1.0128044727081456,1.0149324149086334
SGP,77T82,1.0117764897708201,1.0137176648637323,1.0149324149086334
SGP,84,1.0146880551694164,1.0142248114875445,1.0149324149086334
SGP,85,1.0138169812120248,1.0134700716216807,1.0149324149086334
SGP,86T88,1.0143208670701505,1.013754525196418,1.0149324149086334
SGP,90T93,1.011992202261717,1.0135188970237086,1.0149324149086334
SGP,94T98,1.0148733523917965,1.0131312102802874,1.0149324149086334
SVK,01T02,1.0547752887123165,1.0321244775656748,1.0312043914341216
SVK,03,0.9995913651398113,1.02931012580707,1.0312043914341216
SVK,05T06,0.5656217382256226,1.022103522096585,1.0312043914341216
SVK,07T08,0.8621077384417969,1.0331344508181184,1.0312043914341216
SVK,10T12,1.0269134658308556,1.0362289547819945,1.0312043914341216
SVK,13T15,1.0237861797490524,1.0234816871813661,1.0312043914341216
SVK,16,1.0442796000193602,1.0249314802479579,1.0312043914341216
SVK,17T18,1.0107712449924722,1.031437704699555,1.0312043914341216
SVK,19,0.9489468846398088,1.043088698463727,1.0312043914341216
SVK,20,0.7286892954084176,1.0389356557047567,1.0312043914341216
SVK,21,0.8820470775157235,1.0270790904824765,1.0312043914341216
SVK,22,1.0144016523094044,1.0362521654983228,1.0312043914341216
SVK,23,0.7981633359936461,1.0469383762652789,1.0312043914341216
SVK,24,0.6414328210878024,1.0562647118647688,1.0312043914341216
SVK,25,1.0144386282240982,1.0330944783196918,1.0312043914341216
SVK,26,1.0209241749128795,1.0243780604960986,1.0312043914341216
SVK,27,1.0258816239857098,1.02881626226977,1.0312043914341216
SVK,28,1.0062564748050529,1.0353427660737042,1.0312043914341216
SVK,29T30,1.0215971182323638,1.025394254010331,1.0312043914341216
SVK,31T33,1.0598503987685053,1.0241440183412691,1.0312043914341216
SVK,35,1.0023632103877675,1.0521184138088244,1.0312043914341216
SVK,36T39,1.0127510024347455,1.0193386671883553,1.0312043914341216
SVK,41T43,1.0223491689099697,1.022973726735183,1.0312043914341216
SVK,45T47,1.0065801779095365,1.0185270456331146,1.0312043914341216
SVK,49,0.987904838616058,1.0189367559477955,1.0312043914341216
SVK,50,1.0755491334942997,1.0316505017316697,1.0312043914341216
SVK,51,1.09329283123265,1.0381442497661915,1.0312043914341216
SVK,52,0.9968666922532453,1.0235901755768,1.0312043914341216
SVK,53,1.020434911282833,1.015085044564888,1.0312043914341216
SVK,55T56,1.0255698367630417,1.0206546016992404,1.0312043914341216
SVK,58T60,1.0226457084077556,1.0154583423449954,1.0312043914341216
SVK,61,1.0253690845044208,1.0125686054265415,1.0312043914341216
SVK,62T63,1.0135022980704045,1.012273063422968,1.0312043914341216
SVK,64T66,1.0202355058672417,1.0110775995764627,1.0312043914341216
SVK,68,1.024981794535628,1.011610373154104,1.0312043914341216
SVK,69T75,1.006442062538955,1.0197468966585574,1.0312043914341216
SVK,77T82,1.0136062491294457,1.016627936504458,1.0312043914341216
SVK,84,1.0278601162181045,1.0120979401211856,1.0312043914341216
SVK,85,1.0289157391401964,1.013108026426703,1.0312043914341216
SVK,86T88,1.0291562810387447,1.0158173647437245,1.0312043914341216
SVK,90T93,1.0265320927028247,1.0177379326244156,1.0312043914341216
SVK,94T98,1.0248521103775952,1.016845653757935,1.0312043914341216
SVN,01T02,0.8918115766144363,1.0352440750404914,1.0318995201975842
SVN,03,1.035199680042437,1.0241559067240258,1.0318995201975842
SVN,05T06,0.6755079823137919,1.024355186905375,1.0318995201975842
SVN,07T08,0.9230747971043843,1.0354635485453858,1.0318995201975842
SVN,10T12,1.0161990981959381,1.0386951177946024,1.0318995201975842
SVN,13T15,1.0223722098728567,1.0217972848956676,1.0318995201975842
SVN,16,0.9421704645055595,1.0403842998556947,1.0318995201975842
SVN,17T18,0.9748591642877993,1.0324747644710084,1.0318995201975842
SVN,19,0.04468572289128494,1.0330283928576953,1.0318995201975842
SVN,20,1.0423957739037026,1.0362493699515027,1.0318995201975842
SVN,21,1.024538938203479,1.0187798295680812,1.0318995201975842
SVN,22,1.037199568236885,1.0296328379389412,1.0318995201975842
SVN,23,0.8098310507380851,1.0378646521379522,1.0318995201975842
SVN,24,1.118165814549866,1.0466962804407594,1.0318995201975842
SVN,25,1.0331606097555273,1.0295575027676838,1.0318995201975842
SVN,26,1.0223186490992313,1.021018028310948,1.0318995201975842
SVN,27,1.018793789897015,1.0311467934645553,1.0318995201975842
SVN,28,1.012900574094161,1.0306854038556694,1.0318995201975842
SVN,29T30,1.0193147357193169,1.0289637494512296,1.0318995201975842
SVN,31T33,1.0301361798614044,1.0254030945795924,1.0318995201975842
SVN,35,0.872162185493539,1.0385087722795796,1.0318995201975842
SVN,36T39,1.0291022994610248,1.0287833292165562,1.0318995201975842
SVN,41T43,1.0211154936127649,1.030335378723785,1.0318995201975842
SVN,45T47,1.0126949133393723,1.0197099316702654,1.0318995201975842
SVN,49,0.9767863373512307,1.024028550320667,1.0318995201975842
SVN,50,0.7420808134586053,1.052904142787359,1.0318995201975842
SVN,51,1.0695385189808841,1.0246232053581399,1.0318995201975842
SVN,52,1.0074951526874674,1.0239577911979703,1.0318995201975842
SVN,53,1.0142451350706496,1.0177671890047533,1.0318995201975842
SVN,55T56,1.0207497914473185,1.0243589078168651,1.0318995201975842
SVN,58T60,1.0123187421173567,1.0167945469144382,1.0318995201975842
SVN,61,1.0216297752954953,1.0151711367846135,1.0318995201975842
SVN,62T63,1.013694110200444,1.0145855567236846,1.0318995201975842
SVN,64T66,1.0182627527896,1.0141129210628064,1.0318995201975842
SVN,68,1.0302152779488574,1.0137686071023142,1.0318995201975842
SVN,69T75,1.0120318385364053,1.0184734192016693,1.0318995201975842
SVN,77T82,1.0135810337716973,1.0188445183896016,1.0318995201975842
SVN,84,1.0288194865451574,1.0161536131665685,1.0318995201975842
SVN,85,1.028756330815988,1.015917170978852,1.0318995201975842
SVN,86T88,1.030116447806814,1.0169186541132138,1.0318995201975842
SVN,90T93,1.0278021213483657,1.0193541907780685,1.0318995201975842
SVN,94T98,1.0236413806458786,1.0183046050875966,1.0318995201975842
SWE,01T02,0.7990155724966165,1.0658629314445687,1.0277603462607847
SWE,03,0.9739312624952049,1.0226347713892832,1.0277603462607847
SWE,05T06,0.9132012820115154,1.0305077044538629,1.0277603462607847
SWE,07T08,1.0511601851423549,1.0226996466370715,1.0277603462607847
SWE,10T12,1.003773967823922,1.0451190887565216,1.0277603462607847
SWE,13T15,1.0151979660352644,1.0254995183101285,1.0277603462607847
SWE,16,0.9480297427589505,1.0720891500777283,1.0277603462607847
SWE,17T18,0.9669576484113761,1.0467082383327504,1.0277603462607847
SWE,19,0.9936148613434111,1.0441550889783173,1.0277603462607847
SWE,20,0.95289469291986,1.0299144450776072,1.0277603462607847
SWE,21,1.030997349525414,1.0222694277815907,1.0277603462607847
SWE,22,1.039816894169487,1.030097299173984,1.0277603462607847
SWE,23,1.0060979941924202,1.0341913516915464,1.0277603462607847
SWE,24,1.1365327135618617,1.0351459537441887,1.0277603462607847
SWE,25,1.031271400901099,1.031480602260304,1.0277603462607847
SWE,26,1.023017782686233,1.0211308905230423,1.0277603462607847
SWE,27,1.0319444162895852,1.0270260940043012,1.0277603462607847
SWE,28,1.0251626704302492,1.023295433602713,1.0277603462607847
SWE,29T30,1.0253677140003556,1.0239552619532777,1.0277603462607847
SWE,31T33,1.0218627585420499,1.0256556130337386,1.0277603462607847
SWE,35,1.0276577820064283,1.0250506955040508,1.0277603462607847
SWE,36T39,1.0335634228546884,1.0225493539995707,1.0277603462607847
SWE,41T43,1.022981935972518,1.0262192566632362,1.0277603462607847
SWE,45T47,1.0131861084712526,1.018882598867872,1.0277603462607847
SWE,49,1.0076756797001316,1.0224657252712614,1.0277603462607847
SWE,50,0.8497028168304545,1.0305591310100117,1.0277603462607847
SWE,51,0.9792463861399411,1.0260239488198348,1.0277603462607847
SWE,52,1.00643538186094,1.0261581216284994,1.0277603462607847
SWE,53,1.0152495039753995,1.0189303153178841,1.0277603462607847
SWE,55T56,1.0192446095501062,1.0247710739865807,1.0277603462607847
SWE,58T60,1.0129948252013303,1.0181344020986798,1.0277603462607847
SWE,61,1.0172610990993383,1.0177441889462766,1.0277603462607847
SWE,62T63,1.0068089986556839,1.016907141274224,1.0277603462607847
SWE,64T66,1.015615439692606,1.0165700240940747,1.0277603462607847
SWE,68,1.0241011813426697,1.019642882729861,1.0277603462607847
SWE,69T75,1.017541299022484,1.0180311805316338,1.0277603462607847
SWE,77T82,1.0140674969021273,1.0211908096479934,1.0277603462607847
SWE,84,1.0255557965181465,1.0185036917323305,1.0277603462607847
SWE,85,1.0266648199020934,1.017891600360829,1.0277603462607847
SWE,86T88,1.0271163381778663,1.0178858065592757,1.0277603462607847
SWE,90T93,1.0227331103672404,1.0218117615862097,1.0277603462607847
SWE,94T98,1.023794140948095,1.0189626677182464,1.0277603462607847
THA,01T02,1.0180328852158158,1.018233817395813,1.0192720843308096
THA,03,1.0252980793492086,1.0169698500707944,1.0192720843308096
THA,05T06,1.0120917891562213,1.01554970584517,1.0192720843308096
THA,07T08,1.0091218124186923,1.0174035809672384,1.0192720843308096
THA,10T12,1.0399029821241421,1.018318620180099,1.0192720843308096
THA,13T15,1.0295930061572813,1.0185761422477677,1.0192720843308096
THA,16,1.0338431338235712,1.018370693341695,1.0192720843308096
THA,17T18,1.0203273708373046,1.0187161724053249,1.0192720843308096
THA,19,1.0248627247471,1.0056775173496684,1.0192720843308096
THA,20,1.0095445475007387,1.018300916309804,1.0192720843308096
THA,21,1.0192596855328773,1.0195201963509883,1.0192720843308096
THA,22,1.0656294393296548,1.0200872131792331,1.0192720843308096
THA,23,1.0040284797427212,1.0173221446972573,1.0192720843308096
THA,24,1.1155771593550365,1.0220903928581742,1.0192720843308096
THA,25,1.0582142491826256,1.028474693194152,1.0192720843308096
THA,26,1.019727962360297,1.0212000315402068,1.0192720843308096
THA,27,1.0417309103544676,1.0255196897919514,1.0192720843308096
THA,28,1.0201684177309507,1.0259869291171855,1.0192720843308096
THA,29T30,1.0127686480619966,1.0243581705883602,1.0192720843308096
THA,31T33,1.0335884556464445,1.0219736883467891,1.0192720843308096
THA,35,1.0225768081053148,1.0111556955442986,1.0192720843308096
THA,36T39,1.018687559476982,1.0167066559145408,1.0192720843308096
THA,41T43,1.0191749408258817,1.022288631330592,1.0192720843308096
THA,45T47,1.010465981513486,1.0175959949918543,1.0192720843308096
THA,49,0.9877404256286574,1.0144574960878276,1.0192720843308096
THA,50,0.9793443272267753,1.0159994284399676,1.0192720843308096
THA,51,0.9721262297470962,1.0149801940572736,1.0192720843308096
THA,52,1.0207327356823652,1.01628521515682,1.0192720843308096
THA,53,1.0141557716735283,1.0167219330666872,1.0192720843308096
THA,55T56,1.0178379177627472,1.0174078771705666,1.0192720843308096
THA,58T60,1.0028775060262425,1.0174505776274374,1.0192720843308096
THA,61,1.0072353910873924,1.0166745134219495,1.0192720843308096
THA,62T63,1.002220987773031,1.0170893575030897,1.0192720843308096
THA,64T66,1.0127686453942193,1.0170484304039682,1.0192720843308096
THA,68,1.0049152724976065,1.0169510731938056,1.0192720843308096
THA,69T75,1.0088805166972457,1.0168711473701835,1.0192720843308096
THA,77T82,1.0055128781186444,1.016857710735838,1.0192720843308096
THA,84,1.0192736006062268,1.0169398421447229,1.0192720843308096
THA,85,1.019061807842013,1.0175448780660055,1.0192720843308096
THA,86T88,1.0156203070458507,1.0183063577344327,1.0192720843308096
THA,90T93,1.0103881617124064,1.0175608026662877,1.0192720843308096
THA,94T98,1.0063449066595833,1.0185314949010031,1.0192720843308096
TUN,01T02,1.024761616484812,1.0149330692491152,1.0118528866052052
TUN,03,1.0247729090638544,1.014345925663453,1.0118528866052052
TUN,05T06,0.9684674684823933,1.0141116573642233,1.0118528866052052
TUN,07T08,1.0045277329040023,1.0147794108099832,1.0118528866052052
TUN,10T12,1.0390563282642142,1.0155719690584704,1.0118528866052052
TUN,13T15,1.0343432210614443,1.0176534950795766,1.0118528866052052
TUN,16,1.0372731685462764,1.0198763431847837,1.0118528866052052
TUN,17T18,1.0183707895362808,1.0188999968948325,1.0118528866052052
TUN,19,1.074756307858684,1.004684833602585,1.0118528866052052
TUN,20,1.0228216432077588,1.0182113054965607,1.0118528866052052
TUN,21,1.011854683301623,1.0170696046427994,1.0118528866052052
TUN,22,0.8143154382909721,1.0207175852966435,1.0118528866052052
TUN,23,0.9806864336508245,1.0161203540444241,1.0118528866052052
TUN,24,1.171795475231557,1.02355876726778,1.0118528866052052
TUN,25,1.0454580431426208,1.0219076701597092,1.0118528866052052
TUN,26,1.0239383681185015,1.0204927602274256,1.0118528866052052
TUN,27,1.0421740307369793,1.022817227121205,1.0118528866052052
TUN,28,1.0282893765277537,1.021723938704723,1.0118528866052052
TUN,29T30,1.036204879154649,1.0215308085129768,1.0118528866052052
TUN,31T33,0.9196296428271619,1.0198793631881768,1.0118528866052052
TUN,35,1.0145582212167237,1.0086814059788305,1.0118528866052052
TUN,36T39,1.0145293277344953,1.015657472990585,1.0118528866052052
TUN,41T43,1.0113515274033527,1.0184494693662112,1.0118528866052052
TUN,45T47,1.017743199762921,1.0140287983830276,1.0118528866052052
TUN,49,0.9965647766603338,1.0158040812199716,1.0118528866052052
TUN,50,1.066539090667025,1.0169064448296739,1.0118528866052052
TUN,51,0.8433305807762441,1.0178157349494616,1.0118528866052052
TUN,52,1.0003679709452151,1.0146981334041576,1.0118528866052052
TUN,53,1.0158014988367468,1.0140971720799443,1.0118528866052052
TUN,55T56,1.014699582524704,1.0145358710209031,1.0118528866052052
TUN,58T60,1.0126800041385502,1.0163288223086795,1.0118528866052052
TUN,61,1.0150195117950183,1.0134372456636616,1.0118528866052052
TUN,62T63,1.002120041110793,1.0148200611932798,1.0118528866052052
TUN,64T66,1.0112630747727018,1.0136226697660298,1.0118528866052052
TUN,68,1.0112865814519014,1.014082587907663,1.0118528866052052
TUN,69T75,1.0134707477140168,1.015143200043108,1.0118528866052052
TUN,77T82,1.0116898728178845,1.0153148944814665,1.0118528866052052
TUN,84,1.0118838517512492,1.0138457221603285,1.0118528866052052
TUN,85,1.0095930068226784,1.0140221693354838,1.0118528866052052
TUN,86T88,1.011560137794411,1.0146968348985492,1.0118528866052052
TUN,90T93,1.0104798360747838,1.0149714483306416,1.0118528866052052
TUN,94T98,1.0116060032638894,1.0142393466020925,1.0118528866052052
TUR,01T02,1.020316000567779,1.0164207803902499,1.0161128005937674
TUR,03,1.0102557457932622,1.0164243736598568,1.0161128005937674
TUR,05T06,0.9969964964225615,1.0161614474570944,1.0161128005937674
TUR,07T08,1.0333200731875716,1.0159904545134826,1.0161128005937674
TUR,10T12,1.0214379143132497,1.0162453499429234,1.0161128005937674
TUR,13T15,1.0167548966802287,1.0168880537949168,1.0161128005937674
TUR,16,1.0250430572239821,1.01763100968389,1.0161128005937674
TUR,17T18,1.0229011296236437,1.018118590588582,1.0161128005937674
TUR,19,1.0357518936333938,1.0042374660703701,1.0161128005937674
TUR,20,1.008082385214996,1.0188052904845508,1.0161128005937674
TUR,21,1.016360117284802,1.017715572850467,1.0161128005937674
TUR,22,1.0336222381427946,1.01916381309351,1.0161128005937674
TUR,23,0.9856550132828144,1.0168382462933514,1.0161128005937674
TUR,24,1.0737960136254965,1.0179610872827538,1.0161128005937674
TUR,25,1.0418457704508752,1.0188199499807318,1.0161128005937674
TUR,26,1.0220878639344069,1.0184440648625483,1.0161128005937674
TUR,27,1.035617459085391,1.0200618500453353,1.0161128005937674
TUR,28,1.0295454047782053,1.0194195731002265,1.0161128005937674
TUR,29T30,1.0334718541593129,1.0196239034430845,1.0161128005937674
TUR,31T33,1.0242658516858052,1.0181950611246329,1.0161128005937674
TUR,35,1.0180071501252494,1.011328391190276,1.0161128005937674
TUR,36T39,1.0453050434594917,1.016671252782269,1.0161128005937674
TUR,41T43,1.0163883875440967,1.01806855624598,1.0161128005937674
TUR,45T47,1.0104679292851526,1.0165256246311705,1.0161128005937674
TUR,49,1.0142971030328334,1.0158392267399723,1.0161128005937674
TUR,50,1.0225741592730153,1.0164050178392974,1.0161128005937674
TUR,51,0.8735825831119478,1.0155478373731806,1.0161128005937674
TUR,52,1.0098852964788951,1.0164000170840717,1.0161128005937674
TUR,53,1.0128288501383813,1.016185465150993,1.0161128005937674
TUR,55T56,1.013550665999397,1.0164160298633325,1.0161128005937674
TUR,58T60,1.0130538727178433,1.0167398848337612,1.0161128005937674
TUR,61,1.0147033831697794,1.0165860182464936,1.0161128005937674
TUR,62T63,1.0140016762687847,1.0164588072217577,1.0161128005937674
TUR,64T66,1.0129555331502826,1.0162825756315834,1.0161128005937674
TUR,68,1.0144233962647335,1.016977247781126,1.0161128005937674
TUR,69T75,1.0141183329314722,1.0165377642915445,1.0161128005937674
TUR,77T82,1.0145866876035488,1.0165549789760913,1.0161128005937674
TUR,84,1.0157002261160362,1.0164003471128018,1.0161128005937674
TUR,85,1.0154820751577058,1.016310058514041,1.0161128005937674
TUR,86T88,1.0158142709513516,1.016741920570539,1.0161128005937674
TUR,90T93,1.011863006841319,1.016557942868812,1.0161128005937674
TUR,94T98,1.01495449330155,1.0169473196885788,1.0161128005937674
TWN,01T02,1.03533723928967,1.022063197695678,1.024182120636818
TWN,03,0.9973439987696625,1.0189013386051415,1.024182120636818
TWN,05T06,1.0231291702703693,1.0188965534961252,1.024182120636818
TWN,07T08,1.026579341969403,1.0170198028026982,1.024182120636818
TWN,10T12,1.0331150888768141,1.022134245142924,1.024182120636818
TWN,13T15,1.016384947691347,1.0222353837009734,1.024182120636818
TWN,16,1.0526023186403661,1.022569398847569,1.024182120636818
TWN,17T18,1.0201597375228684,1.0221547699714613,1.024182120636818
TWN,19,1.051040037509565,0.9991220223682217,1.024182120636818
TWN,20,1.0415158627073011,1.0215571508495924,1.024182120636818
TWN,21,1.0220576793911813,1.0219826749383676,1.024182120636818
TWN,22,1.05857434504149,1.0235060318171387,1.024182120636818
TWN,23,1.055527999426165,1.019985001699813,1.024182120636818
TWN,24,1.0791911323422345,1.0244042356270215,1.024182120636818
TWN,25,1.0661586571205695,1.025311028516125,1.024182120636818
TWN,26,1.0171945183565503,1.0229237373476234,1.024182120636818
TWN,27,1.0427486321305919,1.0268413251570885,1.024182120636818
TWN,28,1.0299129227429524,1.025688898146661,1.024182120636818
TWN,29T30,1.0248367527794833,1.024288774743627,1.024182120636818
TWN,31T33,1.0383586787912356,1.0241178616718978,1.024182120636818
TWN,35,1.0301585219324818,1.006741777123176,1.024182120636818
TWN,36T39,1.040148531714686,1.0219475735866916,1.024182120636818
TWN,41T43,1.0242927894641174,1.0243448785366827,1.024182120636818
TWN,45T47,1.0125632100191253,1.0215188253938108,1.024182120636818
TWN,49,1.0109275460431122,1.018397841768211,1.024182120636818
TWN,50,0.9956834691712506,1.017498702854612,1.024182120636818
TWN,51,0.9581532786357481,1.0160348962030827,1.024182120636818
TWN,52,0.993885873089985,1.0207797315552531,1.024182120636818
TWN,53,1.018066274675877,1.020580834014265,1.024182120636818
TWN,55T56,1.02238122776818,1.0215877213944504,1.024182120636818
TWN,58T60,1.0038611120710914,1.0207578701101852,1.024182120636818
TWN,61,1.0153568486113085,1.0211700228728124,1.024182120636818
TWN,62T63,0.9891923414945389,1.0211292157972218,1.024182120636818
TWN,64T66,1.0146866285576048,1.0214293377945425,1.024182120636818
TWN,68,1.0226726904773424,1.0217324894438908,1.024182120636818
TWN,69T75,1.006267523725984,1.0214392494418536,1.024182120636818
TWN,77T82,1.0140525425728144,1.0216532257020037,1.024182120636818
TWN,84,1.0239921426716059,1.0220667857771044,1.024182120636818
TWN,85,1.0239385523603033,1.0217218115191113,1.024182120636818
TWN,86T88,1.0228690444674695,1.0215171200418771,1.024182120636818
TWN,90T93,1.0170042630174898,1.021357495040791,1.024182120636818
TWN,94T98,1.0237287447102392,1.0215624493476565,1.024182120636818
USA,01T02,0.9250810412928819,1.0454987580385209,1.0255027734924564
USA,03,1.0233491179961447,1.0142425926641896,1.0255027734924564
USA,05T06,0.9245517945728786,1.025516022783229,1.0255027734924564
USA,07T08,1.000916890107925,1.027602063612079,1.0255027734924564
USA,10T12,1.0026458376865994,1.050221146200207,1.0255027734924564
USA,13T15,1.0010732097574608,1.0274181851047546,1.0255027734924564
USA,16,1.0062545249253128,1.036198562029947,1.0255027734924564
USA,17T18,1.0022084614321813,1.0298675752778705,1.0255027734924564
USA,19,0.9814383462667245,1.0507753383620833,1.0255027734924564
USA,20,0.98270370018523,1.0332149850015513,1.0255027734924564
USA,21,1.0050739200977328,1.0183631910547999,1.0255027734924564
USA,22,1.0200966517981576,1.0319691318070647,1.0255027734924564
USA,23,0.9865350166691134,1.0327172393293427,1.0255027734924564
USA,24,1.045039663306492,1.0400447656080338,1.0255027734924564
USA,25,1.0242440783264897,1.0291442666587065,1.0255027734924564
USA,26,1.0282994800566394,1.0140876721594243,1.0255027734924564
USA,27,1.0367928977641132,1.0242130399771336,1.0255027734924564
USA,28,1.0204092362325854,1.0238063445881294,1.0255027734924564
USA,29T30,1.0228612512229531,1.023396224860518,1.0255027734924564
USA,31T33,1.0480315985359245,1.0210222991178521,1.0255027734924564
USA,35,0.7947119822821258,1.028756482625031,1.0255027734924564
USA,36T39,1.0094438267228165,1.0176778315871806,1.0255027734924564
USA,41T43,1.0180382864262112,1.0234655451189718,1.0255027734924564
USA,45T47,1.013207002448502,1.0184571329229715,1.0255027734924564
USA,49,0.9852478499898067,1.019995883801529,1.0255027734924564
USA,50,0.9709916052722857,1.0214679978208006,1.0255027734924564
USA,51,0.9539572037555243,1.0185349224262035,1.0255027734924564
USA,52,0.9930451237740022,1.0261182486705858,1.0255027734924564
USA,53,0.9883058975677101,1.0202817773272876,1.0255027734924564
USA,55T56,1.0192254235718778,1.021692858235423,1.0255027734924564
USA,58T60,1.0199626689436354,1.0143734646574365,1.0255027734924564
USA,61,1.0185209312911332,1.0158118305949952,1.0255027734924564
USA,62T63,1.0128729718114329,1.0140444933327826,1.0255027734924564
USA,64T66,1.0148011210152121,1.0140530222899575,1.0255027734924564
USA,68,1.0207020704013223,1.0192507432370668,1.0255027734924564
USA,69T75,1.0135105348742097,1.0152078064502539,1.0255027734924564
USA,77T82,1.0098105712262786,1.0156037344958837,1.0255027734924564
USA,84,1.0177186941209628,1.0183663723996832,1.0255027734924564
USA,85,1.0194593889240475,1.0168346951084022,1.0255027734924564
USA,86T88,1.0244471169014633,1.0158698060714113,1.0255027734924564
USA,90T93,1.0214030600678674,1.0168892713367101,1.0255027734924564
USA,94T98,1.0227572756205718,1.016216137377542,1.0255027734924564
VNM,01T02,1.021275922688474,1.0170591544412075,1.012725695172312
VNM,03,1.026711918712236,1.0173487559973227,1.012725695172312
VNM,05T06,0.9387413935473186,1.019902556913225,1.012725695172312
VNM,07T08,0.8129539263583537,1.0185851947144289,1.012725695172312
VNM,10T12,1.040699617444433,1.0172654370201626,1.012725695172312
VNM,13T15,1.024128043604766,1.0211196220692014,1.012725695172312
VNM,16,1.0458456146362074,1.017823325549555,1.012725695172312
VNM,17T18,1.023079742524214,1.0198617688480118,1.012725695172312
VNM,19,1.0069094303336759,1.01638794868665,1.012725695172312
VNM,20,1.0479736857625248,1.0200681047095326,1.012725695172312
VNM,21,1.020014703744371,1.0176919711674324,1.012725695172312
VNM,22,1.0694665273428807,1.0221690745048293,1.012725695172312
VNM,23,0.9687560607582062,1.0179494246865741,1.012725695172312
VNM,24,1.10206222107295,1.0348061131435913,1.012725695172312
VNM,25,1.0466993336781765,1.0339184959887857,1.012725695172312
VNM,26,1.0137185849580792,1.0240354630885062,1.012725695172312
VNM,27,1.0378491647439674,1.0283783635325285,1.012725695172312
VNM,28,1.0146437754628417,1.0305856268546703,1.012725695172312
VNM,29T30,1.016236151263068,1.0243070908929928,1.012725695172312
VNM,31T33,1.0357793547937946,1.0225481304392359,1.012725695172312
VNM,35,1.020074942933723,1.0166614261113462,1.012725695172312
VNM,36T39,1.015289951866597,1.0174674023745367,1.012725695172312
VNM,41T43,1.0122566814716507,1.0239135743488448,1.012725695172312
VNM,45T47,1.0079439900086893,1.0160200003786113,1.012725695172312
VNM,49,0.9912241294486053,1.0181802070573913,1.012725695172312
VNM,50,0.9544074310678922,1.0189269448897182,1.012725695172312
VNM,51,0.9571785649466311,1.0186055498956368,1.012725695172312
VNM,52,1.0044499126850877,1.016472886821335,1.012725695172312
VNM,53,1.0056958713352315,1.0162351324420777,1.012725695172312
VNM,55T56,1.0132092246518463,1.0164745491055047,1.012725695172312
VNM,58T60,1.008585170979443,1.0162067871432343,1.012725695172312
VNM,61,1.011458763960083,1.0164106806479964,1.012725695172312
VNM,62T63,0.9965097549036788,1.0127943095000684,1.012725695172312
VNM,64T66,1.0092352501679005,1.014108877291767,1.012725695172312
VNM,68,1.009908799216917,1.0158940437254576,1.012725695172312
VNM,69T75,1.0064647432330247,1.016825221227147,1.012725695172312
VNM,77T82,1.0059417607590992,1.0163153886814544,1.012725695172312
VNM,84,1.0129009133004356,1.0163436292929036,1.012725695172312
VNM,85,1.0115559632988567,1.0152459363573552,1.012725695172312
VNM,86T88,1.0122449338082908,1.0170970953564011,1.012725695172312
VNM,90T93,1.0122424481621277,1.0151335522956044,1.012725695172312
VNM,94T98,1.012171398,1.018460867258663,1.012725695172312
ZAF,01T02,0.8684900523546121,1.008748297871279,0.9786352377882898
ZAF,03,0.9789645060798734,0.9612912484672512,0.9786352377882898
ZAF,05T06,0.8172509398089929,0.9920931917360609,0.9786352377882898
ZAF,07T08,0.7701555589247441,1.022312375506138,0.9786352377882898
ZAF,10T12,0.9889322621851018,1.0166729231983385,0.9786352377882898
ZAF,13T15,1.0569636599838972,0.9964989853671794,0.9786352377882898
ZAF,16,0.9779751830252453,1.0085028975255135,0.9786352377882898
ZAF,17T18,1.0063555059745317,0.9875047444793073,0.9786352377882898
ZAF,19,0.8280009157260773,1.0166956104613616,0.9786352377882898
ZAF,20,0.8942671543409733,1.0350918863735175,0.9786352377882898
ZAF,21,0.9722358772098447,1.0052502178951674,0.9786352377882898
ZAF,22,0.8243666330635403,1.0113983247149905,0.9786352377882898
ZAF,23,0.7712211648397419,1.034935604186736,0.9786352377882898
ZAF,24,0.29341818444749007,1.119444008617391,0.9786352377882898
ZAF,25,0.8285132016127135,1.1025093311134337,0.9786352377882898
ZAF,26,1.0066966779345858,0.9996701956067745,0.9786352377882898
ZAF,27,0.8955988297184634,1.0541438748209782,0.9786352377882898
ZAF,28,0.9645593618988003,1.0277076784078465,0.9786352377882898
ZAF,29T30,0.963542100735813,1.0372025135202567,0.9786352377882898
ZAF,31T33,0.698227534478831,1.01939825639659,0.9786352377882898
ZAF,35,0.4600552290554394,1.037455790731273,0.9786352377882898
ZAF,36T39,0.9506733177064673,0.9599478186776543,0.9786352377882898
ZAF,41T43,0.9574649546541615,1.0084513597015208,0.9786352377882898
ZAF,45T47,0.9612879609303657,0.9546953262093529,0.9786352377882898
ZAF,49,0.9382538036907957,0.9684086714248897,0.9786352377882898
ZAF,50,0.4933895861238559,0.9653349865127689,0.9786352377882898
ZAF,51,0.924504960466549,0.9838016201505775,0.9786352377882898
ZAF,52,0.875029611346479,0.979294879391877,0.9786352377882898
ZAF,53,0.9602225178290622,0.9632247400852587,0.9786352377882898
ZAF,55T56,1.002088655079008,0.9619634440423487,0.9786352377882898
ZAF,58T60,0.9856050757360215,0.9657657756517639,0.9786352377882898
ZAF,61,0.9818899809390488,0.9696212698099844,0.9786352377882898
ZAF,62T63,0.9447368764230919,0.9679444884917098,0.9786352377882898
ZAF,64T66,0.9683141917931348,0.9396321436217278,0.9786352377882898
ZAF,68,0.9690357306863394,0.9534159664750422,0.9786352377882898
ZAF,69T75,0.9562823129606549,0.9609409947355322,0.9786352377882898
ZAF,77T82,0.945193050152639,0.9663590291873512,0.9786352377882898
ZAF,84,0.9729043130370357,0.9495066674218193,0.9786352377882898
ZAF,85,0.973773487747532,0.9399078965078133,0.9786352377882898
ZAF,86T88,0.9713587635587119,0.9527221398167313,0.9786352377882898
ZAF,90T93,0.9282751633292229,0.9612354693432706,0.9786352377882898
ZAF,94T98,0.9715411220923379,0.9316697818069658,0.9786352377882898
