country,sector,output_hat,price_hat,spending_hat
ARG,01T02,0.9727971867301058,1.0036164638731002,1.0014341509830327
ARG,03,1.0001464853727917,0.9990330016653886,1.0014341509830327
ARG,05T06,0.9874610108336677,1.0003010689470353,1.0014341509830327
ARG,07T08,1.000769519695119,0.9992080334699532,1.0014341509830327
ARG,10T12,0.999065903538379,1.007486498935643,1.0014341509830327
ARG,13T15,0.9992202883465671,1.0014246469768282,1.0014341509830327
ARG,16,1.001454052897884,1.0005799398632023,1.0014341509830327
ARG,17T18,1.0019978928202216,0.9999207223352999,1.0014341509830327
ARG,19,0.9954130831817996,1.0043565894337165,1.0014341509830327
ARG,20,1.0001342676777565,1.0009564082363758,1.0014341509830327
ARG,21,1.0025539658294274,0.9997347335445561,1.0014341509830327
ARG,22,0.9980012854860231,1.000861720221354,1.0014341509830327
ARG,23,0.9941757095102675,1.000483161883681,1.0014341509830327
ARG,24,0.9998106484524195,1.001290007933975,1.0014341509830327
ARG,25,1.0041704960519862,1.000614268633327,1.0014341509830327
ARG,26,1.0029228817106546,1.000794635117539,1.0014341509830327
ARG,27,1.0036359930399166,1.0008651281499086,1.0014341509830327
ARG,28,1.002694118033977,1.0003283288944789,1.0014341509830327
ARG,29T30,0.9996992007742875,1.0006988546656141,1.0014341509830327
ARG,31T33,1.002325123534572,0.9997942994752609,1.0014341509830327
ARG,35,0.9913776556486767,1.002543617641863,1.0014341509830327
ARG,36T39,1.0005803118581416,0.9994062671206778,1.0014341509830327
ARG,41T43,1.0010179499456715,0.9999689761723831,1.0014341509830327
ARG,45T47,1.0000940351884051,0.9987439171739861,1.0014341509830327
ARG,49,0.9978365713326072,0.9995419323769846,1.0014341509830327
ARG,50,0.9951434874111995,0.9996848838463694,1.0014341509830327
ARG,51,0.9956699840310299,1.0012871679416788,1.0014341509830327
ARG,52,0.9991435973248626,0.9999728162415079,1.0014341509830327
ARG,53,1.0023418385922718,0.9992067404262717,1.0014341509830327
ARG,55T56,1.0016200142549516,1.0008727492212117,1.0014341509830327
ARG,58T60,1.0023712932709083,0.9991985093619249,1.0014341509830327
ARG,61,1.001795987952413,0.999044030985213,1.0014341509830327
ARG,62T63,1.0029094356881403,0.9990674295645281,1.0014341509830327
ARG,64T66,1.0009685373918986,0.9987143831171773,1.0014341509830327
ARG,68,1.0016732897690686,0.9983581014665609,1.0014341509830327
ARG,69T75,1.001601039873828,0.9989139807489912,1.0014341509830327
ARG,77T82,1.0006155689911886,0.9986806209615988,1.0014341509830327
ARG,84,1.0013711213230532,0.9988919365695306,1.0014341509830327
ARG,85,1.0014740208332658,0.9986436401217003,1.0014341509830327
ARG,86T88,1.0013537775112107,0.9987594986519448,1.0014341509830327
ARG,90T93,1.0018293968563865,0.9992042687581498,1.0014341509830327
ARG,94T98,1.0013171885672132,0.9989736534006847,1.0014341509830327
AUS,01T02,0.9808561187968698,1.0031310946668532,1.0012340445455101
AUS,03,0.9980272029215721,1.0032747290220168,1.0012340445455101
AUS,05T06,0.9897083848636757,1.0005525944108034,1.0012340445455101
AUS,07T08,1.0039545920498698,1.000945321456639,1.0012340445455101
AUS,10T12,0.9993181480796651,1.0059086888172604,1.0012340445455101
AUS,13T15,0.9956212759579327,1.0038422038952006,1.0012340445455101
AUS,16,1.001762004633651,1.0031939499617812,1.0012340445455101
AUS,17T18,1.0014864697687138,1.0016350191603638,1.0012340445455101
AUS,19,0.9860134542107949,1.002094475663606,1.0012340445455101
AUS,20,0.9937354111657922,1.00239417576699,1.0012340445455101
AUS,21,1.000502516785243,1.0016608104266953,1.0012340445455101
AUS,22,1.0050626593614378,1.0023354492003487,1.0012340445455101
AUS,23,1.000299341952392,1.0017646842446912,1.0012340445455101
AUS,24,1.0129533186869577,1.0026441097235903,1.0012340445455101
AUS,25,1.002993004285493,1.0022868238911429,1.0012340445455101
AUS,26,1.003152538549469,1.000841040597056,1.0012340445455101
AUS,27,1.004736530954314,1.0014754524864473,1.0012340445455101
AUS,28,1.0026914143992711,1.001381767917237,1.0012340445455101
AUS,29T30,1.002996966395997,1.0016699654741323,1.0012340445455101
AUS,31T33,1.0021472420249697,1.0011734935541776,1.0012340445455101
AUS,35,0.9790510588311279,1.0064951108465825,1.0012340445455101
AUS,36T39,0.9994498387340678,1.0005235089758546,1.0012340445455101
AUS,41T43,1.0005428760285648,1.0012502802296563,1.0012340445455101
AUS,45T47,1.0002770995214307,1.000692811965647,1.0012340445455101
AUS,49,0.9976846518691073,1.0010623310753306,1.0012340445455101
AUS,50,0.9981708460599157,1.0009270730433433,1.0012340445455101
AUS,51,0.9973854352192005,1.0012255321120669,1.0012340445455101
AUS,52,0.999782400960023,1.0003412834837337,1.0012340445455101
AUS,53,0.9996625638884119,1.000963421651753,1.0012340445455101
AUS,55T56,1.0015549752368826,1.0013529029346815,1.0012340445455101
AUS,58T60,1.0018738074368725,1.0003947125068933,1.0012340445455101
AUS,61,1.0007750216442546,1.0004488874439061,1.0012340445455101
AUS,62T63,1.0007458104023124,0.9999597197930395,1.0012340445455101
AUS,64T66,0.9997435147481525,0.9996876663400994,1.0012340445455101
AUS,68,1.0010562632547304,0.9996991199544099,1.0012340445455101
AUS,69T75,1.0000694499601817,1.000063489643134,1.0012340445455101
AUS,77T82,1.0001165645104841,1.0002274114140806,1.0012340445455101
AUS,84,1.0010508953439314,1.0005084415547512,1.0012340445455101
AUS,85,1.0015572122799468,0.9999451885343932,1.0012340445455101
AUS,86T88,1.0012065781931998,1.0000185168945044,1.0012340445455101
AUS,90T93,1.0013431731618583,1.0000824200921337,1.0012340445455101
AUS,94T98,1.0010728390750112,1.000014452599321,1.0012340445455101
AUT,01T02,1.0023636745504554,1.0036961474471329,1.0034111354217956
AUT,03,1.0027871832155733,1.0030551385822069,1.0034111354217956
AUT,05T06,0.9850369121267929,1.00312623777057,1.0034111354217956
AUT,07T08,0.9993678548591188,1.0034099042675577,1.0034111354217956
AUT,10T12,1.0040253294626331,1.0037042181356128,1.0034111354217956
AUT,13T15,1.0012244924835845,1.0028210003315716,1.0034111354217956
AUT,16,1.0023768550352214,1.0037648542670723,1.0034111354217956
AUT,17T18,0.9986902718027448,1.0033919526974338,1.0034111354217956
AUT,19,1.0008185837333767,1.0041963024738143,1.0034111354217956
AUT,20,1.0022186248762504,1.0037223466056358,1.0034111354217956
AUT,21,1.0013073235151966,1.0028133948413542,1.0034111354217956
AUT,22,1.004841531816288,1.0032250274267869,1.0034111354217956
AUT,23,1.0027861121901216,1.0034082704305871,1.0034111354217956
AUT,24,1.0036688913826506,1.0042283736255027,1.0034111354217956
AUT,25,1.0026224036999267,1.0034491797196667,1.0034111354217956
AUT,26,1.0023686012798003,1.0027730481178152,1.0034111354217956
AUT,27,1.0030136031955967,1.0030672572172097,1.0034111354217956
AUT,28,1.002351283271926,1.0029596253288788,1.0034111354217956
AUT,29T30,1.0021678290559888,1.0029773751753421,1.0034111354217956
AUT,31T33,1.0031409901898698,1.003216484117034,1.0034111354217956
AUT,35,1.0029677815726497,1.0044155735983034,1.0034111354217956
AUT,36T39,1.002492886509938,1.0027601529553867,1.0034111354217956
AUT,41T43,1.0029281152363156,1.003038130376978,1.0034111354217956
AUT,45T47,1.0016777401789012,1.002582948915348,1.0034111354217956
AUT,49,1.000328732563957,1.002741045126179,1.0034111354217956
AUT,50,1.0041313693636695,1.0029160144428766,1.0034111354217956
AUT,51,1.0001512591491508,1.002759379898168,1.0034111354217956
AUT,52,1.001318902280076,1.0025614831786351,1.0034111354217956
AUT,53,1.0016618812133062,1.002467363610566,1.0034111354217956
AUT,55T56,1.0029132764989654,1.0027147382215333,1.0034111354217956
AUT,58T60,1.0010025250151853,1.0026426241988502,1.0034111354217956
AUT,61,1.0015146582033938,1.0024838580301154,1.0034111354217956
AUT,62T63,1.0004112182687814,1.0023218052798684,1.0034111354217956
AUT,64T66,1.0014495717142735,1.002416784257743,1.0034111354217956
AUT,68,1.0029848122556986,1.0025329345648588,1.0034111354217956
AUT,69T75,1.0012841173392475,1.0025059716621674,1.0034111354217956
AUT,77T82,1.0021270302852254,1.0025393492240469,1.0034111354217956
AUT,84,1.0033007999403265,1.002546725587135,1.0034111354217956
AUT,85,1.0032713568420029,1.0025033509130978,1.0034111354217956
AUT,86T88,1.0032288231477469,1.002605278581817,1.0034111354217956
AUT,90T93,1.0028365218190336,1.0025723692155315,1.0034111354217956
AUT,94T98,1.0030057936540584,1.0025649828461338,1.0034111354217956
BEL,01T02,1.0005898155502595,1.0037928412423307,1.0029876671392495
BEL,03,1.0025154783766004,1.0026722320175263,1.0029876671392495
BEL,05T06,0.30241437617083117,1.0391960882217044,1.0029876671392495
BEL,07T08,0.9971816058039668,1.0033147510309137,1.0029876671392495
BEL,10T12,1.0024719385451468,1.004097118237686,1.0029876671392495
BEL,13T15,1.0003680360150986,1.0028015250107665,1.0029876671392495
BEL,16,1.0037591016266654,1.0033309854241088,1.0029876671392495
BEL,17T18,1.001554896894226,1.003033215449873,1.0029876671392495
BEL,19,1.0001882315222412,1.0038925667350254,1.0029876671392495
BEL,20,0.9999730902852735,1.0032450380012434,1.0029876671392495
BEL,21,1.0015441387773163,1.002377104611684,1.0029876671392495
BEL,22,1.0041691522575587,1.0035336567687794,1.0029876671392495
BEL,23,1.0006530854370148,1.0029020789522887,1.0029876671392495
BEL,24,1.0117677395095368,1.0041175647072407,1.0029876671392495
BEL,25,1.0031630451785314,1.0032640859420776,1.0029876671392495
BEL,26,1.002372797639107,1.0026068616527024,1.0029876671392495
BEL,27,1.0027832326030681,1.0031497016663027,1.0029876671392495
BEL,28,1.0023664188003025,1.0028833428696597,1.0029876671392495
BEL,29T30,1.0026944420609665,1.0027333145451018,1.0029876671392495
BEL,31T33,1.005273224180899,1.0024809558426293,1.0029876671392495
BEL,35,0.999404330422855,1.003302847663871,1.0029876671392495
BEL,36T39,1.0044916006297167,1.0026666787922567,1.0029876671392495
BEL,41T43,1.0026585512932733,1.0028328581464423,1.0029876671392495
BEL,45T47,1.0016124029670581,1.002282827265524,1.0029876671392495
BEL,49,1.0015935687579374,1.0025055960455638,1.0029876671392495
BEL,50,0.9765052069860805,1.0034619475168725,1.0029876671392495
BEL,51,1.0008752430902834,1.00315492553283,1.0029876671392495
BEL,52,1.0001053484570632,1.0025457506143576,1.0029876671392495
BEL,53,1.000909628765238,1.0025515230413387,1.0029876671392495
BEL,55T56,1.0023457944634868,1.0027242881085783,1.0029876671392495
BEL,58T60,1.000775909518061,1.0022165836364998,1.0029876671392495
BEL,61,1.001102253476479,1.0020698862966617,1.0029876671392495
BEL,62T63,1.0008209300122506,1.0021646916402238,1.0029876671392495
BEL,64T66,1.00101087994992,1.0018427015039904,1.0029876671392495
BEL,68,1.002622868011716,1.0020611089363227,1.0029876671392495
BEL,69T75,1.0011953912452336,1.0021356695873649,1.0029876671392495
BEL,77T82,1.0013904635499018,1.0023698724160184,1.0029876671392495
BEL,84,1.0029286759104226,1.002099796195057,1.0029876671392495
BEL,85,1.0028964819076323,1.0020369310069115,1.0029876671392495
BEL,86T88,1.0028682903614907,1.0022685708891739,1.0029876671392495
BEL,90T93,1.0024219622741353,1.0023232813497687,1.0029876671392495
BEL,94T98,1.0025393405432361,1.0022717759320816,1.0029876671392495
BGR,01T02,0.9836484243775092,1.0031353489389985,1.0037624682117074
BGR,03,1.0016054330106947,1.0037446907772343,1.0037624682117074
BGR,05T06,0.9901003154194575,1.0048151428996541,1.0037624682117074
BGR,07T08,0.997974399298302,1.0028276305903745,1.0037624682117074
BGR,10T12,1.0026028703047802,1.0040661655403786,1.0037624682117074
BGR,13T15,1.0042304333435115,1.001940216954867,1.0037624682117074
BGR,16,0.9987025654929271,1.0045592869157531,1.0037624682117074
BGR,17T18,1.0004050816257932,1.002872070473292,1.0037624682117074
BGR,19,0.9955451838326004,1.0029258095859097,1.0037624682117074
BGR,20,0.9678333196780309,1.00439363256917,1.0037624682117074
BGR,21,0.9802641482910202,1.0039459229408778,1.0037624682117074
BGR,22,1.0065347619470129,1.003007603865899,1.0037624682117074
BGR,23,0.9820730122600594,1.0041125923478498,1.0037624682117074
BGR,24,1.014662789784448,1.004790658223561,1.0037624682117074
BGR,25,1.0038031126944995,1.0027836276394462,1.0037624682117074
BGR,26,1.0030455048218774,1.0021943548870138,1.0037624682117074
BGR,27,1.0032205070660494,1.0029015358594708,1.0037624682117074
BGR,28,1.0025713687431923,1.0027088080813114,1.0037624682117074
BGR,29T30,1.003479553790992,1.0023572005196386,1.0037624682117074
BGR,31T33,1.006397206319997,1.0018852620580587,1.0037624682117074
BGR,35,0.9681729327225775,1.0022231877809167,1.0037624682117074
BGR,36T39,1.0017451439399385,1.0037266558842457,1.0037624682117074
BGR,41T43,1.0025690839894013,1.002879558482159,1.0037624682117074
BGR,45T47,1.0007743486319203,1.0013669414544446,1.0037624682117074
BGR,49,0.9957721233221495,1.002064040232265,1.0037624682117074
BGR,50,0.9931503583539006,1.0024111493476633,1.0037624682117074
BGR,51,1.0065937253034154,1.0023169240486862,1.0037624682117074
BGR,52,0.9996971854847728,1.0019770928737184,1.0037624682117074
BGR,53,1.0019579626229775,1.0010324363080245,1.0037624682117074
BGR,55T56,1.0026524363167821,1.0018834813893922,1.0037624682117074
BGR,58T60,1.004048339390106,1.0005995251612343,1.0037624682117074
BGR,61,1.002841765140896,1.001307026083565,1.0037624682117074
BGR,62T63,1.0025962231614798,1.0005412244721201,1.0037624682117074
BGR,64T66,1.0015562208806017,1.0003747848322404,1.0037624682117074
BGR,68,1.003167461860713,1.0008350664959884,1.0037624682117074
BGR,69T75,1.002499351477553,1.0006960115233434,1.0037624682117074
BGR,77T82,1.0021586368726014,1.0010604625996307,1.0037624682117074
BGR,84,1.0035970767229314,1.0008828983628109,1.0037624682117074
BGR,85,1.0036270769775628,1.0001106117676715,1.0037624682117074
BGR,86T88,1.0033948207974177,1.001098597791175,1.0037624682117074
BGR,90T93,1.0031053238377827,1.0009706162686494,1.0037624682117074
BGR,94T98,1.0026752531851395,1.0014604530214772,1.0037624682117074
BRA,01T02,0.9251359453070455,0.9986375121519728,0.9973691811160035
BRA,03,0.9973960006473532,0.9947010968809684,0.9973691811160035
BRA,05T06,0.9889619469752713,0.9966813757939136,0.9973691811160035
BRA,07T08,1.005753148861655,0.9959458629615201,0.9973691811160035
BRA,10T12,0.9934563574595118,1.0082012933275442,0.9973691811160035
BRA,13T15,1.0020689447477484,0.9976393162779336,0.9973691811160035
BRA,16,1.0023478362118228,0.9997143127349897,0.9973691811160035
BRA,17T18,1.002079400282056,0.9986669296068624,0.9973691811160035
BRA,19,0.9909373854513595,1.0008738898585203,0.9973691811160035
BRA,20,0.9849071689101424,1.0013649479282967,0.9973691811160035
BRA,21,1.000246450653292,0.9958460951301047,0.9973691811160035
BRA,22,1.0009407272431101,0.9987253533517108,0.9973691811160035
BRA,23,0.9829282130867665,0.9976516319305406,0.9973691811160035
BRA,24,1.00045441627927,0.9987715084724068,0.9973691811160035
BRA,25,1.0009100506315056,0.9982607157295638,0.9973691811160035
BRA,26,1.0017054563466596,0.9970418591984451,0.9973691811160035
BRA,27,1.0025052357266835,0.9979388039872497,0.9973691811160035
BRA,28,1.0034802599097332,0.9971616967896505,0.9973691811160035
BRA,29T30,1.0050406980592081,0.9975163167234433,0.9973691811160035
BRA,31T33,1.0014104763426634,0.9967927197182397,0.9973691811160035
BRA,35,0.9916407197869734,0.9964720609563322,0.9973691811160035
BRA,36T39,0.9975854993916702,0.9952461174450017,0.9973691811160035
BRA,41T43,0.9973135377467924,0.9970715603366753,0.9973691811160035
BRA,45T47,0.9979968836147272,0.9951487564349557,0.9973691811160035
BRA,49,0.9943017816615011,0.9965474690885909,0.9973691811160035
BRA,50,0.9967704074825832,0.9967363433041134,0.9973691811160035
BRA,51,0.9974308736553258,0.9972846807851472,0.9973691811160035
BRA,52,1.000192531893436,0.9951980103881557,0.9973691811160035
BRA,53,0.9979990117201216,0.995038391325867,0.9973691811160035
BRA,55T56,0.998484537795596,0.997930791752248,0.9973691811160035
BRA,58T60,1.004646032384706,0.9963614187406232,0.9973691811160035
BRA,61,0.9984721217767688,0.9949275247237832,0.9973691811160035
BRA,62T63,1.0027584820997164,0.9946911453425703,0.9973691811160035
BRA,64T66,0.9970724873944733,0.9944909076719841,0.9973691811160035
BRA,68,0.9978801783689245,0.9941657996618781,0.9973691811160035
BRA,69T75,1.0009087351402064,0.9948059749453547,0.9973691811160035
BRA,77T82,0.999323933761547,0.9949203055726389,0.9973691811160035
BRA,84,0.9974594442446582,0.9945935458962484,0.9973691811160035
BRA,85,0.9974850510921083,0.9944897642589392,0.9973691811160035
BRA,86T88,0.9974426187963867,0.9950185054730251,0.9973691811160035
BRA,90T93,0.999560589419216,0.9950391165057048,0.9973691811160035
BRA,94T98,0.9974722332250499,0.9958076688142227,0.9973691811160035
BRN,01T02,0.9782578406111365,0.9995914464417565,0.9981616364921242
BRN,03,1.002746260160214,0.9980140702263387,0.9981616364921242
BRN,05T06,0.9920966300057744,0.9968037385311925,0.9981616364921242
BRN,07T08,1.0092025364514339,0.9955645889350071,0.9981616364921242
BRN,10T12,1.0079652929654621,1.001596404364992,0.9981616364921242
BRN,13T15,1.0030175251711053,1.0012526580554548,0.9981616364921242
BRN,16,1.0102962659740067,0.9996825985647977,0.9981616364921242
BRN,17T18,0.9995247428259749,1.0001678329335029,0.9981616364921242
BRN,19,0.9944448331197521,0.9984945259407593,0.9981616364921242
BRN,20,1.0169754305669751,0.999324822817074,0.9981616364921242
BRN,21,1.0056012236488683,1.0001515423398972,0.9981616364921242
BRN,22,0.921646983561623,1.0021774332899815,0.9981616364921242
BRN,23,0.9973239768116182,1.0000316303654293,0.9981616364921242
BRN,24,1.0575300917766404,0.9973977084357473,0.9981616364921242
BRN,25,0.9961213966529632,1.0029053002701669,0.9981616364921242
BRN,26,0.9979460786450497,0.9999823575960973,0.9981616364921242
BRN,27,1.005790951242404,0.999804028642007,0.9981616364921242
BRN,28,1.0025231456222161,0.9999302258872597,0.9981616364921242
BRN,29T30,1.0025597980396874,0.9992750670489281,0.9981616364921242
BRN,31T33,0.8997667461076101,1.001794123319092,0.9981616364921242
BRN,35,0.939285685250902,0.9986992119424283,0.9981616364921242
BRN,36T39,0.9974417632107013,0.9974554356603056,0.9981616364921242
BRN,41T43,0.997504757692188,1.0006909758037787,0.9981616364921242
BRN,45T47,0.9980278752619699,0.9985454216336984,0.9981616364921242
BRN,49,0.9975049985176498,0.9983424249307977,0.9981616364921242
BRN,50,0.9844456492820256,0.9982000816169239,0.9981616364921242
BRN,51,0.9954998998245032,0.9971825253768289,0.9981616364921242
BRN,52,1.0047484355861167,0.998146463160701,0.9981616364921242
BRN,53,1.0015114332918817,0.9996483838368683,0.9981616364921242
BRN,55T56,1.0002362676620618,1.0010647650007358,0.9981616364921242
BRN,58T60,1.0054212637007416,0.9973820136873691,0.9981616364921242
BRN,61,0.996690258598889,0.9988074866919882,0.9981616364921242
BRN,62T63,1.0023227795951433,0.9985372628207432,0.9981616364921242
BRN,64T66,0.9983995271691372,0.9965097759475031,0.9981616364921242
BRN,68,1.0006296528456422,0.9959465242239849,0.9981616364921242
BRN,69T75,0.998695541790531,0.9981874762394263,0.9981616364921242
BRN,77T82,0.9979778679820889,0.9996062185833373,0.9981616364921242
BRN,84,0.9981111989294005,0.9984354522971852,0.9981616364921242
BRN,85,0.9982148187049673,0.9978860710758682,0.9981616364921242
BRN,86T88,0.9977576262319181,0.9989254308378066,0.9981616364921242
BRN,90T93,0.9964370676507905,1.0036096570943704,0.9981616364921242
BRN,94T98,1.002297720935882,0.9973334697653323,0.9981616364921242
CAN,01T02,0.9748705497035722,1.0041132756055837,1.0013599742273185
CAN,03,0.9993217121242003,1.0016048819769792,1.0013599742273185
CAN,05T06,0.9880350777028396,1.0012386860143554,1.0013599742273185
CAN,07T08,1.0023115342419306,1.0011998705815994,1.0013599742273185
CAN,10T12,0.9992928226206235,1.0052833996882202,1.0013599742273185
CAN,13T15,1.0056174459808591,1.0013102255863344,1.0013599742273185
CAN,16,0.9943030324629661,1.0061326522383072,1.0013599742273185
CAN,17T18,0.9994818095701239,1.002653123892569,1.0013599742273185
CAN,19,0.9884252057635676,1.004327372325745,1.0013599742273185
CAN,20,0.9946668104590066,1.0025716203030106,1.0013599742273185
CAN,21,1.0020376074186772,1.0013507139193538,1.0013599742273185
CAN,22,1.0014918590279724,1.0022494292112085,1.0013599742273185
CAN,23,0.9989330050825337,1.0025397985677877,1.0013599742273185
CAN,24,1.008019352323239,1.0032805659638082,1.0013599742273185
CAN,25,1.0056583128071286,1.002039970876444,1.0013599742273185
CAN,26,1.0034194994004253,1.00108102302827,1.0013599742273185
CAN,27,1.0042121081225048,1.0020822152982793,1.0013599742273185
CAN,28,1.0029606672868605,1.0015826426445713,1.0013599742273185
CAN,29T30,1.003472106882275,1.0018042964029497,1.0013599742273185
CAN,31T33,1.002889617309317,1.00145859582438,1.0013599742273185
CAN,35,0.9949971712548932,1.0004615131138903,1.0013599742273185
CAN,36T39,1.0001232268846199,1.000630422618194,1.0013599742273185
CAN,41T43,1.0007060249581532,1.001680237766678,1.0013599742273185
CAN,45T47,1.0012752748334572,1.0003639790517505,1.0013599742273185
CAN,49,0.9955344907503857,1.00123348496473,1.0013599742273185
CAN,50,0.9883365706048196,1.00284457682778,1.0013599742273185
CAN,51,0.9862032163430331,1.0015268402482302,1.0013599742273185
CAN,52,0.9985735317338524,1.0010545083278055,1.0013599742273185
CAN,53,1.0010714087621442,1.0010617614399104,1.0013599742273185
CAN,55T56,1.0013718718472144,1.001578409817502,1.0013599742273185
CAN,58T60,1.002208688048558,1.0006891506169822,1.0013599742273185
CAN,61,1.0009144376909698,1.0003934570451707,1.0013599742273185
CAN,62T63,1.0013033922466767,1.000295105158562,1.0013599742273185
CAN,64T66,1.0005661846060836,1.0002877950076088,1.0013599742273185
CAN,68,1.001344644045502,1.0000854469182543,1.0013599742273185
CAN,69T75,1.0003141407756835,1.000405961644677,1.0013599742273185
CAN,77T82,1.000320831227204,1.0005138005331395,1.0013599742273185
CAN,84,1.0013124870780368,1.0004970521692866,1.0013599742273185
CAN,85,1.0015553928298628,1.0002446207498898,1.0013599742273185
CAN,86T88,1.0011632484355515,1.0003624208950959,1.0013599742273185
CAN,90T93,1.0013751658959456,1.000746148618005,1.0013599742273185
CAN,94T98,1.0009199441820982,1.0006448103076535,1.0013599742273185
CHE,01T02,1.0075539643164793,1.0036806426027025,1.0036475287671194
CHE,03,1.0016229175650153,1.0021822964650817,1.0036475287671194
CHE,05T06,0.9980022638625211,1.0031224624619643,1.0036475287671194
CHE,07T08,1.0046379469673363,1.0030950527534512,1.0036475287671194
CHE,10T12,1.0038088181693567,1.0038213946225156,1.0036475287671194
CHE,13T15,1.001565536584779,1.002779371489692,1.0036475287671194
CHE,16,1.0050119514864209,1.0030809563459488,1.0036475287671194
CHE,17T18,1.002092036385578,1.0029903065036967,1.0036475287671194
CHE,19,1.0024768582455883,1.003640596491481,1.0036475287671194
CHE,20,1.0050847268254401,1.0032084772157346,1.0036475287671194
CHE,21,1.0019961677076838,1.0028238477146667,1.0036475287671194
CHE,22,1.0050624905978947,1.0031794343189655,1.0036475287671194
CHE,23,1.0033591020505777,1.0035306394145858,1.0036475287671194
CHE,24,1.0213908320573621,1.0038148910031832,1.0036475287671194
CHE,25,1.004086257169925,1.0030699889845494,1.0036475287671194
CHE,26,1.0020539469259404,1.0029030560889438,1.0036475287671194
CHE,27,1.002846945649718,1.003189921224129,1.0036475287671194
CHE,28,1.0023111613720854,1.0029619565331946,1.0036475287671194
CHE,29T30,1.001937562169064,1.0028815637129704,1.0036475287671194
CHE,31T33,1.0058417617239745,1.00295501942705,1.0036475287671194
CHE,35,1.0064232603167491,1.0031385632088148,1.0036475287671194
CHE,36T39,1.0036370175342644,1.0029045255461462,1.0036475287671194
CHE,41T43,1.0034828674594287,1.0030552883248776,1.0036475287671194
CHE,45T47,1.0014546400330306,1.0028629769398465,1.0036475287671194
CHE,49,1.002566924176572,1.0029836112457438,1.0036475287671194
CHE,50,1.0031068414747126,1.003531865981185,1.0036475287671194
CHE,51,0.9995598963431986,1.0032782446561028,1.0036475287671194
CHE,52,1.0004538676538115,1.0031443690545947,1.0036475287671194
CHE,53,1.0017458128095984,1.002703551153876,1.0036475287671194
CHE,55T56,1.0022884004648644,1.0030206419707413,1.0036475287671194
CHE,58T60,0.999779838157685,1.0026248183414632,1.0036475287671194
CHE,61,1.002109144829561,1.0025969838852313,1.0036475287671194
CHE,62T63,1.00031021243781,1.0023566286463512,1.0036475287671194
CHE,64T66,1.0008929495327958,1.0025225521279229,1.0036475287671194
CHE,68,1.003254362396656,1.002578465805402,1.0036475287671194
CHE,69T75,1.0018205668257258,1.0026124541131198,1.0036475287671194
CHE,77T82,1.0021985084567593,1.0026485726505425,1.0036475287671194
CHE,84,1.0032402033437646,1.0026844468681908,1.0036475287671194
CHE,85,1.002928712676018,1.0028072777818327,1.0036475287671194
CHE,86T88,1.003543061477014,1.0026858343864071,1.0036475287671194
CHE,90T93,1.002436223603221,1.002676750813268,1.0036475287671194
CHE,94T98,1.0031188121485175,1.0026313325546645,1.0036475287671194
CHL,01T02,1.0044435312303357,1.0042155412969496,1.0045075687530216
CHL,03,1.0024059926528823,1.0039231787658889,1.0045075687530216
CHL,05T06,0.9620485001304981,1.0034881902880182,1.0045075687530216
CHL,07T08,0.9947488349927784,1.0040110327558966,1.0045075687530216
CHL,10T12,1.0039086231472312,1.0046212801636374,1.0045075687530216
CHL,13T15,1.0003999981201193,1.003705195444214,1.0045075687530216
CHL,16,1.000782253784591,1.0048040368336704,1.0045075687530216
CHL,17T18,0.9967944438238207,1.0048747255241426,1.0045075687530216
CHL,19,0.9989601554573988,1.0053374058060667,1.0045075687530216
CHL,20,0.9997892620391535,1.004686047408552,1.0045075687530216
CHL,21,1.00198956405518,1.0035972246774343,1.0045075687530216
CHL,22,0.9941217384018483,1.0044550468672586,1.0045075687530216
CHL,23,0.9986416796411702,1.0056390789931227,1.0045075687530216
CHL,24,1.0218471186198466,1.004533727070094,1.0045075687530216
CHL,25,1.0026677749981874,1.0044523956578686,1.0045075687530216
CHL,26,1.0033386114881049,1.0035891018016883,1.0045075687530216
CHL,27,1.0015049398834863,1.0043315970895117,1.0045075687530216
CHL,28,1.0011170696911171,1.0042455373736516,1.0045075687530216
CHL,29T30,1.0006394381654236,1.003738960453418,1.0045075687530216
CHL,31T33,0.999570494668955,1.003812082335541,1.0045075687530216
CHL,35,0.991716889938384,1.0077757224942938,1.0045075687530216
CHL,36T39,1.0036283068513425,1.003705159981355,1.0045075687530216
CHL,41T43,1.0040483992477105,1.00400497154535,1.0045075687530216
CHL,45T47,1.0015183311021905,1.0033872212628507,1.0045075687530216
CHL,49,0.9992665892660167,1.0038164083723764,1.0045075687530216
CHL,50,0.9834007313835651,1.0036687587123103,1.0045075687530216
CHL,51,0.9844737263219573,1.0036120185631683,1.0045075687530216
CHL,52,0.9999907675698528,1.0032910601344776,1.0045075687530216
CHL,53,1.001683035230112,1.0036960083240365,1.0045075687530216
CHL,55T56,1.0030022656786186,1.0037590233578046,1.0045075687530216
CHL,58T60,1.001319248837761,1.003463809244843,1.0045075687530216
CHL,61,1.003455346414307,1.0035004710048256,1.0045075687530216
CHL,62T63,1.001470608897694,1.0030695313648383,1.0045075687530216
CHL,64T66,1.002610954830954,1.0030582937261743,1.0045075687530216
CHL,68,1.0035051121481955,1.0030803397306725,1.0045075687530216
CHL,69T75,1.0025413827529595,1.0030741218813632,1.0045075687530216
CHL,77T82,1.0012034368545901,1.0030856423820533,1.0045075687530216
CHL,84,1.004286670823943,1.003261712986126,1.0045075687530216
CHL,85,1.0044102613698913,1.0031443897148402,1.0045075687530216
CHL,86T88,1.0043029114663324,1.0032837481141812,1.0045075687530216
CHL,90T93,1.0035476813673294,1.0030916165160413,1.0045075687530216
CHL,94T98,1.0032549148365246,1.0031814374540804,1.0045075687530216
CHN,01T02,1.0003393608790665,1.0030922329395071,1.0040127391786478
CHN,03,1.002499534832276,1.002017552749407,1.0040127391786478
CHN,05T06,0.9810794936549502,1.0045107555824493,1.0040127391786478
CHN,07T08,0.9840527793598162,1.0058595284385534,1.0040127391786478
CHN,10T12,1.0021122927497317,1.0040069497592106,1.0040127391786478
CHN,13T15,0.999883415384026,1.0033910450369181,1.0040127391786478
CHN,16,0.9998180783352604,1.0043214746246323,1.0040127391786478
CHN,17T18,1.0001795520561814,1.0037759075833088,1.0040127391786478
CHN,19,0.9906390453667137,1.003509791018431,1.0040127391786478
CHN,20,0.9947029813636046,1.0051410080838263,1.0040127391786478
CHN,21,1.0010138899977072,1.0030729022796863,1.0040127391786478
CHN,22,0.9979082536788854,1.00479589157554,1.0040127391786478
CHN,23,0.992696759205748,1.006131726497535,1.0040127391786478
CHN,24,0.9885735387312059,1.0073038611725613,1.0040127391786478
CHN,25,0.9987121732076372,1.0062409155946277,1.0040127391786478
CHN,26,1.0010385401689892,1.0031921674869737,1.0040127391786478
CHN,27,0.9987232965167289,1.0053672648369065,1.0040127391786478
CHN,28,0.9999565036570325,1.004744114088284,1.0040127391786478
CHN,29T30,1.0019168724784067,1.00356005472012,1.0040127391786478
CHN,31T33,0.9990358220426266,1.0034888532544897,1.0040127391786478
CHN,35,0.9687626332009194,1.0089530792038768,1.0040127391786478
CHN,36T39,0.9973716863780022,1.0037768693068059,1.0040127391786478
CHN,41T43,1.0037935943340668,1.0058075133190683,1.0040127391786478
CHN,45T47,1.0009462255440957,1.0005531511718413,1.0040127391786478
CHN,49,0.9983339588361118,1.0023600800701957,1.0040127391786478
CHN,50,0.9850322784875432,1.0035539712530765,1.0040127391786478
CHN,51,0.99672720455589,1.0025540606167556,1.0040127391786478
CHN,52,0.9967978471264566,1.0025940997374598,1.0040127391786478
CHN,53,0.9994791033000043,1.0016846072136822,1.0040127391786478
CHN,55T56,1.0018814915203638,1.0022655547418151,1.0040127391786478
CHN,58T60,1.0028133688998238,1.0013409372042616,1.0040127391786478
CHN,61,1.0022046592278175,1.0016801167805067,1.0040127391786478
CHN,62T63,1.003030536182938,1.0001878692921986,1.0040127391786478
CHN,64T66,0.9997991842857382,0.9995660196205115,1.0040127391786478
CHN,68,1.0033482703126015,0.9996646708459438,1.0040127391786478
CHN,69T75,1.000813402386424,1.001512309094152,1.0040127391786478
CHN,77T82,1.0004766775399632,1.0014002228216539,1.0040127391786478
CHN,84,1.003958357629903,1.0002903640361136,1.0040127391786478
CHN,85,1.0040112707017064,1.0001589464034066,1.0040127391786478
CHN,86T88,1.003838343954245,1.000773557036386,1.0040127391786478
CHN,90T93,1.0033925531238894,1.0004124189983057,1.0040127391786478
CHN,94T98,1.0031150905993766,1.000656822094911,1.0040127391786478
COL,01T02,0.9671638169172051,1.0008216183781364,1.001031168663927
COL,03,1.0007374343281321,1.0024613015498798,1.001031168663927
COL,05T06,0.9927862150243423,0.9998921823598766,1.001031168663927
COL,07T08,0.9986050957740457,0.9992285748811738,1.001031168663927
COL,10T12,0.9968826012256465,1.0075657334541175,1.001031168663927
COL,13T15,1.0026407578799277,1.0000292053527355,1.001031168663927
COL,16,0.99831484385207,1.0038990447597749,1.001031168663927
COL,17T18,0.999499458427534,1.000391393109714,1.001031168663927
COL,19,0.9947756184572683,1.0018076951793455,1.001031168663927
COL,20,1.0035045063512504,1.0008249135058627,1.001031168663927
COL,21,1.0047559499033525,0.9996483932868586,1.001031168663927
COL,22,1.0055298384375444,1.0011392181308578,1.001031168663927
COL,23,0.9969880427472564,1.000411423229625,1.001031168663927
COL,24,1.00972362691159,1.0017451856587483,1.001031168663927
COL,25,1.003979557225185,1.0009158607923851,1.001031168663927
COL,26,1.003506230268024,1.0005685937469337,1.001031168663927
COL,27,1.0043124715843277,1.0009343453119728,1.001031168663927
COL,28,1.0032860694064358,1.000809721410136,1.001031168663927
COL,29T30,1.0047155150825644,1.0002577706422695,1.001031168663927
COL,31T33,1.002612273927321,0.999919218499737,1.001031168663927
COL,35,0.9945843030383058,1.0005783191477828,1.001031168663927
COL,36T39,1.0004428904746387,0.9990745624773173,1.001031168663927
COL,41T43,1.0007842356863703,1.0005055618143697,1.001031168663927
COL,45T47,1.0002709329594712,0.9987640628503991,1.001031168663927
COL,49,0.9976267008536874,0.9996150333235863,1.001031168663927
COL,50,0.9975801650824442,0.9995903271857338,1.001031168663927
COL,51,0.9997566862916534,1.0001187584805435,1.001031168663927
COL,52,1.0004149395059743,0.9985510131864631,1.001031168663927
COL,53,1.001101543762803,0.9991477232929566,1.001031168663927
COL,55T56,1.0011558702044197,1.0013892327558847,1.001031168663927
COL,58T60,1.0037260888467312,0.9988338406206524,1.001031168663927
COL,61,1.0011819096430745,0.9983959286639529,1.001031168663927
COL,62T63,1.0022749663033756,0.9982836395636625,1.001031168663927
COL,64T66,1.0013908751636862,0.9983795697315013,1.001031168663927
COL,68,1.0010931821577904,0.9979499602361639,1.001031168663927
COL,69T75,1.001197697109594,0.998313395156543,1.001031168663927
COL,77T82,1.000716202958891,0.9982051751668701,1.001031168663927
COL,84,1.0010455770250124,0.9987040273110382,1.001031168663927
COL,85,1.001117112514717,0.9983393957682841,1.001031168663927
COL,86T88,1.0009513571737514,0.9987531378627151,1.001031168663927
COL,90T93,1.0013922845883854,0.9985181657510668,1.001031168663927
COL,94T98,1.0010826274620912,0.9985315204674444,1.001031168663927
CRI,01T02,1.0038174419886545,1.0032693385612537,1.0032290102861308
CRI,03,1.000312037231109,1.0032566991963485,1.0032290102861308
CRI,05T06,1.0030904885374994,1.0029283860434777,1.0032290102861308
CRI,07T08,1.0001015810175928,1.002861657493396,1.0032290102861308
CRI,10T12,1.0024732131878205,1.0042674541442012,1.0032290102861308
CRI,13T15,0.9977436231252028,1.0025702566228087,1.0032290102861308
CRI,16,1.0000218220057822,1.0036595703293596,1.0032290102861308
CRI,17T18,0.9999744071384103,1.0028297287207073,1.0032290102861308
CRI,19,1.0008556806766904,1.003294226822159,1.0032290102861308
CRI,20,1.0073363336853312,1.003296213441063,1.0032290102861308
CRI,21,0.9983131669731182,1.0028107854917447,1.0032290102861308
CRI,22,1.0075179303824235,1.0036666076291727,1.0032290102861308
CRI,23,0.9977076984581638,1.0034705678275457,1.0032290102861308
CRI,24,1.013110549907289,1.0044887998407144,1.0032290102861308
CRI,25,1.0012806891170332,1.0034693844866542,1.0032290102861308
CRI,26,1.0021309804455463,1.0026156740596897,1.0032290102861308
CRI,27,1.002611630833763,1.0032376130044731,1.0032290102861308
CRI,28,1.001578366273195,1.0032279633922858,1.0032290102861308
CRI,29T30,1.002250604135507,1.0030596148315205,1.0032290102861308
CRI,31T33,1.0034961064029375,1.0028598844796344,1.0032290102861308
CRI,35,1.0033575377439607,1.0024166215503167,1.0032290102861308
CRI,36T39,1.0029620528548664,1.0024889305642692,1.0032290102861308
CRI,41T43,1.0028197561839896,1.0036074994051913,1.0032290102861308
CRI,45T47,1.0010046385698832,1.0025059687401117,1.0032290102861308
CRI,49,1.0000922800753966,1.0026326303318824,1.0032290102861308
CRI,50,0.9894751462577134,1.003252601096767,1.0032290102861308
CRI,51,1.0083412493011779,1.0029474302800545,1.0032290102861308
CRI,52,1.0000833682875299,1.0028176547024223,1.0032290102861308
CRI,53,1.002698826834371,1.0024780219746954,1.0032290102861308
CRI,55T56,1.0017984300764686,1.003015576564195,1.0032290102861308
CRI,58T60,1.0008753527667409,1.0027160803393365,1.0032290102861308
CRI,61,1.0018622461044402,1.0024329177718034,1.0032290102861308
CRI,62T63,1.001064751740183,1.0023241525332205,1.0032290102861308
CRI,64T66,1.0020874779679467,1.0023235221469404,1.0032290102861308
CRI,68,1.0029034807370796,1.0024394675781099,1.0032290102861308
CRI,69T75,1.0013723395201484,1.002406768411565,1.0032290102861308
CRI,77T82,1.0016747084965845,1.002392031351456,1.0032290102861308
CRI,84,1.0031640523343281,1.002380561659928,1.0032290102861308
CRI,85,1.003094468905809,1.0024326852968555,1.0032290102861308
CRI,86T88,1.003085427956815,1.0024659637200042,1.0032290102861308
CRI,90T93,1.0015243098036108,1.0025074929737043,1.0032290102861308
CRI,94T98,1.0027281888049118,1.0025144929827454,1.0032290102861308
CYP,01T02,1.0062243241725073,1.0024670797536845,1.002243863927646
CYP,03,1.001510311656223,1.0017511173928806,1.002243863927646
CYP,05T06,0.9896435153045416,1.003469271359524,1.002243863927646
CYP,07T08,0.9927390508798324,1.0044655933836992,1.002243863927646
CYP,10T12,1.0031178399881033,1.0033755693052244,1.002243863927646
CYP,13T15,1.0044049852223174,1.0019165607470535,1.002243863927646
CYP,16,1.0041254739315266,1.002251790715735,1.002243863927646
CYP,17T18,1.002007875254189,1.0022109216966129,1.002243863927646
CYP,19,0.9274037319486486,1.001575865913434,1.002243863927646
CYP,20,1.0086031107589326,1.0025251079715993,1.002243863927646
CYP,21,1.0034265295316602,1.0022344189060906,1.002243863927646
CYP,22,1.0028412497397818,1.003391272600868,1.002243863927646
CYP,23,0.969654523418739,1.0071446292186428,1.002243863927646
CYP,24,1.0144528952043117,1.003732014240212,1.002243863927646
CYP,25,1.0016636325234536,1.0034289710390838,1.002243863927646
CYP,26,1.000328944810898,1.0039238945824238,1.002243863927646
CYP,27,1.0042664159898438,1.0023362412129184,1.002243863927646
CYP,28,1.0031069555026313,1.0023210087936236,1.002243863927646
CYP,29T30,1.0032816859963176,1.0023119167273062,1.002243863927646
CYP,31T33,1.0020834996150232,1.0022040364902047,1.002243863927646
CYP,35,0.9799067191158499,1.0023975552690902,1.002243863927646
CYP,36T39,1.0013653606986175,1.0033197775857354,1.002243863927646
CYP,41T43,1.001247224625205,1.0031223237155475,1.002243863927646
CYP,45T47,1.0008747851024773,1.0017865681529567,1.002243863927646
CYP,49,0.9996244121359734,1.0018772154843774,1.002243863927646
CYP,50,1.0111948645845175,1.0014141172077053,1.002243863927646
CYP,51,0.9933411626548063,1.0021260939261363,1.002243863927646
CYP,52,0.9999745745663277,1.0016718943592229,1.002243863927646
CYP,53,1.0004731603498467,1.001712994625669,1.002243863927646
CYP,55T56,1.0009827100699906,1.0023265480084165,1.002243863927646
CYP,58T60,1.000512294991962,1.0014472273003474,1.002243863927646
CYP,61,1.0004599015616256,1.0016463597513787,1.002243863927646
CYP,62T63,0.9983564260340733,1.0010925178674839,1.002243863927646
CYP,64T66,0.9990195329666758,1.0010842741399355,1.002243863927646
CYP,68,1.0015777006750315,1.0011651936908326,1.002243863927646
CYP,69T75,1.0005737180423162,1.0012054235826726,1.002243863927646
CYP,77T82,1.0004126932902315,1.00132618238412,1.002243863927646
CYP,84,1.0021200616436927,1.0014526228902079,1.002243863927646
CYP,85,1.002040156736489,1.0011807335250187,1.002243863927646
CYP,86T88,1.0019681034241106,1.0016803282748237,1.002243863927646
CYP,90T93,1.0016687493170096,1.0016769619833694,1.002243863927646
CYP,94T98,1.0017216151552242,1.0014368138586471,1.002243863927646
CZE,01T02,1.0018602616532952,1.0032184358054816,1.0039904990048862
CZE,03,0.9992253848899295,1.0044625607990312,1.0039904990048862
CZE,05T06,0.9804132148201307,1.0029972471733646,1.0039904990048862
CZE,07T08,0.9961319908502357,1.0034557049954822,1.0039904990048862
CZE,10T12,1.0025351101133049,1.0041607933894794,1.0039904990048862
CZE,13T15,0.9987334746667914,1.0032154861821014,1.0039904990048862
CZE,16,1.0007571950916403,1.0040137114917087,1.0039904990048862
CZE,17T18,1.0000622065701052,1.00345028294537,1.0039904990048862
CZE,19,0.991893764929258,1.0053558259502497,1.0039904990048862
CZE,20,0.9981815156038273,1.0032888662610782,1.0039904990048862
CZE,21,0.9997164359616518,1.0025955144023224,1.0039904990048862
CZE,22,1.0041175918663097,1.0032633414008372,1.0039904990048862
CZE,23,0.9949203357398956,1.0045513873321277,1.0039904990048862
CZE,24,0.9969656294960917,1.0046956523248611,1.0039904990048862
CZE,25,1.0020381661204334,1.0033591234557027,1.0039904990048862
CZE,26,1.001710839605166,1.0032438077206725,1.0039904990048862
CZE,27,1.0020244366297149,1.0033830851472543,1.0039904990048862
CZE,28,1.0012003519406123,1.003464311384069,1.0039904990048862
CZE,29T30,1.0021508858672084,1.002942087320008,1.0039904990048862
CZE,31T33,1.002918621020608,1.002769295398696,1.0039904990048862
CZE,35,0.9817466000162629,1.0055351756993374,1.0039904990048862
CZE,36T39,1.000573242100763,1.0028346654192037,1.0039904990048862
CZE,41T43,1.0029077751635558,1.0027714696317278,1.0039904990048862
CZE,45T47,1.001022733418027,1.0021811348938676,1.0039904990048862
CZE,49,0.9984213227812371,1.0025293300588345,1.0039904990048862
CZE,50,0.993692081546913,1.003116087609203,1.0039904990048862
CZE,51,1.003239020189634,1.0033330283990047,1.0039904990048862
CZE,52,0.9999116801623079,1.0026853806438103,1.0039904990048862
CZE,53,1.0014916709163681,1.0020417848697578,1.0039904990048862
CZE,55T56,1.0027084346229582,1.0025901961298886,1.0039904990048862
CZE,58T60,1.0020500752433528,1.0019780225662585,1.0039904990048862
CZE,61,1.0021489470270255,1.001904832631566,1.0039904990048862
CZE,62T63,1.0020608289792052,1.0015676899359665,1.0039904990048862
CZE,64T66,1.0016881655381082,1.0017021480499602,1.0039904990048862
CZE,68,1.0031621361235377,1.0024590820421466,1.0039904990048862
CZE,69T75,1.0014734021968186,1.0020880304481152,1.0039904990048862
CZE,77T82,1.0014709931512702,1.002457914752175,1.0039904990048862
CZE,84,1.0036808224081437,1.0020144060247762,1.0039904990048862
CZE,85,1.0037353615520617,1.0019063870440974,1.0039904990048862
CZE,86T88,1.0038079716600548,1.002175378887648,1.0039904990048862
CZE,90T93,1.003283529245639,1.0022963033852004,1.0039904990048862
CZE,94T98,1.0031315084299568,1.0020804009314885,1.0039904990048862
DEU,01T02,0.9991963101001802,1.00342425220148,1.0036447334700282
DEU,03,1.0012703803820353,1.0027342462753803,1.0036447334700282
DEU,05T06,0.9887981520288518,1.0032739519988474,1.0036447334700282
DEU,07T08,0.9990970015645297,1.0026818724671374,1.0036447334700282
DEU,10T12,1.0029455511796501,1.0042364566972817,1.0036447334700282
DEU,13T15,1.0005615066056563,1.0030067349889622,1.0036447334700282
DEU,16,1.0021992657471173,1.0040782414227294,1.0036447334700282
DEU,17T18,1.0009310590617244,1.003227354138592,1.0036447334700282
DEU,19,0.9984738234024796,1.003635510402999,1.0036447334700282
DEU,20,1.0021594167792545,1.0033568627385379,1.0036447334700282
DEU,21,1.0012089928547543,1.0027696085018099,1.0036447334700282
DEU,22,1.0042790855147599,1.0032735439129927,1.0036447334700282
DEU,23,1.0021827641344376,1.003506055662226,1.0036447334700282
DEU,24,1.0003328771562632,1.0046494242894402,1.0036447334700282
DEU,25,1.0033966427564431,1.0033062622915323,1.0036447334700282
DEU,26,1.002310499846378,1.0027832127978473,1.0036447334700282
DEU,27,1.0032646415324635,1.0029906892696887,1.0036447334700282
DEU,28,1.002412111182458,1.0029629076557411,1.0036447334700282
DEU,29T30,1.0024339952606287,1.0029248144161755,1.0036447334700282
DEU,31T33,1.0036408700778712,1.0029542663246662,1.0036447334700282
DEU,35,0.9940785212997428,1.0041727976312114,1.0036447334700282
DEU,36T39,1.00254786152539,1.002734591417444,1.0036447334700282
DEU,41T43,1.0030341807824303,1.0030333379224503,1.0036447334700282
DEU,45T47,1.0014789230928431,1.0026539541767456,1.0036447334700282
DEU,49,1.001798919794156,1.0028521393338103,1.0036447334700282
DEU,50,1.004508886978213,1.003758688571586,1.0036447334700282
DEU,51,0.9943242505156334,1.003153123627224,1.0036447334700282
DEU,52,1.0010732818261907,1.0027850727845904,1.0036447334700282
DEU,53,1.0016121495616435,1.002763780914374,1.0036447334700282
DEU,55T56,1.0025011265168216,1.0029837420797145,1.0036447334700282
DEU,58T60,1.0015364519661984,1.0025242375272718,1.0036447334700282
DEU,61,1.0023154770316558,1.002585518259704,1.0036447334700282
DEU,62T63,1.0011279585671309,1.0022898047536728,1.0036447334700282
DEU,64T66,1.002057886312307,1.0024052819130995,1.0036447334700282
DEU,68,1.0030430743542507,1.0024263106870142,1.0036447334700282
DEU,69T75,1.0017172052221914,1.0024533435601817,1.0036447334700282
DEU,77T82,1.002079682070639,1.0026155349164052,1.0036447334700282
DEU,84,1.0031831662415882,1.0025400816076715,1.0036447334700282
DEU,85,1.0034783735818653,1.0023837217177003,1.0036447334700282
DEU,86T88,1.0035572821151715,1.0025642422291101,1.0036447334700282
DEU,90T93,1.0030634384001946,1.0025245652001442,1.0036447334700282
DEU,94T98,1.0032777729850293,1.0025160558582764,1.0036447334700282
DNK,01T02,0.9972247833620999,1.0036877828011541,1.0030720811556477
DNK,03,0.9974881448910035,1.0026361780902373,1.0030720811556477
DNK,05T06,0.9960573034299091,1.0025512797584364,1.0030720811556477
DNK,07T08,0.999069299648932,1.0032874073371327,1.0030720811556477
DNK,10T12,1.0027124956150932,1.0038985299354277,1.0030720811556477
DNK,13T15,1.0017590234655682,1.0027030694249859,1.0030720811556477
DNK,16,1.0052433372283567,1.0033803228396037,1.0030720811556477
DNK,17T18,1.003652169833334,1.0027038910862007,1.0030720811556477
DNK,19,0.998683759513067,1.003753396447104,1.0030720811556477
DNK,20,1.0065670163725728,1.0028133119892915,1.0030720811556477
DNK,21,1.003251539669449,1.0023174405287933,1.0030720811556477
DNK,22,1.0054680131899107,1.0029117104641683,1.0030720811556477
DNK,23,1.0002676472341163,1.0032663983166206,1.0030720811556477
DNK,24,1.016326355411415,1.003814160576622,1.0030720811556477
DNK,25,1.0034903000775557,1.0030811618709774,1.0030720811556477
DNK,26,1.0023858515125508,1.0025466072235454,1.0030720811556477
DNK,27,1.0037413171024436,1.0027061582764574,1.0030720811556477
DNK,28,1.00242656833856,1.0028073469622913,1.0030720811556477
DNK,29T30,1.0022280451321501,1.0028648444890187,1.0030720811556477
DNK,31T33,1.0045605035305252,1.0026735173207637,1.0030720811556477
DNK,35,0.9961648456193131,1.0029238096906186,1.0030720811556477
DNK,36T39,1.002579430272234,1.0024089053851726,1.0030720811556477
DNK,41T43,1.0025961066171583,1.0028211299233014,1.0030720811556477
DNK,45T47,1.0015614482979154,1.0023164095977448,1.0030720811556477
DNK,49,1.0001787985643606,1.0031437745832672,1.0030720811556477
DNK,50,0.9985452953257785,1.0026647496332406,1.0030720811556477
DNK,51,1.0004554904760306,1.0025824602770228,1.0030720811556477
DNK,52,0.999558808628101,1.0024526500112523,1.0030720811556477
DNK,53,1.0014324513389385,1.0024505538563826,1.0030720811556477
DNK,55T56,1.0023538626186803,1.0027576432518643,1.0030720811556477
DNK,58T60,1.00153542942503,1.0022370594041041,1.0030720811556477
DNK,61,1.0016819132042336,1.0023205224146332,1.0030720811556477
DNK,62T63,1.001226767836053,1.0022111850324764,1.0030720811556477
DNK,64T66,1.0018529773297395,1.0021409537362513,1.0030720811556477
DNK,68,1.0027032913230944,1.0022314558141778,1.0030720811556477
DNK,69T75,1.0016188782126731,1.002251166140792,1.0030720811556477
DNK,77T82,1.0016358512232673,1.0026070993352216,1.0030720811556477
DNK,84,1.0029502207196606,1.0022721905092074,1.0030720811556477
DNK,85,1.0029837226396388,1.0022363853754188,1.0030720811556477
DNK,86T88,1.0030341991988667,1.0022954230090253,1.0030720811556477
DNK,90T93,1.0027776956385739,1.0023301163257965,1.0030720811556477
DNK,94T98,1.002610022523449,1.0022713625249542,1.0030720811556477
ESP,01T02,1.0063387013885412,1.0031162523761201,1.0034361579199433
ESP,03,1.0000045858499844,1.0028553376848628,1.0034361579199433
ESP,05T06,0.9536143770981964,1.0025677694322574,1.0034361579199433
ESP,07T08,0.9975314878779641,1.0033720332879015,1.0034361579199433
ESP,10T12,1.002907004343876,1.0044422552476282,1.0034361579199433
ESP,13T15,1.0012383860753844,1.0028303938005358,1.0034361579199433
ESP,16,1.0022733144676665,1.0033640439313178,1.0034361579199433
ESP,17T18,1.0011958814232642,1.003273266867549,1.0034361579199433
ESP,19,0.9981759783092841,1.004023298675835,1.0034361579199433
ESP,20,1.0009160940406412,1.0037442386371533,1.0034361579199433
ESP,21,0.9998966785821921,1.0030511374699054,1.0034361579199433
ESP,22,1.0040364122365346,1.0034035213846846,1.0034361579199433
ESP,23,0.9975881223412483,1.0039811948912776,1.0034361579199433
ESP,24,1.0076859084811507,1.0039942031955986,1.0034361579199433
ESP,25,1.0020070821565998,1.0037292809058282,1.0034361579199433
ESP,26,1.0021396462652055,1.0028397554614321,1.0034361579199433
ESP,27,1.0020024829546164,1.0034614096652585,1.0034361579199433
ESP,28,1.0015362541997066,1.003261440411787,1.0034361579199433
ESP,29T30,1.0017391573148016,1.0032000798627905,1.0034361579199433
ESP,31T33,1.0034169856188704,1.0028593258946885,1.0034361579199433
ESP,35,0.9970694024037293,1.0036708857424093,1.0034361579199433
ESP,36T39,1.0030778869622758,1.0028776373565822,1.0034361579199433
ESP,41T43,1.0029197479358798,1.0030422162625718,1.0034361579199433
ESP,45T47,1.0017749759948371,1.002584391040931,1.0034361579199433
ESP,49,0.99955002018165,1.0029638780377674,1.0034361579199433
ESP,50,0.9595330560230555,1.0028075398368503,1.0034361579199433
ESP,51,0.9937833797969903,1.003156383840103,1.0034361579199433
ESP,52,1.0006492581737267,1.0028956086373333,1.0034361579199433
ESP,53,1.0013939871522581,1.0026808410399508,1.0034361579199433
ESP,55T56,1.0026387886040973,1.0028789302869505,1.0034361579199433
ESP,58T60,1.0011425403669383,1.0025219050022778,1.0034361579199433
ESP,61,1.0017981415886632,1.0027384902874825,1.0034361579199433
ESP,62T63,1.0006059263403793,1.0025108851521973,1.0034361579199433
ESP,64T66,1.0020341348147166,1.0023324370027529,1.0034361579199433
ESP,68,1.0029822465163933,1.0022862306444875,1.0034361579199433
ESP,69T75,1.001594538771855,1.0025149494928387,1.0034361579199433
ESP,77T82,1.001361182983474,1.0026068392261576,1.0034361579199433
ESP,84,1.0030270486004054,1.0024854468412627,1.0034361579199433
ESP,85,1.003189226725579,1.0023546068639848,1.0034361579199433
ESP,86T88,1.0032629613736328,1.0025115657858144,1.0034361579199433
ESP,90T93,1.0028188494676642,1.002503656339403,1.0034361579199433
ESP,94T98,1.0029544282808824,1.002387748446035,1.0034361579199433
EST,01T02,0.9818879022570307,1.0037960213652035,1.0023362602396122
EST,03,1.0026875361832353,1.0009060392461324,1.0023362602396122
EST,05T06,0.9363657505069857,1.001865648230344,1.0023362602396122
EST,07T08,0.9718062071410567,1.0021927908189294,1.0023362602396122
EST,10T12,1.0012099207240617,1.004394241125018,1.0023362602396122
EST,13T15,1.0052723799492367,1.0016686531711405,1.0023362602396122
EST,16,0.9913491348706296,1.0052507174874483,1.0023362602396122
EST,17T18,0.9979473590802529,1.0041068200798977,1.0023362602396122
EST,19,0.8800142184723114,1.0059904116331462,1.0023362602396122
EST,20,1.0034094151959023,1.0035122617764094,1.0023362602396122
EST,21,1.0059944797857125,1.0010427287743835,1.0023362602396122
EST,22,1.0050457291096317,1.002508585532114,1.0023362602396122
EST,23,0.998554120196902,1.003266903100865,1.0023362602396122
EST,24,1.0128848228541028,1.0051025558834397,1.0023362602396122
EST,25,1.0027709649263827,1.00271528002072,1.0023362602396122
EST,26,1.0021640107962084,1.001976665327553,1.0023362602396122
EST,27,1.0048947922234268,1.0019505948157448,1.0023362602396122
EST,28,1.002648307467965,1.0020950239382092,1.0023362602396122
EST,29T30,1.0043288612360608,1.0016685167510795,1.0023362602396122
EST,31T33,1.002752977849486,1.0020850309252396,1.0023362602396122
EST,35,0.9642525788821569,1.0051510044880272,1.0023362602396122
EST,36T39,1.0017757387246333,1.0024672813653208,1.0023362602396122
EST,41T43,1.001551738969562,1.0019136418792565,1.0023362602396122
EST,45T47,1.0011493416759933,1.0004033602363644,1.0023362602396122
EST,49,0.9993398168977349,1.00064707729819,1.0023362602396122
EST,50,0.9975696343819989,1.0011456180487213,1.0023362602396122
EST,51,1.010650268725848,1.0022615812552913,1.0023362602396122
EST,52,0.9995314407140555,1.0015352477625485,1.0023362602396122
EST,53,1.0033865041629224,1.0005198431510052,1.0023362602396122
EST,55T56,1.0030566564501975,1.0016312932482605,1.0023362602396122
EST,58T60,1.0039806047127016,1.000400589533197,1.0023362602396122
EST,61,1.0034498694880594,0.999997347154726,1.0023362602396122
EST,62T63,1.0037232506928675,0.9996002808285337,1.0023362602396122
EST,64T66,1.0021808797447866,0.9994624137193264,1.0023362602396122
EST,68,1.0018818755361207,1.000051110228813,1.0023362602396122
EST,69T75,1.0021268386417488,1.0000738034060883,1.0023362602396122
EST,77T82,1.0012500305303809,1.000150617178623,1.0023362602396122
EST,84,1.0022695971749898,0.9999276499822589,1.0023362602396122
EST,85,1.0023429940898407,1.0001785585083312,1.0023362602396122
EST,86T88,1.0023176940873109,1.0001444203202725,1.0023362602396122
EST,90T93,1.0022244228084196,1.000834206326764,1.0023362602396122
EST,94T98,1.0017471849975168,1.0011598176476704,1.0023362602396122
FIN,01T02,0.9963328954450983,1.0030231878398275,1.002826854356615
FIN,03,0.9982930329680291,1.002296578598265,1.002826854356615
FIN,05T06,0.9288025507307328,1.0034182376803944,1.002826854356615
FIN,07T08,0.9996941543899096,1.0033344621868459,1.002826854356615
FIN,10T12,1.0024598874133281,1.0039725614337085,1.002826854356615
FIN,13T15,1.002444113800782,1.0023993350067668,1.002826854356615
FIN,16,0.9995429473958543,1.0050280699538232,1.002826854356615
FIN,17T18,0.9971593176039453,1.0039867188716276,1.002826854356615
FIN,19,0.9993914403036611,1.002702048277984,1.002826854356615
FIN,20,1.00008216008454,1.0034702229736308,1.002826854356615
FIN,21,1.0028873380310224,1.0018314625161902,1.002826854356615
FIN,22,1.0038965680061267,1.0031225758337414,1.002826854356615
FIN,23,1.0027364708405397,1.003193256860239,1.002826854356615
FIN,24,1.0074974384696116,1.0041304358314247,1.002826854356615
FIN,25,1.0033003344357139,1.0031360767344797,1.002826854356615
FIN,26,1.002393549226362,1.0020050786140853,1.002826854356615
FIN,27,1.0033484320760042,1.0026552993742965,1.002826854356615
FIN,28,1.002363749385139,1.0024047889359813,1.002826854356615
FIN,29T30,1.002463133643547,1.0026717328613526,1.002826854356615
FIN,31T33,1.0025566241247126,1.0022881807574953,1.002826854356615
FIN,35,0.9950939927175609,1.004493941334232,1.002826854356615
FIN,36T39,1.0029800785217242,1.002294540127621,1.002826854356615
FIN,41T43,1.002332958889097,1.0026841878942163,1.002826854356615
FIN,45T47,1.0011625262309238,1.0020285267373739,1.002826854356615
FIN,49,1.0008096282927952,1.0021748011941318,1.002826854356615
FIN,50,0.9961169410002714,1.0023620230616794,1.002826854356615
FIN,51,0.996760921607966,1.0024149013142751,1.002826854356615
FIN,52,1.000522158942666,1.0024222884191816,1.002826854356615
FIN,53,1.0012391808332188,1.002120129212783,1.002826854356615
FIN,55T56,1.0018865584130499,1.002500760207601,1.002826854356615
FIN,58T60,1.0008812192422072,1.0020082171711966,1.002826854356615
FIN,61,1.001789169576819,1.0018672798987678,1.002826854356615
FIN,62T63,1.0003661420648158,1.0017961493992185,1.002826854356615
FIN,64T66,1.0014335822374116,1.0018419461204737,1.002826854356615
FIN,68,1.0024838385256925,1.0018845833795222,1.002826854356615
FIN,69T75,1.0010562762959578,1.0018944142570834,1.002826854356615
FIN,77T82,1.0013782915818412,1.0020217686497634,1.002826854356615
FIN,84,1.0024404762848824,1.0020526416988156,1.002826854356615
FIN,85,1.00272077300313,1.0018494343078304,1.002826854356615
FIN,86T88,1.0027572065477703,1.0019168079239225,1.002826854356615
FIN,90T93,1.0023862458226054,1.0023363407070904,1.002826854356615
FIN,94T98,1.0023820547025655,1.002370199663384,1.002826854356615
FRA,01T02,1.0007820869588904,1.00348767872897,1.0027533480322455
FRA,03,0.9992885479505578,1.0028204018835793,1.0027533480322455
FRA,05T06,0.8885105962662321,1.002265749190759,1.0027533480322455
FRA,07T08,0.9992591248556192,1.003053079081264,1.0027533480322455
FRA,10T12,1.0028979922126509,1.0037617103048952,1.0027533480322455
FRA,13T15,1.001802538755916,1.002597881425087,1.0027533480322455
FRA,16,1.0024713759918784,1.003617373141462,1.0027533480322455
FRA,17T18,1.0021333353811062,1.002711345376946,1.0027533480322455
FRA,19,1.00160337644437,1.0032373397495793,1.0027533480322455
FRA,20,1.0029287052321791,1.0029661696877175,1.0027533480322455
FRA,21,1.001438898683079,1.0025552375554156,1.0027533480322455
FRA,22,1.004931976374626,1.0029459988986742,1.0027533480322455
FRA,23,1.0015914136993929,1.0032217465258042,1.0027533480322455
FRA,24,0.9966746650881763,1.0035950654453216,1.0027533480322455
FRA,25,1.00315090479419,1.0031365122777864,1.0027533480322455
FRA,26,1.0021612164201603,1.00260961795068,1.0027533480322455
FRA,27,1.0030159509242154,1.002962697601571,1.0027533480322455
FRA,28,1.0021393837968167,1.0028856547591047,1.0027533480322455
FRA,29T30,1.0024137171341043,1.002780534509152,1.0027533480322455
FRA,31T33,1.00390442489109,1.0027488345945144,1.0027533480322455
FRA,35,1.001395362565724,1.0031667587869937,1.0027533480322455
FRA,36T39,1.001954577028497,1.0025754727781124,1.0027533480322455
FRA,41T43,1.0025970341162138,1.0028386708904304,1.0027533480322455
FRA,45T47,1.0016088645520937,1.0023467277316338,1.0027533480322455
FRA,49,1.0019200152373273,1.002436309371072,1.0027533480322455
FRA,50,1.0015421289044393,1.0030445121161078,1.0027533480322455
FRA,51,0.9979296403003977,1.0028133151971452,1.0027533480322455
FRA,52,1.001539267251402,1.002337310131352,1.0027533480322455
FRA,53,1.0017020719073184,1.002243415210658,1.0027533480322455
FRA,55T56,1.0023012161035734,1.0026737522329372,1.0027533480322455
FRA,58T60,1.0013894954894678,1.002452697025745,1.0027533480322455
FRA,61,1.001567369090102,1.0023323529489634,1.0027533480322455
FRA,62T63,1.0017718378485996,1.002218681362914,1.0027533480322455
FRA,64T66,1.0016624909399203,1.002223251104293,1.0027533480322455
FRA,68,1.002485355833451,1.0021748195559044,1.0027533480322455
FRA,69T75,1.0017567099768487,1.0022842618083923,1.0027533480322455
FRA,77T82,1.0016287085661872,1.0022773958199993,1.0027533480322455
FRA,84,1.0026606478661566,1.0022704428565143,1.0027533480322455
FRA,85,1.0025862873731886,1.0022496374041643,1.0027533480322455
FRA,86T88,1.002675700799902,1.0022634524415583,1.0027533480322455
FRA,90T93,1.002428078865611,1.002405090692691,1.0027533480322455
FRA,94T98,1.0024326527569374,1.0023137851677184,1.0027533480322455
GBR,01T02,0.9989996379734583,1.0035037215536429,1.002336412780202
GBR,03,0.9999325912072206,1.0026461353392622,1.002336412780202
GBR,05T06,0.9937664434941212,1.0023320080377103,1.002336412780202
GBR,07T08,1.0014526259524734,1.0029169841179306,1.002336412780202
GBR,10T12,1.0030153378551225,1.003587973252751,1.002336412780202
GBR,13T15,1.00247511400476,1.0021113621069522,1.002336412780202
GBR,16,1.0038283758318494,1.0032862784291159,1.002336412780202
GBR,17T18,1.0024134230828232,1.0025545873127422,1.002336412780202
GBR,19,0.9971793213528245,1.003476115097061,1.002336412780202
GBR,20,1.0021640362100226,1.0028622561053842,1.002336412780202
GBR,21,1.0026686123373125,1.0021941551806175,1.002336412780202
GBR,22,1.003684170529023,1.002834879885201,1.002336412780202
GBR,23,1.0024031782496081,1.002752738157372,1.002336412780202
GBR,24,1.0013471730904726,1.003487412182634,1.002336412780202
GBR,25,1.003572185659389,1.0026313389635708,1.002336412780202
GBR,26,1.0021406973589835,1.0021611862101316,1.002336412780202
GBR,27,1.0034687823951167,1.0025797806235572,1.002336412780202
GBR,28,1.002102405679231,1.002516366670282,1.002336412780202
GBR,29T30,1.0024824354190118,1.002636263890278,1.002336412780202
GBR,31T33,1.0029151696915979,1.0023410773421915,1.002336412780202
GBR,35,0.9984089650929978,1.0042609705557954,1.002336412780202
GBR,36T39,1.001970530604318,1.0020443412815132,1.002336412780202
GBR,41T43,1.0020932361446362,1.0022917617000904,1.002336412780202
GBR,45T47,1.0016426611730225,1.0020261515799223,1.002336412780202
GBR,49,1.0011739649258393,1.0021584684874865,1.002336412780202
GBR,50,1.0037944032524202,1.0023246937723544,1.002336412780202
GBR,51,0.9921353965550274,1.0030960848847519,1.002336412780202
GBR,52,1.00134293686815,1.0022780866372236,1.002336412780202
GBR,53,1.0014231093730817,1.0019595840075814,1.002336412780202
GBR,55T56,1.0021573374809742,1.0022276981421128,1.002336412780202
GBR,58T60,1.0017128091679508,1.0019389126665146,1.002336412780202
GBR,61,1.0014588930633945,1.0018464251740626,1.002336412780202
GBR,62T63,1.0013946779804028,1.0018431711809208,1.002336412780202
GBR,64T66,1.0008892405010303,1.0019080575832815,1.002336412780202
GBR,68,1.0022020795123987,1.0017841027380658,1.002336412780202
GBR,69T75,1.0012268500705752,1.0019113202308267,1.002336412780202
GBR,77T82,1.0013179129183747,1.0020633942637156,1.002336412780202
GBR,84,1.0022665947206761,1.0019565268094275,1.002336412780202
GBR,85,1.0021619087439342,1.0018684238167703,1.002336412780202
GBR,86T88,1.002263921452307,1.0019635907493234,1.002336412780202
GBR,90T93,1.0020236013161787,1.0019824750718924,1.002336412780202
GBR,94T98,1.002198343834479,1.001852341321704,1.002336412780202
GRC,01T02,1.006328041401834,1.002841590842555,1.0034376719559932
GRC,03,1.0026612467266731,1.0016570140462933,1.0034376719559932
GRC,05T06,0.9170848729868714,1.0024796862764762,1.0034376719559932
GRC,07T08,0.9964651864051125,1.0031599715517372,1.0034376719559932
GRC,10T12,1.0035936959505798,1.0036792216433792,1.0034376719559932
GRC,13T15,1.000229304114195,1.0028530415841408,1.0034376719559932
GRC,16,1.004073368313294,1.0030682752911149,1.0034376719559932
GRC,17T18,1.002744984155541,1.0025375302703496,1.0034376719559932
GRC,19,0.994759735782605,1.0035857148081113,1.0034376719559932
GRC,20,1.0029877339036182,1.0027787161735142,1.0034376719559932
GRC,21,1.0034745231020556,1.002374376070075,1.0034376719559932
GRC,22,1.0037487755380057,1.0031724577881485,1.0034376719559932
GRC,23,0.9755133510909867,1.0053723700011257,1.0034376719559932
GRC,24,0.9985229757294724,1.0063360447669136,1.0034376719559932
GRC,25,1.0012521715891929,1.003643800712568,1.0034376719559932
GRC,26,1.0026079240285926,1.0025116862172445,1.0034376719559932
GRC,27,0.9992748043151491,1.0046760390045082,1.0034376719559932
GRC,28,1.0016766346697297,1.0030691528716338,1.0034376719559932
GRC,29T30,1.002677142017437,1.002533635734213,1.0034376719559932
GRC,31T33,1.0037155050236573,1.0027078616445104,1.0034376719559932
GRC,35,0.9885870466436543,1.0051894123940768,1.0034376719559932
GRC,36T39,1.002870055995096,1.0046936973140255,1.0034376719559932
GRC,41T43,1.002883352763844,1.0041922053549082,1.0034376719559932
GRC,45T47,1.0014216305521484,1.0018158422795247,1.0034376719559932
GRC,49,1.001430475514761,1.002293906297155,1.0034376719559932
GRC,50,0.9834583175624927,1.00548719810942,1.0034376719559932
GRC,51,1.0026838325616763,1.0026401120447097,1.0034376719559932
GRC,52,0.9989377858724074,1.0025365697623303,1.0034376719559932
GRC,53,1.0012714423344993,1.0020144303953569,1.0034376719559932
GRC,55T56,1.002618688894972,1.0024655365226562,1.0034376719559932
GRC,58T60,1.0017116371285741,1.0020844843035024,1.0034376719559932
GRC,61,1.002648901417417,1.0017942768293295,1.0034376719559932
GRC,62T63,1.002001444213481,1.0016622046824208,1.0034376719559932
GRC,64T66,1.001957531087386,1.0013523935421116,1.0034376719559932
GRC,68,1.002529955672563,1.001375143714153,1.0034376719559932
GRC,69T75,1.0012258399689125,1.0016329605405396,1.0034376719559932
GRC,77T82,1.002239730805875,1.0019372579974997,1.0034376719559932
GRC,84,1.003265057021855,1.001540474764201,1.0034376719559932
GRC,85,1.0033000477841074,1.0014497217012899,1.0034376719559932
GRC,86T88,1.0033003480041505,1.0018563045506057,1.0034376719559932
GRC,90T93,1.0028672582873606,1.0019429141872536,1.0034376719559932
GRC,94T98,1.0028644253206263,1.0021390410777953,1.0034376719559932
HRV,01T02,0.9979508765611245,1.0033262477780298,1.003131634839693
HRV,03,1.000741834270389,1.0033422917132928,1.003131634839693
HRV,05T06,0.9680813750354453,1.005068873552803,1.003131634839693
HRV,07T08,0.9986746948179441,1.0032384941611523,1.003131634839693
HRV,10T12,1.0026259686114363,1.0036946140323428,1.003131634839693
HRV,13T15,1.0015108991219153,1.0027604827975085,1.003131634839693
HRV,16,1.0026606138390308,1.0033297129084178,1.003131634839693
HRV,17T18,1.0006376581180985,1.0029327910764023,1.003131634839693
HRV,19,0.997990022807347,1.003807824896243,1.003131634839693
HRV,20,0.9637290788927467,1.003990022480667,1.003131634839693
HRV,21,1.0003247448584287,1.0026185589254832,1.003131634839693
HRV,22,1.003573704999447,1.0032988538807657,1.003131634839693
HRV,23,0.9867309744373395,1.0031811069709167,1.003131634839693
HRV,24,1.0084638219733846,1.0035380750353615,1.003131634839693
HRV,25,1.0031687811811285,1.0026765965834887,1.003131634839693
HRV,26,1.0028918654350334,1.0019783176325026,1.003131634839693
HRV,27,1.003297392162309,1.002756952780998,1.003131634839693
HRV,28,1.0028938271306846,1.0025455033231374,1.003131634839693
HRV,29T30,1.0020701498506264,1.0026897906650558,1.003131634839693
HRV,31T33,1.0035758792092757,1.003126987037598,1.003131634839693
HRV,35,1.0013866605924544,1.0025561336895579,1.003131634839693
HRV,36T39,1.0019704264763543,1.0024965220208044,1.003131634839693
HRV,41T43,1.001876752852442,1.0033410318336538,1.003131634839693
HRV,45T47,1.0013039083239612,1.0023798253787957,1.003131634839693
HRV,49,1.0006248435911966,1.0022805306761309,1.003131634839693
HRV,50,0.979772453937683,1.0036416843664866,1.003131634839693
HRV,51,1.0094613970037218,1.002300503752703,1.003131634839693
HRV,52,1.0012354724232138,1.002720079051383,1.003131634839693
HRV,53,1.0015598501450782,1.0021134322711431,1.003131634839693
HRV,55T56,1.0027770354346213,1.0023900282573066,1.003131634839693
HRV,58T60,1.0010113160954042,1.0019906584173839,1.003131634839693
HRV,61,1.002269828682899,1.0019384960451236,1.003131634839693
HRV,62T63,1.0009785873169308,1.0018696122723227,1.003131634839693
HRV,64T66,1.0014487798599494,1.0017147021203099,1.003131634839693
HRV,68,1.002701923973038,1.002313373269075,1.003131634839693
HRV,69T75,1.0011966399947017,1.0021225647156335,1.003131634839693
HRV,77T82,1.001834293755859,1.002259372897332,1.003131634839693
HRV,84,1.002987436739181,1.0020828852970267,1.003131634839693
HRV,85,1.0028885707312611,1.0017973566108447,1.003131634839693
HRV,86T88,1.0028957755697367,1.0021891453974938,1.003131634839693
HRV,90T93,1.0025252797042379,1.0022234602218216,1.003131634839693
HRV,94T98,1.0023151912694277,1.0021896477708487,1.003131634839693
HUN,01T02,0.9940044244065779,1.00369961961155,1.0032816406937826
HUN,03,1.000719395481431,1.0030644194824807,1.0032816406937826
HUN,05T06,0.9418315372595374,1.004352195051597,1.0032816406937826
HUN,07T08,0.997388136581008,1.0050007963412966,1.0032816406937826
HUN,10T12,1.000727375179326,1.0047737114673285,1.0032816406937826
HUN,13T15,1.0022098181315588,1.002472298025056,1.0032816406937826
HUN,16,1.000993832136921,1.0036480943529518,1.0032816406937826
HUN,17T18,1.0003208080816468,1.0028123749943967,1.0032816406937826
HUN,19,0.9993995834298955,1.0033511776136979,1.0032816406937826
HUN,20,0.9928240628006829,1.0035527127231973,1.0032816406937826
HUN,21,1.0003062973661256,1.002346537690377,1.0032816406937826
HUN,22,1.0043814287541681,1.0033057343160068,1.0032816406937826
HUN,23,0.9996264641864869,1.0037698660111063,1.0032816406937826
HUN,24,1.006102141252333,1.0040577619434083,1.0032816406937826
HUN,25,1.0025713880870009,1.0032966607883802,1.0032816406937826
HUN,26,1.0024172340111546,1.0024883230392854,1.0032816406937826
HUN,27,1.002522137582758,1.0031775026046204,1.0032816406937826
HUN,28,1.0021860235566178,1.0028273595526849,1.0032816406937826
HUN,29T30,1.002698364090482,1.0027212438927553,1.0032816406937826
HUN,31T33,1.0040966730560907,1.0024028168650343,1.0032816406937826
HUN,35,0.9837781504211905,1.0028488012060108,1.0032816406937826
HUN,36T39,1.0021088761078603,1.0023769761174108,1.0032816406937826
HUN,41T43,1.00268097713625,1.0029700834325748,1.0032816406937826
HUN,45T47,1.0007709630677115,1.0022028097767948,1.0032816406937826
HUN,49,0.999129691627337,1.002228490513768,1.0032816406937826
HUN,50,0.9854641531691434,1.0026455783792017,1.0032816406937826
HUN,51,0.9939421019495135,1.0026194665406485,1.0032816406937826
HUN,52,1.0004290257579096,1.0019993573607369,1.0032816406937826
HUN,53,1.0019454194440947,1.001807672748354,1.0032816406937826
HUN,55T56,1.0024097923134008,1.0027357778574717,1.0032816406937826
HUN,58T60,1.0018639249383716,1.0018103981081634,1.0032816406937826
HUN,61,1.0025445555766472,1.00162795588448,1.0032816406937826
HUN,62T63,1.0014947799730063,1.0015007431277738,1.0032816406937826
HUN,64T66,1.0018004077416465,1.0014837184501872,1.0032816406937826
HUN,68,1.0026432537329937,1.0016719720690734,1.0032816406937826
HUN,69T75,1.0014989559515708,1.0017435350429817,1.0032816406937826
HUN,77T82,1.0012028897369663,1.0019384284649335,1.0032816406937826
HUN,84,1.0031153314528891,1.0016564191886317,1.0032816406937826
HUN,85,1.003196716471559,1.0015944544570168,1.0032816406937826
HUN,86T88,1.0030837339155032,1.0018712878655496,1.0032816406937826
HUN,90T93,1.0027220456349402,1.0020146259693512,1.0032816406937826
HUN,94T98,1.002510429927694,1.0017966651220425,1.0032816406937826
IDN,01T02,0.95830614710474,0.9984774441401603,1.0020903015225178
IDN,03,1.0014731838623623,0.99548239528584,1.0020903015225178
IDN,05T06,0.9821898232362068,0.9986989686492437,1.0020903015225178
IDN,07T08,1.0032977472553792,0.9968636467573153,1.0020903015225178
IDN,10T12,0.9964798484205266,1.009535848248636,1.0020903015225178
IDN,13T15,1.0118519442384055,0.9984741439148515,1.0020903015225178
IDN,16,0.9939994828448767,1.0069875360943683,1.0020903015225178
IDN,17T18,1.0014674123886877,1.000386208760363,1.0020903015225178
IDN,19,0.9946868138883095,1.0017674105405496,1.0020903015225178
IDN,20,0.9906204969286808,1.0017736626580755,1.0020903015225178
IDN,21,0.9985852925367619,1.0023166135409118,1.0020903015225178
IDN,22,0.9885881180365419,1.0077381318914718,1.0020903015225178
IDN,23,0.9755114990104485,1.0019831420995204,1.0020903015225178
IDN,24,1.0171897955172573,0.9987202812951126,1.0020903015225178
IDN,25,1.0022869513123718,1.0008839111464563,1.0020903015225178
IDN,26,1.0040113955418126,1.0003409867210518,1.0020903015225178
IDN,27,1.0066870372807861,1.000218644518116,1.0020903015225178
IDN,28,1.0034023867229238,1.001379903761999,1.0020903015225178
IDN,29T30,1.0065770436475616,0.9981262641191192,1.0020903015225178
IDN,31T33,0.9970826265874403,1.0004655526415442,1.0020903015225178
IDN,35,0.965796105309274,1.0125204094089626,1.0020903015225178
IDN,36T39,1.001178080726219,0.999049417543511,1.0020903015225178
IDN,41T43,1.0010877412337187,1.0003949160560401,1.0020903015225178
IDN,45T47,1.0010819535242728,0.9968292273045649,1.0020903015225178
IDN,49,0.9977341737379188,0.9971353688547511,1.0020903015225178
IDN,50,0.9833921497613659,0.9994585073507589,1.0020903015225178
IDN,51,1.001831903041343,0.9979639767656977,1.0020903015225178
IDN,52,1.0009538999460454,0.9980363348657189,1.0020903015225178
IDN,53,1.002495214433599,0.9981449138471309,1.0020903015225178
IDN,55T56,1.0018192189292527,1.002363313685513,1.0020903015225178
IDN,58T60,1.002612101978788,0.9984339549183824,1.0020903015225178
IDN,61,1.0011424639117907,0.9962611535507397,1.0020903015225178
IDN,62T63,1.002661529260358,0.9986022423670166,1.0020903015225178
IDN,64T66,0.9985574489952996,0.9953111524565667,1.0020903015225178
IDN,68,1.0020585752299989,0.9957643239195008,1.0020903015225178
IDN,69T75,1.0135383218899965,0.9962539910226077,1.0020903015225178
IDN,77T82,1.0000361402123723,0.9961435872269138,1.0020903015225178
IDN,84,1.0018271894885926,0.9977167569268891,1.0020903015225178
IDN,85,1.0021294703687949,0.9964674324337754,1.0020903015225178
IDN,86T88,1.0018268349435178,0.9991369247198966,1.0020903015225178
IDN,90T93,1.0034757018165588,0.9975625529110597,1.0020903015225178
IDN,94T98,1.0016845053105075,0.9964693477004051,1.0020903015225178
IND,01T02,0.9951142422846457,0.9999847725094538,1.0033962657017008
IND,03,1.0033017949257315,0.9987101615098564,1.0033962657017008
IND,05T06,0.9792258601036116,1.0004477103098204,1.0033962657017008
IND,07T08,0.9737945583028087,1.0017458455520147,1.0033962657017008
IND,10T12,1.0031789141214664,1.0042254498565013,1.0033962657017008
IND,13T15,1.0012222854899124,1.0024890762219536,1.0033962657017008
IND,16,1.0000437109189093,1.0018811421847986,1.0033962657017008
IND,17T18,0.9982077285412575,1.0025276039450635,1.0033962657017008
IND,19,0.9935940742704227,1.0022050413977857,1.0033962657017008
IND,20,0.9965073571299582,1.0025834462369028,1.0033962657017008
IND,21,1.0017719494591915,1.0006195009064136,1.0033962657017008
IND,22,0.9901294699870393,1.0031985001378116,1.0033962657017008
IND,23,0.9852932816810707,1.0032043310373666,1.0033962657017008
IND,24,0.9645227594923441,1.0055123580905767,1.0033962657017008
IND,25,0.9952044005347876,1.0053581533096225,1.0033962657017008
IND,26,0.9995449503395882,1.0050915102035785,1.0033962657017008
IND,27,0.9979259641610799,1.0073863085230905,1.0033962657017008
IND,28,0.9991314320517656,1.0053249786445597,1.0033962657017008
IND,29T30,1.000270956154276,1.006595648112263,1.0033962657017008
IND,31T33,0.9808823349640581,1.0039062507963683,1.0033962657017008
IND,35,0.9637713198199559,1.0014318247862766,1.0033962657017008
IND,36T39,0.9969119121810908,1.0013425759044008,1.0033962657017008
IND,41T43,1.0025139632284916,1.004054139455085,1.0033962657017008
IND,45T47,0.9998777005145227,0.9994931774425907,1.0033962657017008
IND,49,0.996939764763131,1.0010600835545735,1.0033962657017008
IND,50,0.9860911795396674,1.0022384900221655,1.0033962657017008
IND,51,0.9912015394461777,1.003939911235582,1.0033962657017008
IND,52,0.9956445586775825,1.002298737310924,1.0033962657017008
IND,53,0.9974941230432022,1.0000341042043241,1.0033962657017008
IND,55T56,1.0009395117118116,1.0034801783316039,1.0033962657017008
IND,58T60,1.0011555657749711,1.0015560509918724,1.0033962657017008
IND,61,0.9989749407995022,1.004317659467841,1.0033962657017008
IND,62T63,1.005193977004196,0.999176663497238,1.0033962657017008
IND,64T66,1.0005041743709024,1.0007858633037097,1.0033962657017008
IND,68,1.0032118533037484,0.9988474591013721,1.0033962657017008
IND,69T75,1.0005746230005264,1.0006105468433142,1.0033962657017008
IND,77T82,0.9983518156036962,1.000100088115706,1.0033962657017008
IND,84,1.003404297635225,0.9998263098789042,1.0033962657017008
IND,85,1.0033126794846676,0.9988963907796955,1.0033962657017008
IND,86T88,1.0033357619313092,0.9995206606599597,1.0033962657017008
IND,90T93,1.0031540240019763,1.0002564698258434,1.0033962657017008
IND,94T98,1.0029210622339553,1.0011888334282153,1.0033962657017008
IRL,01T02,0.9770107655901625,1.003866513458068,1.0044076458803313
IRL,03,0.9990620655598439,1.0037031431287469,1.0044076458803313
IRL,05T06,0.9274693925688806,1.0040758140484682,1.0044076458803313
IRL,07T08,0.9979645478764136,1.0039027929377786,1.0044076458803313
IRL,10T12,1.0022910743923379,1.003954882058295,1.0044076458803313
IRL,13T15,1.0000206401763838,1.002295957745343,1.0044076458803313
IRL,16,0.9996315742315606,1.0044221270345504,1.0044076458803313
IRL,17T18,1.0037200942921052,1.0022773278076471,1.0044076458803313
IRL,19,1.0048641260423676,1.0026119919001877,1.0044076458803313
IRL,20,1.007117090651943,1.002488880586673,1.0044076458803313
IRL,21,1.00385714302861,1.0021583306267814,1.0044076458803313
IRL,22,1.0071194487168444,1.0025743828519234,1.0044076458803313
IRL,23,0.996438132967751,1.0032308055506691,1.0044076458803313
IRL,24,1.0011505056895877,1.0031675125221788,1.0044076458803313
IRL,25,1.0050497339180677,1.0025437301842064,1.0044076458803313
IRL,26,1.0014894551205296,1.0023866491320947,1.0044076458803313
IRL,27,1.0038088195832087,1.0027192005698786,1.0044076458803313
IRL,28,1.001790414072824,1.0024103817296033,1.0044076458803313
IRL,29T30,1.0026723549511443,1.0027113652134219,1.0044076458803313
IRL,31T33,1.0061003809110365,1.0022408450215392,1.0044076458803313
IRL,35,0.9960929265970215,1.0025053308557264,1.0044076458803313
IRL,36T39,1.003202774598086,1.00235836246794,1.0044076458803313
IRL,41T43,1.003213312636701,1.0028553924098857,1.0044076458803313
IRL,45T47,1.0004072456364284,1.0022482404184858,1.0044076458803313
IRL,49,1.0025671589304783,1.0022832955704595,1.0044076458803313
IRL,50,0.9992661351507974,1.0035224020507967,1.0044076458803313
IRL,51,0.95519950018652,1.0026438590462246,1.0044076458803313
IRL,52,1.0003020295201481,1.002376712304127,1.0044076458803313
IRL,53,1.0015518428629142,1.0021560679816373,1.0044076458803313
IRL,55T56,1.0035714337867134,1.0023078379671102,1.0044076458803313
IRL,58T60,1.0017195023241237,1.002077688193418,1.0044076458803313
IRL,61,1.0015784140644441,1.002163334510223,1.0044076458803313
IRL,62T63,1.000689260472932,1.0021782067855414,1.0044076458803313
IRL,64T66,0.9998360520534523,1.002042175745793,1.0044076458803313
IRL,68,1.002268696757843,1.0020329598117432,1.0044076458803313
IRL,69T75,1.000800670356916,1.0021256668895802,1.0044076458803313
IRL,77T82,1.0002579846161785,1.0021695618584474,1.0044076458803313
IRL,84,1.00403028102098,1.0022124693061323,1.0044076458803313
IRL,85,1.0039937278501645,1.0020760829510658,1.0044076458803313
IRL,86T88,1.0042218761298132,1.002117524895925,1.0044076458803313
IRL,90T93,1.002703383568844,1.0022570298768887,1.0044076458803313
IRL,94T98,1.0030614414476038,1.002167980131252,1.0044076458803313
ISL,01T02,0.997719533634175,1.0029832820496616,1.0026185417352231
ISL,03,0.9978270323911291,1.0022263753894447,1.0026185417352231
ISL,05T06,1.0011096797386507,1.0024324714931405,1.0026185417352231
ISL,07T08,1.0006943194806566,1.0023048504215335,1.0026185417352231
ISL,10T12,1.0046606022850184,1.0032764225027353,1.0026185417352231
ISL,13T15,1.0019197704981033,1.0024039637005373,1.0026185417352231
ISL,16,1.0076871980180584,1.0029941845457804,1.0026185417352231
ISL,17T18,1.004253729855617,1.0022697282762592,1.0026185417352231
ISL,19,1.0034625221354339,1.0019907111796151,1.0026185417352231
ISL,20,1.005830135072811,1.0026162092403412,1.0026185417352231
ISL,21,1.0008304274211888,1.0033124454580962,1.0026185417352231
ISL,22,1.0059092895580175,1.002636353830188,1.0026185417352231
ISL,23,1.0063863098486108,1.0025328683846086,1.0026185417352231
ISL,24,0.9960333575946808,1.0037578061901122,1.0026185417352231
ISL,25,1.003505613288996,1.00278361613714,1.0026185417352231
ISL,26,1.0024438576832664,1.0024952636346753,1.0026185417352231
ISL,27,1.0010665274386343,1.0027149940704019,1.0026185417352231
ISL,28,1.0022716596848396,1.0024676332670714,1.0026185417352231
ISL,29T30,1.0015697901917684,1.0025086076166863,1.0026185417352231
ISL,31T33,1.003321181498388,1.0024285480343518,1.0026185417352231
ISL,35,1.000903392343026,1.0020505977966023,1.0026185417352231
ISL,36T39,1.000684277642018,1.002176078294202,1.0026185417352231
ISL,41T43,1.0024757182814743,1.0025063611623806,1.0026185417352231
ISL,45T47,1.0012308165495285,1.0025004206654997,1.0026185417352231
ISL,49,1.0012855111063208,1.0023952984135769,1.0026185417352231
ISL,50,0.9974524165309432,1.0028895512797114,1.0026185417352231
ISL,51,0.9964435598816612,1.0031344248350074,1.0026185417352231
ISL,52,0.9998951338295162,1.002163240928422,1.0026185417352231
ISL,53,1.0013763527922601,1.0019982077528116,1.0026185417352231
ISL,55T56,1.0027715279131777,1.0022446089561219,1.0026185417352231
ISL,58T60,1.000898337505676,1.0021171645856757,1.0026185417352231
ISL,61,1.0010203552237036,1.0019734413822263,1.0026185417352231
ISL,62T63,1.0013135175772492,1.0018468303807297,1.0026185417352231
ISL,64T66,1.0008328928093106,1.0017975518838942,1.0026185417352231
ISL,68,1.0024057721279263,1.00179292528475,1.0026185417352231
ISL,69T75,1.0014213239935104,1.0018805831527942,1.0026185417352231
ISL,77T82,1.00164685401096,1.0024748272200459,1.0026185417352231
ISL,84,1.0025337468069753,1.00191483570417,1.0026185417352231
ISL,85,1.0025686537897787,1.0017974982377131,1.0026185417352231
ISL,86T88,1.0025867471142924,1.0018209854444402,1.0026185417352231
ISL,90T93,1.0023182389265726,1.0019283650388233,1.0026185417352231
ISL,94T98,1.0022801096639913,1.0019066450329315,1.0026185417352231
ISR,01T02,1.0108921615406334,1.0039452924323329,1.0032112818651215
ISR,03,1.0022885449442713,1.0029801026536989,1.0032112818651215
ISR,05T06,0.9402899509798028,1.0028892652889658,1.0032112818651215
ISR,07T08,0.9977073067223704,1.0026040338074007,1.0032112818651215
ISR,10T12,1.0037692624940244,1.0035138347109067,1.0032112818651215
ISR,13T15,1.0003660112381676,1.0027255947384444,1.0032112818651215
ISR,16,1.0054598248536628,1.002903604848659,1.0032112818651215
ISR,17T18,1.0033276378027571,1.002734036609456,1.0032112818651215
ISR,19,0.9994864077687262,1.0036469045277192,1.0032112818651215
ISR,20,1.0043331610162523,1.002874739078416,1.0032112818651215
ISR,21,1.0027336104790612,1.002639892353621,1.0032112818651215
ISR,22,0.9996711798661834,1.003046373398194,1.0032112818651215
ISR,23,1.0021565139173716,1.0032230938781754,1.0032112818651215
ISR,24,1.0146508886789496,1.0045713669945684,1.0032112818651215
ISR,25,1.0043997345892377,1.0030334699458407,1.0032112818651215
ISR,26,1.0026823082003888,1.002444048112636,1.0032112818651215
ISR,27,1.0040147746648975,1.0028078234754199,1.0032112818651215
ISR,28,1.0028548707830283,1.0028027191529816,1.0032112818651215
ISR,29T30,1.002577411229608,1.0028774025460663,1.0032112818651215
ISR,31T33,1.000404315250443,1.002192169890878,1.0032112818651215
ISR,35,0.9902250807846806,1.003539286944652,1.0032112818651215
ISR,36T39,1.003044656183106,1.0028222441299788,1.0032112818651215
ISR,41T43,1.0030703234486886,1.0028763747579033,1.0032112818651215
ISR,45T47,1.0014979732587734,1.0023023758714684,1.0032112818651215
ISR,49,1.0013539464056196,1.0025553116718604,1.0032112818651215
ISR,50,0.9973288494964799,1.0033227809338687,1.0032112818651215
ISR,51,1.0043924854519635,1.0028680746297327,1.0032112818651215
ISR,52,0.998991050511933,1.0025427086432626,1.0032112818651215
ISR,53,1.0022653007340325,1.0023476763722243,1.0032112818651215
ISR,55T56,1.0021912944814053,1.0029652973522962,1.0032112818651215
ISR,58T60,1.0009933238273414,1.0023166988594623,1.0032112818651215
ISR,61,1.0021150636475462,1.0021997003112235,1.0032112818651215
ISR,62T63,0.9995445755000307,1.0021408548911135,1.0032112818651215
ISR,64T66,1.0012464036875097,1.0022384189838032,1.0032112818651215
ISR,68,1.0028649024951675,1.0021520482796684,1.0032112818651215
ISR,69T75,1.0019411348828555,1.0022714462321196,1.0032112818651215
ISR,77T82,1.0021237469532276,1.0021430166577525,1.0032112818651215
ISR,84,1.003191417868614,1.0025766221033912,1.0032112818651215
ISR,85,1.0031383955073165,1.0022561291314906,1.0032112818651215
ISR,86T88,1.0031380433199577,1.0023205403152304,1.0032112818651215
ISR,90T93,1.0028736708278405,1.002184041726681,1.0032112818651215
ISR,94T98,1.002605697034582,1.0026509465773692,1.0032112818651215
ITA,01T02,1.0054208283990111,1.0033247786430195,1.003610298302118
ITA,03,1.0004429377883546,1.0031818341376932,1.003610298302118
ITA,05T06,0.9940586529655788,1.0031072543559882,1.003610298302118
ITA,07T08,1.000764928043951,1.002593511676516,1.003610298302118
ITA,10T12,1.0035770407724875,1.003951736268117,1.003610298302118
ITA,13T15,1.0012903586516135,1.002933112584023,1.003610298302118
ITA,16,1.0035430854377476,1.0034504242026538,1.003610298302118
ITA,17T18,1.0019482718764443,1.003209555782204,1.003610298302118
ITA,19,1.0004578120294556,1.0036103975099613,1.003610298302118
ITA,20,1.0029959054860098,1.003674204459116,1.003610298302118
ITA,21,1.0013590683482954,1.0031529367785785,1.003610298302118
ITA,22,1.004079954222526,1.003526341988147,1.003610298302118
ITA,23,1.0022457877538957,1.0039926333068288,1.003610298302118
ITA,24,1.008392808213707,1.0045374094744337,1.003610298302118
ITA,25,1.002362921862075,1.0034618128378796,1.003610298302118
ITA,26,1.0019901276484016,1.0031834205905577,1.003610298302118
ITA,27,1.0020855228800354,1.0034663809315099,1.003610298302118
ITA,28,1.0016973505890086,1.0032455415414918,1.003610298302118
ITA,29T30,1.0018911925463991,1.0032088370628565,1.003610298302118
ITA,31T33,1.003966395333314,1.0031814680496987,1.003610298302118
ITA,35,0.9964311931328719,1.0050928465622702,1.003610298302118
ITA,36T39,1.003267050839569,1.0031259631236353,1.003610298302118
ITA,41T43,1.0032387840738548,1.0030819146937617,1.003610298302118
ITA,45T47,1.001573888468119,1.00283343962954,1.003610298302118
ITA,49,1.001350028334111,1.0030998793899926,1.003610298302118
ITA,50,0.9888155503481171,1.003093612998919,1.003610298302118
ITA,51,1.001287891197866,1.0030032821980863,1.003610298302118
ITA,52,1.0014984527157191,1.0029992044220273,1.003610298302118
ITA,53,1.0012903312592532,1.003495068159739,1.003610298302118
ITA,55T56,1.0027711497043115,1.0030763837971683,1.003610298302118
ITA,58T60,1.0010651614303654,1.0027655949004497,1.003610298302118
ITA,61,1.0017873850849894,1.0026851615277286,1.003610298302118
ITA,62T63,1.0018524167133656,1.0026331876799819,1.003610298302118
ITA,64T66,1.001908935448292,1.0025850085801338,1.003610298302118
ITA,68,1.0031537129928545,1.002557216517695,1.003610298302118
ITA,69T75,1.00203312614843,1.0027521317858337,1.003610298302118
ITA,77T82,1.0020853482116538,1.0028792874309518,1.003610298302118
ITA,84,1.0034701820830156,1.0027546651221435,1.003610298302118
ITA,85,1.003423657588793,1.0026437977291307,1.003610298302118
ITA,86T88,1.0034598033844075,1.0028336606430448,1.003610298302118
ITA,90T93,1.0028635719999492,1.0028225646345874,1.003610298302118
ITA,94T98,1.0032598026709456,1.0029096973774123,1.003610298302118
JPN,01T02,1.0067540117137916,1.0035262202842632,1.0034790396036204
JPN,03,1.0009366186472575,1.002968731740497,1.0034790396036204
JPN,05T06,0.9852730418290505,1.0031289470038132,1.0034790396036204
JPN,07T08,0.9964651937562798,1.0032264103202335,1.0034790396036204
JPN,10T12,1.0037124131502828,1.0035451436746068,1.0034790396036204
JPN,13T15,1.0011439222783125,1.003056372718347,1.0034790396036204
JPN,16,1.003656839648813,1.0035780099905223,1.0034790396036204
JPN,17T18,1.001023902665468,1.003428490585133,1.0034790396036204
JPN,19,0.9972495114381926,1.004714799018846,1.0034790396036204
JPN,20,1.0001523613476224,1.003913864155156,1.0034790396036204
JPN,21,1.0007836238409369,1.0031565546691625,1.0034790396036204
JPN,22,1.0041433006514773,1.0035496424222985,1.0034790396036204
JPN,23,0.9985274227566969,1.0030260378976164,1.0034790396036204
JPN,24,1.004774979729447,1.0039538681339335,1.0034790396036204
JPN,25,1.0032469240368078,1.0039611081650326,1.0034790396036204
JPN,26,1.0020970519429726,1.0031597661762297,1.0034790396036204
JPN,27,1.002886893404331,1.003490489803789,1.0034790396036204
JPN,28,1.0023926987797345,1.003268024282907,1.0034790396036204
JPN,29T30,1.0008953248316115,1.0034420425759145,1.0034790396036204
JPN,31T33,1.0027311871753293,1.003118023439519,1.0034790396036204
JPN,35,0.9901457360605149,1.0054468568818855,1.0034790396036204
JPN,36T39,1.0025321057270518,1.0026111965529394,1.0034790396036204
JPN,41T43,1.003288323312663,1.003356783653926,1.0034790396036204
JPN,45T47,1.0014712860581574,1.00279979513148,1.0034790396036204
JPN,49,1.0020766848187832,1.0027724055739817,1.0034790396036204
JPN,50,0.9896854058795347,1.0050492949054433,1.0034790396036204
JPN,51,0.9974898028669678,1.0034750425357457,1.0034790396036204
JPN,52,1.001077931205477,1.0027002778467737,1.0034790396036204
JPN,53,1.0015551185578484,1.002675840339446,1.0034790396036204
JPN,55T56,1.0026930411446178,1.0032731412003408,1.0034790396036204
JPN,58T60,1.0015849418811646,1.002726701520215,1.0034790396036204
JPN,61,1.0029187153460388,1.0026377755515916,1.0034790396036204
JPN,62T63,1.0017501902846166,1.002545036892462,1.0034790396036204
JPN,64T66,1.002129208399788,1.002522301802634,1.0034790396036204
JPN,68,1.0031503906759975,1.002345378809372,1.0034790396036204
JPN,69T75,1.0015547785699586,1.0026121361461193,1.0034790396036204
JPN,77T82,1.0011542896908088,1.0025883088345195,1.0034790396036204
JPN,84,1.003463190865601,1.0026228523569207,1.0034790396036204
JPN,85,1.0032897565553172,1.002562834502278,1.0034790396036204
JPN,86T88,1.0033725929485777,1.0027126135570534,1.0034790396036204
JPN,90T93,1.0029221450000845,1.0030131103870181,1.0034790396036204
JPN,94T98,1.003003226049818,1.0028349270016803,1.0034790396036204
KAZ,01T02,0.9919709006596281,0.998299730557336,1.0007461896085528
KAZ,03,1.00084521915681,0.995628551349853,1.0007461896085528
KAZ,05T06,0.9872554381649178,0.9978991112822401,1.0007461896085528
KAZ,07T08,0.9838386616052639,0.9993001922225646,1.0007461896085528
KAZ,10T12,1.003067519704041,1.0000483934772642,1.0007461896085528
KAZ,13T15,1.0074564924205813,0.9993007210800501,1.0007461896085528
KAZ,16,0.9892467411665441,1.0008829795205179,1.0007461896085528
KAZ,17T18,1.0036138426313075,0.9989294103752138,1.0007461896085528
KAZ,19,0.9882647245020455,0.9995774160413807,1.0007461896085528
KAZ,20,0.9894079758245576,0.999082254790276,1.0007461896085528
KAZ,21,0.9949342507933712,0.9967097552380472,1.0007461896085528
KAZ,22,0.9992541639867122,1.0000284807669315,1.0007461896085528
KAZ,23,0.9482400532255474,1.0005011187190793,1.0007461896085528
KAZ,24,0.9972367321168798,0.9985217993523451,1.0007461896085528
KAZ,25,1.0047449325216544,0.9995422980684325,1.0007461896085528
KAZ,26,0.9999569964684218,0.9983931713995022,1.0007461896085528
KAZ,27,1.0072620456769827,0.998839931891463,1.0007461896085528
KAZ,28,1.0045299337841096,0.9989535694098196,1.0007461896085528
KAZ,29T30,1.0089698965217624,0.9974604193573086,1.0007461896085528
KAZ,31T33,1.0000780278778232,0.999126782750909,1.0007461896085528
KAZ,35,0.8974133428574345,1.0013055752891205,1.0007461896085528
KAZ,36T39,0.9966851950069698,1.0029310613496234,1.0007461896085528
KAZ,41T43,0.9990759551109883,1.0014901449091334,1.0007461896085528
KAZ,45T47,0.9995589322816997,0.9967938949773677,1.0007461896085528
KAZ,49,0.9967209085979106,0.9975828369571792,1.0007461896085528
KAZ,50,1.0098912393733577,0.9990062762669885,1.0007461896085528
KAZ,51,1.0026760868117288,0.9972165942702877,1.0007461896085528
KAZ,52,1.0010678819200722,0.9971912277145484,1.0007461896085528
KAZ,53,1.002135137827926,0.9966481465482419,1.0007461896085528
KAZ,55T56,1.0039900435314055,0.9978323186996673,1.0007461896085528
KAZ,58T60,1.000839099012753,0.9998597865062068,1.0007461896085528
KAZ,61,1.000750275130852,0.9978933874241425,1.0007461896085528
KAZ,62T63,0.9969629571180404,0.9986532271319072,1.0007461896085528
KAZ,64T66,0.9989281965433906,0.9962426623463008,1.0007461896085528
KAZ,68,1.0006618140646713,0.9969789049559796,1.0007461896085528
KAZ,69T75,0.9995843442707415,0.9981305521510075,1.0007461896085528
KAZ,77T82,0.9990048201971399,0.997779948048593,1.0007461896085528
KAZ,84,1.0007391613206214,1.001149832909778,1.0007461896085528
KAZ,85,1.000727632543072,1.0008923664135845,1.0007461896085528
KAZ,86T88,1.0001798633259693,1.0000579104656255,1.0007461896085528
KAZ,90T93,1.00009862367782,1.0013418533793124,1.0007461896085528
KAZ,94T98,1.0001948128500948,1.0030016535724926,1.0007461896085528
KHM,01T02,0.9242871853971727,0.9977585980149065,1.0043865338088018
KHM,03,0.9969217594137599,0.9928185635272951,1.0043865338088018
KHM,05T06,1.0025264199094506,0.9950985604205029,1.0043865338088018
KHM,07T08,0.9932264627363706,0.9959269351160533,1.0043865338088018
KHM,10T12,0.9929284163422083,1.0107122749893478,1.0043865338088018
KHM,13T15,1.0227781736736266,0.9979675892363249,1.0043865338088018
KHM,16,0.9983104039868784,1.0008264390369528,1.0043865338088018
KHM,17T18,1.006355222448857,1.0019854827771824,1.0043865338088018
KHM,19,0.8968713307161974,0.9995653840987105,1.0043865338088018
KHM,20,1.0039367435721926,1.002696928328675,1.0043865338088018
KHM,21,1.0171263308640923,0.9971356712464388,1.0043865338088018
KHM,22,0.9951896917048736,1.0051248567587336,1.0043865338088018
KHM,23,0.8907294811064126,0.9975041049986023,1.0043865338088018
KHM,24,1.0470286437404928,0.9973303299742746,1.0043865338088018
KHM,25,1.0217803223391206,0.9989426042913183,1.0043865338088018
KHM,26,1.0093277841648909,0.9979015455390072,1.0043865338088018
KHM,27,1.014411211214692,0.9987039124646242,1.0043865338088018
KHM,28,1.0137341093175096,0.9975510909066964,1.0043865338088018
KHM,29T30,1.0116149527796416,0.9982127762359547,1.0043865338088018
KHM,31T33,1.0026289698423099,0.9987428786625424,1.0043865338088018
KHM,35,0.9664106400716532,1.0028932008625056,1.0043865338088018
KHM,36T39,1.002681365369089,1.0010373915252837,1.0043865338088018
KHM,41T43,1.0027985313023884,0.9973698521555783,1.0043865338088018
KHM,45T47,1.0103126533248996,0.9975242698498912,1.0043865338088018
KHM,49,1.0032467774303917,0.9969981269829135,1.0043865338088018
KHM,50,1.0085172230179231,0.9990203430786072,1.0043865338088018
KHM,51,0.9798810988601482,1.0000371758868152,1.0043865338088018
KHM,52,1.0123861437935344,0.9960652640592751,1.0043865338088018
KHM,53,1.0128177949941914,0.9964571869574577,1.0043865338088018
KHM,55T56,1.001887374703407,1.004764132553537,1.0043865338088018
KHM,58T60,1.0109674075032495,0.9976367966903738,1.0043865338088018
KHM,61,1.0061858257518568,0.9966393647014711,1.0043865338088018
KHM,62T63,1.010546957918565,0.9975023520065811,1.0043865338088018
KHM,64T66,1.0127756629444498,0.9939434756044991,1.0043865338088018
KHM,68,1.0070010461020487,0.9962745011628207,1.0043865338088018
KHM,69T75,1.0093616430936336,0.9971375713976411,1.0043865338088018
KHM,77T82,1.0072576371661837,0.9972688605031722,1.0043865338088018
KHM,84,1.0043588517414204,0.9987914935512547,1.0043865338088018
KHM,85,1.0061429531509447,0.9952402039315971,1.0043865338088018
KHM,86T88,1.005086637815855,0.9960015115158967,1.0043865338088018
KHM,90T93,1.0077480253511446,0.9961754402261326,1.0043865338088018
KHM,94T98,1.0053953054425655,0.9955954747669385,1.0043865338088018
KOR,01T02,1.0066818329494134,1.0030126467189704,1.00431513400245
KOR,03,1.0004672440373696,1.0031915919114738,1.00431513400245
KOR,05T06,0.9369320986289669,1.0028300523037468,1.00431513400245
KOR,07T08,0.9968880221902024,1.003303441870064,1.00431513400245
KOR,10T12,1.0037271462767863,1.004156058248661,1.00431513400245
KOR,13T15,1.0005556044673185,1.003536481072908,1.00431513400245
KOR,16,1.0037659697715224,1.0040805851504595,1.00431513400245
KOR,17T18,1.0001601942100329,1.0037754372598147,1.00431513400245
KOR,19,0.9979436716897032,1.0031085729991205,1.00431513400245
KOR,20,1.0005508835065362,1.0041664436986206,1.00431513400245
KOR,21,1.0022855268992075,1.0033998238549398,1.00431513400245
KOR,22,1.0019997694403227,1.0038673902202067,1.00431513400245
KOR,23,0.9968416301567178,1.0051354358184372,1.00431513400245
KOR,24,0.9967110234960008,1.0062067542246107,1.00431513400245
KOR,25,1.0018487408612327,1.0044166785902477,1.00431513400245
KOR,26,1.0014349922660906,1.0031641516760827,1.00431513400245
KOR,27,1.0016952267585053,1.0039791995622154,1.00431513400245
KOR,28,1.001891286309008,1.003771017846805,1.00431513400245
KOR,29T30,1.0003837945789495,1.0038781741351002,1.00431513400245
KOR,31T33,1.0026335839670482,1.0035583012432998,1.00431513400245
KOR,35,0.9816487431939191,1.0066460031651823,1.00431513400245
KOR,36T39,1.0014717141640137,1.0033439051969155,1.00431513400245
KOR,41T43,1.0040523462628677,1.0040039135852343,1.00431513400245
KOR,45T47,1.000316096710221,1.002805234190289,1.00431513400245
KOR,49,0.999003504046694,1.003145234105998,1.00431513400245
KOR,50,0.9944480015132677,1.0041894805078768,1.00431513400245
KOR,51,0.9897150733740969,1.0029659892901588,1.00431513400245
KOR,52,0.9985262763829416,1.003010807754794,1.00431513400245
KOR,53,0.9988921932948456,1.0029940783955869,1.00431513400245
KOR,55T56,1.0025829437160125,1.0034810031377717,1.00431513400245
KOR,58T60,1.0014948218006743,1.0025217374884476,1.00431513400245
KOR,61,1.0018798789667351,1.0028025784033918,1.00431513400245
KOR,62T63,1.0016824980900485,1.0022645004341584,1.00431513400245
KOR,64T66,1.0025563634545847,1.0021849652965815,1.00431513400245
KOR,68,1.0037836790223107,1.0021754931601004,1.00431513400245
KOR,69T75,1.0011740755677252,1.0031724735258134,1.00431513400245
KOR,77T82,1.0009260613972777,1.0022907124910474,1.00431513400245
KOR,84,1.0041884151500136,1.0022652637205367,1.00431513400245
KOR,85,1.0040859827265478,1.0026725873989022,1.00431513400245
KOR,86T88,1.0039756001001976,1.002910127881588,1.00431513400245
KOR,90T93,1.003116023567896,1.0031280410041672,1.00431513400245
KOR,94T98,1.0029289842635456,1.003083670795662,1.00431513400245
LAO,01T02,0.9624392255419971,0.9950192621070952,0.997686180081054
LAO,03,0.9873319477357534,0.9905314578619356,0.997686180081054
LAO,05T06,0.9897826374801195,0.9938706308971835,0.997686180081054
LAO,07T08,0.9971438738089355,0.9938431454685505,0.997686180081054
LAO,10T12,0.9933084327416333,1.0078614306487677,0.997686180081054
LAO,13T15,1.022058146601592,0.9940587520513616,0.997686180081054
LAO,16,0.9973888234321889,1.0037233274094695,0.997686180081054
LAO,17T18,1.0021683153691368,1.0032362116506748,0.997686180081054
LAO,19,1.0089403989205958,0.9961589467614974,0.997686180081054
LAO,20,1.0249818642034008,0.9959431407967081,0.997686180081054
LAO,21,1.0036613219887969,0.9941086351900837,0.997686180081054
LAO,22,0.9815530069939274,0.9979454085128602,0.997686180081054
LAO,23,1.006039170222034,0.9959285216829027,0.997686180081054
LAO,24,1.0541538151210557,0.9973439951862947,0.997686180081054
LAO,25,1.0228809084555397,0.9976663932633004,0.997686180081054
LAO,26,1.006974947771778,0.9972610059697622,0.997686180081054
LAO,27,1.0163469774858553,0.9975776535321961,0.997686180081054
LAO,28,1.0127491205557673,0.9973585532475406,0.997686180081054
LAO,29T30,1.0123266284804493,0.9979926890603379,0.997686180081054
LAO,31T33,0.9790874398190407,0.9981026112663092,0.997686180081054
LAO,35,0.920464833739493,0.9958417600515734,0.997686180081054
LAO,36T39,0.9911794873349001,0.9948117833517258,0.997686180081054
LAO,41T43,0.996519070987971,0.9977424513570903,0.997686180081054
LAO,45T47,1.0003827018332256,0.9939807517921961,0.997686180081054
LAO,49,1.0039645856454753,0.9955857820169142,0.997686180081054
LAO,50,0.9641747035748014,0.9987758843611292,0.997686180081054
LAO,51,1.0100722288844919,0.9936810594955976,0.997686180081054
LAO,52,0.9939329291145692,0.9977149289430426,0.997686180081054
LAO,53,1.0028388092794136,0.9934762423608001,0.997686180081054
LAO,55T56,1.0011929762131069,0.9991858023779847,0.997686180081054
LAO,58T60,0.9996372782288124,0.9985618416795702,0.997686180081054
LAO,61,0.9995541386508572,0.9935838682906769,0.997686180081054
LAO,62T63,1.0003578964813802,0.9960261298532418,0.997686180081054
LAO,64T66,1.0009775251901398,0.992176259095105,0.997686180081054
LAO,68,1.0001235738879297,0.9920566534834928,0.997686180081054
LAO,69T75,1.0014730667823832,0.9950406616625564,0.997686180081054
LAO,77T82,1.0002444213580761,0.9956952281881374,0.997686180081054
LAO,84,0.9977009028010959,0.9939866786731317,0.997686180081054
LAO,85,0.9993971225116383,0.9934143293375323,0.997686180081054
LAO,86T88,0.9993360696967005,0.9948434377806107,0.997686180081054
LAO,90T93,1.0023348199600666,0.9944389228806062,0.997686180081054
LAO,94T98,0.9989561300362065,0.9933737975263672,0.997686180081054
LTU,01T02,0.9787871818843273,1.003166002649233,1.0029590880814958
LTU,03,1.0019307658841667,1.002112706209957,1.0029590880814958
LTU,05T06,0.9706953013094132,1.0022687142171882,1.0029590880814958
LTU,07T08,0.9995370059231282,1.002153568790228,1.0029590880814958
LTU,10T12,1.0021937478209497,1.0038739924805087,1.0029590880814958
LTU,13T15,1.0039165556556628,1.001786539500637,1.0029590880814958
LTU,16,1.0036683224137364,1.0035456211262894,1.0029590880814958
LTU,17T18,1.0028307020056115,1.0022566459846907,1.0029590880814958
LTU,19,1.0015892437180918,1.0021402248769669,1.0029590880814958
LTU,20,0.9719634538824226,1.0043070369692815,1.0029590880814958
LTU,21,1.002597401540843,1.001737587982711,1.0029590880814958
LTU,22,1.0037784584101892,1.0030174297040133,1.0029590880814958
LTU,23,0.9962972222614292,1.0020336109014956,1.0029590880814958
LTU,24,1.0227097447556246,1.003201811251559,1.0029590880814958
LTU,25,1.0048410664390377,1.0023359689578017,1.0029590880814958
LTU,26,1.0032103904412044,1.001752577667534,1.0029590880814958
LTU,27,1.0036636901528109,1.0024850616011691,1.0029590880814958
LTU,28,1.0023322093771725,1.0023322748644965,1.0029590880814958
LTU,29T30,1.0033491517788693,1.002278312743155,1.0029590880814958
LTU,31T33,1.0053360693744673,1.002032127786768,1.0029590880814958
LTU,35,1.0056904241740827,1.0018504319062247,1.0029590880814958
LTU,36T39,1.0022379792790423,1.001742223046659,1.0029590880814958
LTU,41T43,1.0025595675410635,1.0019057115020216,1.0029590880814958
LTU,45T47,1.0012136944141403,1.0012212288429136,1.0029590880814958
LTU,49,1.0004422608418324,1.0015767098618045,1.0029590880814958
LTU,50,0.9939520846085934,1.0015200322821627,1.0029590880814958
LTU,51,1.0114386451732111,1.002035025440867,1.0029590880814958
LTU,52,1.000066065707492,1.0014519335014687,1.0029590880814958
LTU,53,1.0018996611711677,1.0013109856929456,1.0029590880814958
LTU,55T56,1.0024680058956956,1.001526753747027,1.0029590880814958
LTU,58T60,1.0005192152659093,1.001682056524736,1.0029590880814958
LTU,61,1.00164589115764,1.0011969576683104,1.0029590880814958
LTU,62T63,1.0011584906264226,1.001079393261845,1.0029590880814958
LTU,64T66,1.0015399963485834,1.0009864875562995,1.0029590880814958
LTU,68,1.0017284214802429,1.0013407687510067,1.0029590880814958
LTU,69T75,1.0006049554194967,1.001155074417547,1.0029590880814958
LTU,77T82,1.0013553470382575,1.001332559205943,1.0029590880814958
LTU,84,1.002783579250949,1.0011153447316472,1.0029590880814958
LTU,85,1.0028044899711137,1.0010016694673913,1.0029590880814958
LTU,86T88,1.002800019003715,1.0011946327906387,1.0029590880814958
LTU,90T93,1.0024421873421085,1.0012612815637196,1.0029590880814958
LTU,94T98,1.0022437027773095,1.0012119896784286,1.0029590880814958
LVA,01T02,0.9868895126080679,1.0044592144041504,1.0026176689759734
LVA,03,0.9988145085532618,1.0020167308139722,1.0026176689759734
LVA,05T06,0.6003902940248654,1.0029534137417884,1.0026176689759734
LVA,07T08,0.9986834014271709,1.0021950315775785,1.0026176689759734
LVA,10T12,1.0017426851587061,1.0041051309867683,1.0026176689759734
LVA,13T15,1.0015667073696324,1.0022933349992835,1.0026176689759734
LVA,16,0.9990687155286692,1.004717622727912,1.0026176689759734
LVA,17T18,1.0039409736169738,1.001999047361846,1.0026176689759734
LVA,19,0.8657602591594296,1.0016756428427478,1.0026176689759734
LVA,20,1.0051656630241164,1.0035833621213988,1.0026176689759734
LVA,21,1.0019370202128597,1.0016573137082836,1.0026176689759734
LVA,22,1.0045951824143151,1.002773958210911,1.0026176689759734
LVA,23,0.9933343659313815,1.0024004261752455,1.0026176689759734
LVA,24,1.0239435015321843,1.0032354874668958,1.0026176689759734
LVA,25,1.0027735997799223,1.0028821740429963,1.0026176689759734
LVA,26,1.0029593672159427,1.0017795639694143,1.0026176689759734
LVA,27,1.0037246806089326,1.0020802189020268,1.0026176689759734
LVA,28,1.0020284716247672,1.0022654676785263,1.0026176689759734
LVA,29T30,1.0011556919189601,1.0029647554068182,1.0026176689759734
LVA,31T33,1.0032131068688661,1.0023964700319186,1.0026176689759734
LVA,35,1.0008135718512279,1.002989687857025,1.0026176689759734
LVA,36T39,1.0025793367983316,1.0018298722661925,1.0026176689759734
LVA,41T43,1.0019773140589112,1.002485502761747,1.0026176689759734
LVA,45T47,1.0006178337091747,1.0013832651594166,1.0026176689759734
LVA,49,0.9972171297191657,1.0018229260201073,1.0026176689759734
LVA,50,1.0056952244733295,1.001780368436869,1.0026176689759734
LVA,51,1.0022061280803183,1.0024087678421378,1.0026176689759734
LVA,52,1.0002303686146865,1.0015274905177836,1.0026176689759734
LVA,53,1.0018230947843216,1.0011833217806132,1.0026176689759734
LVA,55T56,1.0022933399174987,1.0017466962286403,1.0026176689759734
LVA,58T60,0.9991877172871514,1.00118717043626,1.0026176689759734
LVA,61,1.002119973702845,1.0010403499032978,1.0026176689759734
LVA,62T63,1.0010615212234735,1.0008809863965844,1.0026176689759734
LVA,64T66,1.0008520021540124,1.000880677770606,1.0026176689759734
LVA,68,1.0020069668338574,1.0011664361314683,1.0026176689759734
LVA,69T75,1.0010365643552095,1.0010653536127405,1.0026176689759734
LVA,77T82,1.0008803483923314,1.0016595173651859,1.0026176689759734
LVA,84,1.0024997901361212,1.0010989210357821,1.0026176689759734
LVA,85,1.0025147883517453,1.0012706143973051,1.0026176689759734
LVA,86T88,1.0024654464091016,1.0014016076125374,1.0026176689759734
LVA,90T93,1.0023485472140112,1.0015532878016788,1.0026176689759734
LVA,94T98,1.0023426484338906,1.0014633122004009,1.0026176689759734
MAR,01T02,1.0018790289191997,1.0027141558729529,1.00375096483271
MAR,03,1.002348389604416,1.0017157273235482,1.00375096483271
MAR,05T06,0.9930256885835497,1.002396068336228,1.00375096483271
MAR,07T08,0.9946934740548798,1.0024055051087524,1.00375096483271
MAR,10T12,1.0029598589913786,1.0043871955236832,1.00375096483271
MAR,13T15,1.0014365010031838,1.0026640183302664,1.00375096483271
MAR,16,1.0051671513622522,1.003245050601436,1.00375096483271
MAR,17T18,1.0003340651581047,1.0029282387041514,1.00375096483271
MAR,19,0.9964346914229597,1.0044471117003098,1.00375096483271
MAR,20,1.0030659024492163,1.0029322045317421,1.00375096483271
MAR,21,1.0025021990578153,1.0024122120122547,1.00375096483271
MAR,22,1.0021066751352514,1.0048664250248849,1.00375096483271
MAR,23,0.9756150739920856,1.0053598312768839,1.00375096483271
MAR,24,1.0101933401758731,1.0038716844251183,1.00375096483271
MAR,25,1.001878467725196,1.003798864397053,1.00375096483271
MAR,26,1.0014351956940684,1.0032840454289558,1.00375096483271
MAR,27,1.0032219784464609,1.0029966496762126,1.00375096483271
MAR,28,1.0021794610110861,1.0032535445585142,1.00375096483271
MAR,29T30,1.001763877297602,1.0031229501930863,1.00375096483271
MAR,31T33,1.0058085277063757,1.0024807138329688,1.00375096483271
MAR,35,0.9753397408412484,1.0024774580884572,1.00375096483271
MAR,36T39,1.0012233773935875,1.0019515583847018,1.00375096483271
MAR,41T43,1.0031204887909797,1.0057586577083875,1.00375096483271
MAR,45T47,1.0005752680652007,1.0021092255334985,1.00375096483271
MAR,49,0.9964846603008716,1.0023142358415051,1.00375096483271
MAR,50,0.9960034943544833,1.0034424730166907,1.00375096483271
MAR,51,0.9807237159889733,1.0031950477818241,1.00375096483271
MAR,52,0.9993548154570777,1.002258517006972,1.00375096483271
MAR,53,1.0018512246010038,1.0018574055283505,1.00375096483271
MAR,55T56,1.0022457453983686,1.0026226357092796,1.00375096483271
MAR,58T60,0.997418889241076,1.0035248108358463,1.00375096483271
MAR,61,1.0020414595878475,1.0022215569930983,1.00375096483271
MAR,62T63,1.0031877915466199,1.0011202885301562,1.00375096483271
MAR,64T66,1.0007365911104082,1.0013497820860182,1.00375096483271
MAR,68,1.0029367670836327,1.0010738867569207,1.00375096483271
MAR,69T75,1.0019448190819964,1.0011567903878071,1.00375096483271
MAR,77T82,1.0015470065831173,1.001224038869466,1.00375096483271
MAR,84,1.0035514947359485,1.0020701015694111,1.00375096483271
MAR,85,1.0036705701149629,1.0016139621853504,1.00375096483271
MAR,86T88,1.0034498824660318,1.001850929759453,1.00375096483271
MAR,90T93,1.0017524866529917,1.0023816611115104,1.00375096483271
MAR,94T98,1.0027499514284992,1.0016828670446918,1.00375096483271
MEX,01T02,0.9899363147129787,1.0019000291506321,1.002147748458984
MEX,03,1.00040387268177,1.0017873024688329,1.002147748458984
MEX,05T06,0.9870073159396574,1.001436221906603,1.002147748458984
MEX,07T08,0.9987314007148963,1.0017923040187744,1.002147748458984
MEX,10T12,1.002150545835038,1.003938079805256,1.002147748458984
MEX,13T15,1.0022986634862596,1.0023812645098833,1.002147748458984
MEX,16,0.9986162362678724,1.0040753657984745,1.002147748458984
MEX,17T18,1.0003805275723316,1.0026339471601957,1.002147748458984
MEX,19,0.9938629919734069,1.0045600748997605,1.002147748458984
MEX,20,0.9738104545831345,1.0040411408856933,1.002147748458984
MEX,21,0.9996911767598788,1.0029564778468711,1.002147748458984
MEX,22,0.9954820465103875,1.0041721683517075,1.002147748458984
MEX,23,0.978414369870113,1.0055105950198828,1.002147748458984
MEX,24,1.0059535168662106,1.0028338035916013,1.002147748458984
MEX,25,1.002042810616203,1.0033302642927977,1.002147748458984
MEX,26,1.0023424988360947,1.002237686742919,1.002147748458984
MEX,27,1.0027489980981927,1.0029843816744888,1.002147748458984
MEX,28,1.0028420999185288,1.0021146397708147,1.002147748458984
MEX,29T30,1.0022664888954482,1.0024182332881213,1.002147748458984
MEX,31T33,0.9976851041446276,1.0025105421551521,1.002147748458984
MEX,35,0.9792303239743961,1.0014601679291946,1.002147748458984
MEX,36T39,1.0003161498609696,1.0041124045452718,1.002147748458984
MEX,41T43,1.0019119446337,1.0018590234144955,1.002147748458984
MEX,45T47,1.0013394974219054,1.0004994352016923,1.002147748458984
MEX,49,0.998564240559866,1.0012545242374946,1.002147748458984
MEX,50,0.9911635123817163,1.0006310988542195,1.002147748458984
MEX,51,1.0004682676745276,1.0022905096488266,1.002147748458984
MEX,52,1.000816712712479,1.0009567693069183,1.002147748458984
MEX,53,1.0000061240084575,1.0012946461396273,1.002147748458984
MEX,55T56,1.0028103928348047,1.0011339709521303,1.002147748458984
MEX,58T60,1.0021018640332864,1.0010944302476978,1.002147748458984
MEX,61,1.0018824910186912,1.000578161075729,1.002147748458984
MEX,62T63,1.0019561675649262,1.000796097962772,1.002147748458984
MEX,64T66,1.0021361916371363,1.0002103168600582,1.002147748458984
MEX,68,1.0020014954459004,1.0000489489370017,1.002147748458984
MEX,69T75,1.0004554673140171,1.0005575319807478,1.002147748458984
MEX,77T82,1.0002228223921685,1.0004652358739767,1.002147748458984
MEX,84,1.0021211548111697,1.0010180459676308,1.002147748458984
MEX,85,1.002199474279261,1.0004229676305578,1.002147748458984
MEX,86T88,1.0020624730266734,1.0011031232070702,1.002147748458984
MEX,90T93,1.002231124813037,1.000835872580719,1.002147748458984
MEX,94T98,1.0019194971478957,1.0004686138239451,1.002147748458984
MLT,01T02,1.008611651477338,1.0024797061996005,1.003828375618535
MLT,03,1.0016629027743433,1.0039707833237645,1.003828375618535
MLT,05T06,0.9957444337707646,1.0033064659714186,1.003828375618535
MLT,07T08,1.0028865687730675,1.002619372859399,1.003828375618535
MLT,10T12,1.0049707328364466,1.0033268929117005,1.003828375618535
MLT,13T15,0.9989806368854102,1.003495271061375,1.003828375618535
MLT,16,1.0029071248977797,1.002910273241537,1.003828375618535
MLT,17T18,1.0046464787570075,1.0029582285983463,1.003828375618535
MLT,19,0.9996190013936848,1.0037953834286162,1.003828375618535
MLT,20,1.0065380314574597,1.0034040327524771,1.003828375618535
MLT,21,1.0000388484150835,1.0035826679844064,1.003828375618535
MLT,22,1.0054133753513648,1.0029129027971704,1.003828375618535
MLT,23,1.0076769502673255,1.0035185183655912,1.003828375618535
MLT,24,1.019427468633367,1.0030500512728342,1.003828375618535
MLT,25,1.0005449150194432,1.0036326306841532,1.003828375618535
MLT,26,1.0010060068857551,1.0036137770017954,1.003828375618535
MLT,27,1.00239220109841,1.0032610255552554,1.003828375618535
MLT,28,1.0014566263541593,1.0033839947981205,1.003828375618535
MLT,29T30,1.0025811351961036,1.0026007853890255,1.003828375618535
MLT,31T33,1.0028910345509763,1.0028095865623676,1.003828375618535
MLT,35,0.9938401544955989,1.0064627479260573,1.003828375618535
MLT,36T39,1.0025942933019196,1.003269765319157,1.003828375618535
MLT,41T43,1.0027936649183826,1.0029305839055929,1.003828375618535
MLT,45T47,1.0014526068748018,1.0026502940465427,1.003828375618535
MLT,49,1.0013977228119073,1.0025572666910851,1.003828375618535
MLT,50,0.9405640639251027,1.0026540420733638,1.003828375618535
MLT,51,1.0026555751088198,1.0030400453992632,1.003828375618535
MLT,52,0.9977548360594202,1.0025926439438027,1.003828375618535
MLT,53,1.000147459244597,1.0043008626850067,1.003828375618535
MLT,55T56,1.0021992596273073,1.0027885203815823,1.003828375618535
MLT,58T60,1.0009521902202219,1.0019423423226943,1.003828375618535
MLT,61,1.0012746106087596,1.0018378766916949,1.003828375618535
MLT,62T63,1.0002503641423588,1.002173350405936,1.003828375618535
MLT,64T66,1.0002842451036018,1.0023575873727375,1.003828375618535
MLT,68,1.0021899238162337,1.0020311511156177,1.003828375618535
MLT,69T75,1.0002635741779757,1.0021402687347425,1.003828375618535
MLT,77T82,0.9998799805582044,1.0024957077882157,1.003828375618535
MLT,84,1.0033347612223473,1.001941267744285,1.003828375618535
MLT,85,1.0032986524782608,1.0016972993575055,1.003828375618535
MLT,86T88,1.0035426058457761,1.0022316152184436,1.003828375618535
MLT,90T93,1.0020187579338455,1.001656886878758,1.003828375618535
MLT,94T98,1.0026421729504862,1.002234308563462,1.003828375618535
MMR,01T02,0.9600032691291159,1.0048599824624789,1.0025026933993715
MMR,03,1.0015360245582527,0.9902553014552657,1.0025026933993715
MMR,05T06,0.984105235092023,0.9962620887764979,1.0025026933993715
MMR,07T08,1.0072515341592383,0.997125353914513,1.0025026933993715
MMR,10T12,0.9909325949116297,1.0087043802141347,1.0025026933993715
MMR,13T15,1.0119421591844562,0.9991138644052073,1.0025026933993715
MMR,16,0.9964348048148345,1.003385660603699,1.0025026933993715
MMR,17T18,1.0078906770866607,0.9985191777287448,1.0025026933993715
MMR,19,0.9978084350147567,0.9997479128839218,1.0025026933993715
MMR,20,1.0015820790018624,1.0025720360394352,1.0025026933993715
MMR,21,1.0015341663775637,1.0012499237142636,1.0025026933993715
MMR,22,1.0060007879705377,1.0019587337710711,1.0025026933993715
MMR,23,0.9982207566789667,0.9979417923315023,1.0025026933993715
MMR,24,1.0438706837725282,0.9988406472165616,1.0025026933993715
MMR,25,1.0117839593707134,0.997929503942733,1.0025026933993715
MMR,26,1.005529572677494,0.9968620580062867,1.0025026933993715
MMR,27,1.0103578169651477,0.9978667364132751,1.0025026933993715
MMR,28,1.0098747904914962,0.9972406360741031,1.0025026933993715
MMR,29T30,1.0115725551058325,0.9970186282310624,1.0025026933993715
MMR,31T33,1.0073386236392181,0.9978353400862917,1.0025026933993715
MMR,35,0.9455671144671232,1.0023750116078467,1.0025026933993715
MMR,36T39,1.0025303557798089,0.9970192996803126,1.0025026933993715
MMR,41T43,0.9990773009911024,0.9984012868517239,1.0025026933993715
MMR,45T47,0.9981752793185981,0.9981882192318086,1.0025026933993715
MMR,49,0.9963209883536095,0.99564000068277,1.0025026933993715
MMR,50,1.0023445443047683,0.9988648913804,1.0025026933993715
MMR,51,1.0072564596990699,0.9969532916138406,1.0025026933993715
MMR,52,1.0009032193871181,0.9965475648239616,1.0025026933993715
MMR,53,1.0044436957184926,0.9938591054514269,1.0025026933993715
MMR,55T56,1.0039140080930546,0.9994769555982567,1.0025026933993715
MMR,58T60,1.0124510103123099,0.995744768806133,1.0025026933993715
MMR,61,1.0046820032285169,0.9927429640730004,1.0025026933993715
MMR,62T63,1.017523081181364,0.993884957508374,1.0025026933993715
MMR,64T66,1.0019243033678045,0.9922531618008638,1.0025026933993715
MMR,68,1.0040383228775478,0.9930383499768705,1.0025026933993715
MMR,69T75,1.0128585867491922,0.9947501338588827,1.0025026933993715
MMR,77T82,1.0049250084068653,0.9957089556847367,1.0025026933993715
MMR,84,1.0025313614319293,0.9961724392932377,1.0025026933993715
MMR,85,1.0027130582693098,0.9964678821056123,1.0025026933993715
MMR,86T88,1.0023929566790402,0.9972078720351154,1.0025026933993715
MMR,90T93,1.002631155087061,0.9998249473734848,1.0025026933993715
MMR,94T98,1.002399154518064,0.9988104994697893,1.0025026933993715
NLD,01T02,1.009970153560157,1.0037011485880412,1.003525586212036
NLD,03,0.9952861792172155,1.002507208604893,1.003525586212036
NLD,05T06,0.9951384165994434,1.0033416390525036,1.003525586212036
NLD,07T08,1.0001281417023573,1.003955608843775,1.003525586212036
NLD,10T12,1.0029662409324225,1.0042074239508596,1.003525586212036
NLD,13T15,0.999389558060909,1.0032877587648148,1.003525586212036
NLD,16,1.0057589197325894,1.0030042900621374,1.003525586212036
NLD,17T18,1.002433647084511,1.0027912771475054,1.003525586212036
NLD,19,0.9993839712210939,1.0035683955313701,1.003525586212036
NLD,20,0.9972019234816731,1.0036209724020926,1.003525586212036
NLD,21,1.000292451380143,1.0024852912092048,1.003525586212036
NLD,22,1.0048790670625938,1.0033264479703154,1.003525586212036
NLD,23,1.006760394268202,1.003189367917717,1.003525586212036
NLD,24,0.9989212910497083,1.004178933161458,1.003525586212036
NLD,25,1.0031196024401074,1.0033199918207898,1.003525586212036
NLD,26,1.0028564942225502,1.0023422776249988,1.003525586212036
NLD,27,1.003557120633407,1.00272805741856,1.003525586212036
NLD,28,1.0029185487472911,1.002680234113175,1.003525586212036
NLD,29T30,1.0026976248458246,1.002749474589294,1.003525586212036
NLD,31T33,1.0032165541646623,1.002641725764459,1.003525586212036
NLD,35,0.9875560241797572,1.0036438514047379,1.003525586212036
NLD,36T39,1.0026030550554568,1.0025294065314085,1.003525586212036
NLD,41T43,1.002915520715961,1.0028535666471217,1.003525586212036
NLD,45T47,1.0017102740389034,1.0022502003385283,1.003525586212036
NLD,49,1.0015151414991448,1.0025783655818339,1.003525586212036
NLD,50,0.9921508254618887,1.0036221920681656,1.003525586212036
NLD,51,0.9986702673757281,1.0027750241697146,1.003525586212036
NLD,52,1.0007550868930197,1.002372015257378,1.003525586212036
NLD,53,1.0018295366067889,1.0021603756091981,1.003525586212036
NLD,55T56,1.0026526564624887,1.0027178641649237,1.003525586212036
NLD,58T60,1.0006924906186492,1.002179014091574,1.003525586212036
NLD,61,1.0014727048709555,1.0022613055808027,1.003525586212036
NLD,62T63,1.0008707321832517,1.0020930214390413,1.003525586212036
NLD,64T66,1.00205727552481,1.0020546285073801,1.003525586212036
NLD,68,1.0031252363803411,1.0022197321835915,1.003525586212036
NLD,69T75,1.0008355466823589,1.0021668657945895,1.003525586212036
NLD,77T82,1.000957801410066,1.0021864733614276,1.003525586212036
NLD,84,1.0032860839204203,1.0022124166439619,1.003525586212036
NLD,85,1.0032518013337335,1.0021570201713086,1.003525586212036
NLD,86T88,1.0034151157788518,1.0022341052982089,1.003525586212036
NLD,90T93,1.00258349513296,1.0025458330401946,1.003525586212036
NLD,94T98,1.0029378467358276,1.002421219703364,1.003525586212036
NOR,01T02,1.0016780613005032,1.0026543290248138,1.0021902335170891
NOR,03,1.0022449653493297,1.0020166279918945,1.0021902335170891
NOR,05T06,0.9983050056623065,1.001539968344604,1.0021902335170891
NOR,07T08,1.0016295402535476,1.0023624200732306,1.0021902335170891
NOR,10T12,1.0031618965162419,1.0034923398414293,1.0021902335170891
NOR,13T15,1.003524400168097,1.0021326719939265,1.0021902335170891
NOR,16,1.0052204873772932,1.0029938399713252,1.0021902335170891
NOR,17T18,1.0024165578211715,1.0027003656744906,1.0021902335170891
NOR,19,0.9974717478239078,1.0032803643861148,1.0021902335170891
NOR,20,0.9949371027432349,1.0026748978809816,1.0021902335170891
NOR,21,0.9986334698320477,1.00205776454164,1.0021902335170891
NOR,22,1.0053043282144292,1.00280036305595,1.0021902335170891
NOR,23,1.0025819435957941,1.002971865108419,1.0021902335170891
NOR,24,1.0007010036506174,1.003998482720299,1.0021902335170891
NOR,25,1.0026847027326933,1.0030515165336797,1.0021902335170891
NOR,26,1.0024975340007678,1.0019823369799494,1.0021902335170891
NOR,27,1.002836936173516,1.0027473008119239,1.0021902335170891
NOR,28,1.0021445850741042,1.0024399345091597,1.0021902335170891
NOR,29T30,1.0015847623830467,1.0025657291831465,1.0021902335170891
NOR,31T33,1.0026810661896615,1.0022320713753012,1.0021902335170891
NOR,35,1.0040657075896309,1.0013850273751665,1.0021902335170891
NOR,36T39,1.0016072697613176,1.001946184902467,1.0021902335170891
NOR,41T43,1.0020422368132116,1.0021209984068116,1.0021902335170891
NOR,45T47,1.001509225211936,1.0018237422887615,1.0021902335170891
NOR,49,1.0020850368504672,1.0022986196944692,1.0021902335170891
NOR,50,0.9942488140009045,1.0036570382295367,1.0021902335170891
NOR,51,0.9956949242519575,1.0025307065061109,1.0021902335170891
NOR,52,1.0010893808571637,1.0021470726551716,1.0021902335170891
NOR,53,1.0017468999466825,1.001844379645048,1.0021902335170891
NOR,55T56,1.0023148723484472,1.001965788724276,1.0021902335170891
NOR,58T60,1.0012974555752838,1.0018570402440201,1.0021902335170891
NOR,61,1.0015768901199362,1.0014603845114207,1.0021902335170891
NOR,62T63,1.0015104136069701,1.0015156488106687,1.0021902335170891
NOR,64T66,1.0012235117098325,1.0012727095899225,1.0021902335170891
NOR,68,1.0020875323996445,1.0014352714914814,1.0021902335170891
NOR,69T75,1.000853267031337,1.001559578568196,1.0021902335170891
NOR,77T82,1.001011676566653,1.0019104170577013,1.0021902335170891
NOR,84,1.0020804435302302,1.001684808258431,1.0021902335170891
NOR,85,1.0021945675272188,1.001307763721723,1.0021902335170891
NOR,86T88,1.0021591911636485,1.001369479838441,1.0021902335170891
NOR,90T93,1.002062777937075,1.001732989283209,1.0021902335170891
NOR,94T98,1.0020167179085748,1.0016197451192805,1.0021902335170891
NZL,01T02,0.9837039082361324,1.0032196648162504,1.0019273822176524
NZL,03,0.9983758616365701,1.0014263797940088,1.0019273822176524
NZL,05T06,0.9915546893640445,1.0019539744057682,1.0019273822176524
NZL,07T08,1.0005089589044796,1.0002203129185703,1.0019273822176524
NZL,10T12,0.9984413781014804,1.0058677086068029,1.0019273822176524
NZL,13T15,1.0019026140010885,1.002589966581168,1.0019273822176524
NZL,16,1.0016858846020924,1.0033853120450669,1.0019273822176524
NZL,17T18,1.0009151654424062,1.002387251193424,1.0019273822176524
NZL,19,1.000366152027729,1.0027898753737547,1.0019273822176524
NZL,20,0.9908659180423247,1.0025251852377037,1.0019273822176524
NZL,21,0.9945268238313673,1.0020814969160194,1.0019273822176524
NZL,22,1.0016093429960282,1.0019674364118687,1.0019273822176524
NZL,23,1.0046490111879152,1.001575304012659,1.0019273822176524
NZL,24,0.9992032970969508,1.002025615704535,1.0019273822176524
NZL,25,1.003121255983122,1.002372318858834,1.0019273822176524
NZL,26,1.0027594897479164,1.001468014832849,1.0019273822176524
NZL,27,1.0053352227223469,1.0014883966117352,1.0019273822176524
NZL,28,1.0025149773720254,1.0020989341763566,1.0019273822176524
NZL,29T30,1.0046993894566825,1.0013476863992654,1.0019273822176524
NZL,31T33,1.0050560188931645,1.0013354669140322,1.0019273822176524
NZL,35,0.9984706644416769,1.0016819065574822,1.0019273822176524
NZL,36T39,1.0002338932902834,1.0005460922345035,1.0019273822176524
NZL,41T43,1.001164017517835,1.0014630067361945,1.0019273822176524
NZL,45T47,1.0008711611817642,1.0006817715837955,1.0019273822176524
NZL,49,0.9991688069523421,1.0011333941565226,1.0019273822176524
NZL,50,0.9953355647642964,1.001268976669703,1.0019273822176524
NZL,51,0.9972335420100241,1.0011966979024454,1.0019273822176524
NZL,52,1.0003908979272775,1.0004785866844168,1.0019273822176524
NZL,53,1.000950757245324,1.0009566239594958,1.0019273822176524
NZL,55T56,1.0025619881801955,1.0013647440191542,1.0019273822176524
NZL,58T60,1.0017893438848298,1.0007114784009217,1.0019273822176524
NZL,61,1.001772663976759,1.000552008719048,1.0019273822176524
NZL,62T63,1.0016664757936113,1.0003044579138711,1.0019273822176524
NZL,64T66,1.0006800241496319,1.0002287240906915,1.0019273822176524
NZL,68,1.0014950627589416,1.0003417089418483,1.0019273822176524
NZL,69T75,1.0004770486904313,1.0005464551848462,1.0019273822176524
NZL,77T82,1.000085334111693,1.0006194551908543,1.0019273822176524
NZL,84,1.0017635143666384,1.000583088009622,1.0019273822176524
NZL,85,1.001800517663587,1.000330691354999,1.0019273822176524
NZL,86T88,1.001878024515767,1.0006410689681657,1.0019273822176524
NZL,90T93,1.001715558370213,1.0007905077918646,1.0019273822176524
NZL,94T98,1.0011804146830836,1.0005033352214536,1.0019273822176524
PER,01T02,0.9542027376471647,1.002911641725235,1.0041545987269493
PER,03,1.0016817583008943,1.0014202829957952,1.0041545987269493
PER,05T06,0.9969823448331583,1.0014151827123576,1.0041545987269493
PER,07T08,1.0062106250510783,1.0010896374005156,1.0041545987269493
PER,10T12,1.0013407656137823,1.0094580466825946,1.0041545987269493
PER,13T15,1.002200581879115,1.00326522958247,1.0041545987269493
PER,16,0.9982879969646097,1.0056359512720474,1.0041545987269493
PER,17T18,1.0041435583351426,1.0013434246597042,1.0041545987269493
PER,19,1.0035737269709808,1.0034020474532452,1.0041545987269493
PER,20,1.0067648276920884,1.0020489451506065,1.0041545987269493
PER,21,1.00519062863281,1.0015516253324517,1.0041545987269493
PER,22,0.9970523973625601,1.0024608962606734,1.0041545987269493
PER,23,1.0050197889607282,1.002438295035782,1.0041545987269493
PER,24,1.0292188510460074,1.0024099718058423,1.0041545987269493
PER,25,1.0058513618690592,1.0016971663710277,1.0041545987269493
PER,26,1.0047611348553405,1.0015697959117105,1.0041545987269493
PER,27,1.0061457104269764,1.001705059253027,1.0041545987269493
PER,28,1.004983573028512,1.0015357499093422,1.0041545987269493
PER,29T30,1.005808407454234,1.0012314141391014,1.0041545987269493
PER,31T33,0.9946643586550536,1.003144969060038,1.0041545987269493
PER,35,0.9969317351087146,1.0017529456650418,1.0041545987269493
PER,36T39,1.0052529119221736,1.0010760228949416,1.0041545987269493
PER,41T43,1.0039206674945373,1.0019840619815676,1.0041545987269493
PER,45T47,1.002580247543909,1.000692107806978,1.0041545987269493
PER,49,1.0021056522877694,1.0013787127154214,1.0041545987269493
PER,50,0.9927757112894445,1.001487773332785,1.0041545987269493
PER,51,1.0053473380872813,1.0021122851521531,1.0041545987269493
PER,52,1.0021304956401684,1.001293842730809,1.0041545987269493
PER,53,1.0025765699814482,1.0011417806656344,1.0041545987269493
PER,55T56,1.003383986079799,1.0034677992310015,1.0041545987269493
PER,58T60,1.004618622438395,1.0007360951127293,1.0041545987269493
PER,61,1.0042084629594707,1.000775162698581,1.0041545987269493
PER,62T63,1.0045015904778023,1.0005057874362913,1.0041545987269493
PER,64T66,1.0049151686516584,1.0004518664751905,1.0041545987269493
PER,68,1.0039342804780897,1.0003752257982548,1.0041545987269493
PER,69T75,1.0039668628251264,1.0007143753698422,1.0041545987269493
PER,77T82,1.0049150242934402,1.0005771765696099,1.0041545987269493
PER,84,1.004003981963751,1.0010387370480813,1.0041545987269493
PER,85,1.0041671689900136,1.0003849088003098,1.0041545987269493
PER,86T88,1.003992361311524,1.0006399449049044,1.0041545987269493
PER,90T93,1.0037687120914291,1.0016762750989732,1.0041545987269493
PER,94T98,1.0040970534726792,1.0005901312622523,1.0041545987269493
PHL,01T02,0.9969248191512674,1.0019260479888559,1.0031036698230136
PHL,03,1.0022556578537825,1.0013592647977994,1.0031036698230136
PHL,05T06,0.9783738201392584,1.0013715496959792,1.0031036698230136
PHL,07T08,0.9954689788062623,1.0014364392948185,1.0031036698230136
PHL,10T12,1.003158791136839,1.0036289318507532,1.0031036698230136
PHL,13T15,1.0036190375853968,1.002315960907027,1.0031036698230136
PHL,16,1.0019247286864312,1.0035410737903216,1.0031036698230136
PHL,17T18,0.9912446253061031,1.0039572515033348,1.0031036698230136
PHL,19,0.9992429793485844,1.0031003740991602,1.0031036698230136
PHL,20,1.0052855672380236,1.0028641312689135,1.0031036698230136
PHL,21,1.0010875107864767,1.0031068717803187,1.0031036698230136
PHL,22,1.0054885173539705,1.0033375461788407,1.0031036698230136
PHL,23,0.9798992307302675,1.003625370440514,1.0031036698230136
PHL,24,1.0141354592633631,1.0042393884260277,1.0031036698230136
PHL,25,1.0034015947174402,1.0045012906192872,1.0031036698230136
PHL,26,1.0020150315252057,1.0028499616824402,1.0031036698230136
PHL,27,1.0041312587917266,1.0027064135040338,1.0031036698230136
PHL,28,1.0025224322012407,1.0029927909355152,1.0031036698230136
PHL,29T30,1.0019094251117018,1.0030439093364394,1.0031036698230136
PHL,31T33,1.0035254733541128,1.0029413128120488,1.0031036698230136
PHL,35,0.9846365568569176,1.0029827949249952,1.0031036698230136
PHL,36T39,1.0021684477884265,1.0024144172839946,1.0031036698230136
PHL,41T43,1.0023777524592554,1.0040882115328245,1.0031036698230136
PHL,45T47,1.0012066077955875,1.0020950357986016,1.0031036698230136
PHL,49,0.9992363432743591,1.0024936253046073,1.0031036698230136
PHL,50,0.9838887641108829,1.0019736062613638,1.0031036698230136
PHL,51,0.992904091578228,1.0023132695579906,1.0031036698230136
PHL,52,1.0005167288492747,1.0020460774843478,1.0031036698230136
PHL,53,1.002230912649196,1.0017996337704584,1.0031036698230136
PHL,55T56,1.0022319145570089,1.003027421001465,1.0031036698230136
PHL,58T60,0.9985163987092939,1.0029148432204578,1.0031036698230136
PHL,61,1.0023166216071726,1.001678587179737,1.0031036698230136
PHL,62T63,0.999444831111227,1.0019686764241302,1.0031036698230136
PHL,64T66,1.0011184946329854,1.0011697300814368,1.0031036698230136
PHL,68,1.002729809967549,1.001399723263283,1.0031036698230136
PHL,69T75,1.0006759435295896,1.001715118032053,1.0031036698230136
PHL,77T82,1.0010893333835782,1.0017638463710206,1.0031036698230136
PHL,84,1.0030286336517074,1.0012601931312872,1.0031036698230136
PHL,85,1.0026789804472955,1.001291202794733,1.0031036698230136
PHL,86T88,1.0024803427784266,1.0022813191315514,1.0031036698230136
PHL,90T93,1.0021071536557198,1.0022269615578934,1.0031036698230136
PHL,94T98,1.0026079831111736,1.0020368124420178,1.0031036698230136
POL,01T02,0.9923801732611222,1.0038881628262404,1.0036539134066615
POL,03,1.0009778174410155,1.0021825261189803,1.0036539134066615
POL,05T06,0.9680541482843217,1.0022412807590872,1.0036539134066615
POL,07T08,0.9943377714103723,1.0035268528790304,1.0036539134066615
POL,10T12,1.001636740926488,1.0043997022942057,1.0036539134066615
POL,13T15,1.0028164347990594,1.0023294335629902,1.0036539134066615
POL,16,1.0010039601032459,1.0038264662195995,1.0036539134066615
POL,17T18,1.0014959954962914,1.0028712208638633,1.0036539134066615
POL,19,0.9961886661813273,1.003398758379262,1.0036539134066615
POL,20,0.9905373034538103,1.0037997852726563,1.0036539134066615
POL,21,1.0001874766061427,1.0014256461391842,1.0036539134066615
POL,22,1.0037670818789595,1.003336327170652,1.0036539134066615
POL,23,0.9941312921272133,1.0041146532212237,1.0036539134066615
POL,24,0.9956425838127368,1.0054819771041394,1.0036539134066615
POL,25,1.0024237623888277,1.0032737662100357,1.0036539134066615
POL,26,1.0023587266726997,1.0026226599991301,1.0036539134066615
POL,27,1.0025692373551678,1.0031399147740137,1.0036539134066615
POL,28,1.0019037729379814,1.0029176464308172,1.0036539134066615
POL,29T30,1.002552546159529,1.002694374363448,1.0036539134066615
POL,31T33,1.0041721653763476,1.0024715411956193,1.0036539134066615
POL,35,0.9760554973514007,1.003721165834402,1.0036539134066615
POL,36T39,1.0010249863773517,1.0025986764683474,1.0036539134066615
POL,41T43,1.0016540909108447,1.0025452247344124,1.0036539134066615
POL,45T47,1.0015625726012942,1.0015953039489442,1.0036539134066615
POL,49,0.9979331045485257,1.002245186562397,1.0036539134066615
POL,50,1.0048445554384684,1.0020519527925311,1.0036539134066615
POL,51,1.0046206497586814,1.0021711465941314,1.0036539134066615
POL,52,1.0007144318014767,1.002266297383148,1.0036539134066615
POL,53,1.002273173808548,1.0018443599041216,1.0036539134066615
POL,55T56,1.0027640220183622,1.002481649807806,1.0036539134066615
POL,58T60,1.0028426580963856,1.0014977456364569,1.0036539134066615
POL,61,1.0025910881198983,1.001559092761095,1.0036539134066615
POL,62T63,1.0024694532852654,1.0010813430635785,1.0036539134066615
POL,64T66,1.0020415481181622,1.0012118488541328,1.0036539134066615
POL,68,1.0023843825689407,1.0042039042320519,1.0036539134066615
POL,69T75,1.0020709268431591,1.001274763264019,1.0036539134066615
POL,77T82,1.0014822475280831,1.0018591306909785,1.0036539134066615
POL,84,1.0035224538036598,1.0011566150615525,1.0036539134066615
POL,85,1.0035252142741928,1.00137584131734,1.0036539134066615
POL,86T88,1.0034391390474766,1.0017354606948892,1.0036539134066615
POL,90T93,1.0031007413457527,1.0023777573178594,1.0036539134066615
POL,94T98,1.0028220708767566,1.0016425409012384,1.0036539134066615
PRT,01T02,1.0039729265202697,1.0035150202600138,1.0032488287008654
PRT,03,0.9998132246562651,1.0025140455472266,1.0032488287008654
PRT,05T06,0.9229406084518236,1.0037492516149673,1.0032488287008654
PRT,07T08,0.998520542351665,1.0032913401392194,1.0032488287008654
PRT,10T12,1.0024767198621303,1.0044890231443135,1.0032488287008654
PRT,13T15,1.0016804814187341,1.0026012691358988,1.0032488287008654
PRT,16,1.0010172047243688,1.0040062867505373,1.0032488287008654
PRT,17T18,0.9991316400837168,1.0038139828200832,1.0032488287008654
PRT,19,0.9985894582884679,1.0040509450898347,1.0032488287008654
PRT,20,0.9988555536293118,1.0040353582556623,1.0032488287008654
PRT,21,1.0010266319470906,1.0028002897494377,1.0032488287008654
PRT,22,1.0039138022804632,1.003496346382696,1.0032488287008654
PRT,23,0.994400158364573,1.0039027108337577,1.0032488287008654
PRT,24,1.0100763103937132,1.0042824198570757,1.0032488287008654
PRT,25,1.0021554800042902,1.003340330057342,1.0032488287008654
PRT,26,1.0020925312636975,1.0027314079274081,1.0032488287008654
PRT,27,1.002027289182467,1.0034501605049728,1.0032488287008654
PRT,28,1.0015414067333523,1.0032873738517223,1.0032488287008654
PRT,29T30,1.0023105191576966,1.0029468697912194,1.0032488287008654
PRT,31T33,1.0034143067557768,1.002850685469135,1.0032488287008654
PRT,35,0.9940018899546791,1.006227543452795,1.0032488287008654
PRT,36T39,1.003754458893766,1.0029134362523466,1.0032488287008654
PRT,41T43,1.0026822932397597,1.0033446347927986,1.0032488287008654
PRT,45T47,1.001528248176682,1.0023433050273935,1.0032488287008654
PRT,49,0.9977416632701908,1.0027205145679527,1.0032488287008654
PRT,50,0.9877878342170674,1.0028587025913407,1.0032488287008654
PRT,51,0.9986003387389203,1.0027533215465954,1.0032488287008654
PRT,52,1.0006836747965038,1.0022731805503013,1.0032488287008654
PRT,53,1.0018227051918291,1.00209792019066,1.0032488287008654
PRT,55T56,1.0021532459909062,1.0028280319923037,1.0032488287008654
PRT,58T60,1.0012408668858321,1.0023007522980174,1.0032488287008654
PRT,61,1.002072177310313,1.0022317347568062,1.0032488287008654
PRT,62T63,1.0014367816153513,1.0020688321155224,1.0032488287008654
PRT,64T66,1.0020834321865122,1.0019601453089322,1.0032488287008654
PRT,68,1.0030221836865603,1.0019573844982992,1.0032488287008654
PRT,69T75,1.0013243027591467,1.0021617305690456,1.0032488287008654
PRT,77T82,1.0013866071863418,1.0021674546388144,1.0032488287008654
PRT,84,1.0030300142667594,1.0022260438898842,1.0032488287008654
PRT,85,1.0031480800575625,1.0020051812843862,1.0032488287008654
PRT,86T88,1.0030697745871604,1.0023951431274185,1.0032488287008654
PRT,90T93,1.0025541346637918,1.0023857241817862,1.0032488287008654
PRT,94T98,1.0029363427672948,1.0023026583265213,1.0032488287008654
ROU,01T02,0.9991250820959579,1.003466763779712,1.0031822886455641
ROU,03,1.0031846269374536,1.0028003884785661,1.0031822886455641
ROU,05T06,0.986141410979088,1.0027989307744627,1.0031822886455641
ROU,07T08,0.9906183491853139,1.0028619743951717,1.0031822886455641
ROU,10T12,1.003160818120311,1.0037727539678714,1.0031822886455641
ROU,13T15,1.0029398785735726,1.0023486809053448,1.0031822886455641
ROU,16,1.0015293991024037,1.003730027224246,1.0031822886455641
ROU,17T18,1.001591908006852,1.0028421181248761,1.0031822886455641
ROU,19,0.9988407022028639,1.003904591985768,1.0031822886455641
ROU,20,0.9700020139045338,1.0042460408902454,1.0031822886455641
ROU,21,0.9927899900416272,1.0026552567247735,1.0031822886455641
ROU,22,1.0029341662288764,1.0034795134560364,1.0031822886455641
ROU,23,0.9868823383922594,1.0034803131600103,1.0031822886455641
ROU,24,0.9952758905431708,1.0039916810046343,1.0031822886455641
ROU,25,1.0003925135546963,1.0032636013342842,1.0031822886455641
ROU,26,1.002231753370479,1.0027050787640657,1.0031822886455641
ROU,27,1.0026013111545302,1.0029863505997034,1.0031822886455641
ROU,28,1.0013755769733426,1.0033280002597322,1.0031822886455641
ROU,29T30,1.001773125767777,1.0029904609152385,1.0031822886455641
ROU,31T33,1.0040252288156968,1.0026200683273274,1.0031822886455641
ROU,35,0.9926692106173186,1.0042098711868908,1.0031822886455641
ROU,36T39,1.0025523791530244,1.0026569729941444,1.0031822886455641
ROU,41T43,1.002575623530988,1.0037640821749694,1.0031822886455641
ROU,45T47,1.0011981650461335,1.0021886259413628,1.0031822886455641
ROU,49,1.0012954037355932,1.0023994382417851,1.0031822886455641
ROU,50,1.0063169289042881,1.0021991106822703,1.0031822886455641
ROU,51,1.0022419211440021,1.0025458951840367,1.0031822886455641
ROU,52,1.0011259260033902,1.0021793176127543,1.0031822886455641
ROU,53,1.0015811854449,1.0021599419103449,1.0031822886455641
ROU,55T56,1.0024403886372366,1.002259575826518,1.0031822886455641
ROU,58T60,1.0021598331168553,1.0018896033602749,1.0031822886455641
ROU,61,1.0019210805359668,1.0022438339888824,1.0031822886455641
ROU,62T63,1.0011884054791576,1.0017426725757064,1.0031822886455641
ROU,64T66,1.0013147667848419,1.0016021650412095,1.0031822886455641
ROU,68,1.0027746490057294,1.0015050017087967,1.0031822886455641
ROU,69T75,1.0013145997675577,1.0020536935862077,1.0031822886455641
ROU,77T82,1.0015171678073964,1.0020497753272255,1.0031822886455641
ROU,84,1.003030860912418,1.0014502053643342,1.0031822886455641
ROU,85,1.0027987185464904,1.0015092243849444,1.0031822886455641
ROU,86T88,1.0029549605814387,1.001829184544771,1.0031822886455641
ROU,90T93,1.0028538025788536,1.0020120550507032,1.0031822886455641
ROU,94T98,1.002586334505089,1.0020177556434893,1.0031822886455641
ROW,01T02,0.9773534162243774,1.0007784004983022,1.0013681229680902
ROW,03,1.0007639535012764,0.997668477635739,1.0013681229680902
ROW,05T06,0.9853108855745624,0.9983918958996114,1.0013681229680902
ROW,07T08,1.00120586019602,0.9981625186720432,1.0013681229680902
ROW,10T12,1.0000063697444384,1.0048276125250921,1.0013681229680902
ROW,13T15,1.0074353918408891,0.9995685498655522,1.0013681229680902
ROW,16,1.0008450718002537,1.0022418431542772,1.0013681229680902
ROW,17T18,1.0027652421198525,1.0010470372771982,1.0013681229680902
ROW,19,0.9968872673514626,1.0014880751963835,1.0013681229680902
ROW,20,0.9874323907759023,1.001703605632716,1.0013681229680902
ROW,21,1.0030483903623255,0.9994330998818721,1.0013681229680902
ROW,22,0.9770844657377992,1.002628662529579,1.0013681229680902
ROW,23,0.9859523181283965,1.0012081616588588,1.0013681229680902
ROW,24,1.0113920558424376,1.0020435027040162,1.0013681229680902
ROW,25,1.0054069396995062,1.000912301633266,1.0013681229680902
ROW,26,1.0037815496019526,0.9998767685035858,1.0013681229680902
ROW,27,1.004488829140743,1.0010657327855816,1.0013681229680902
ROW,28,1.0040764499404748,1.000336865021878,1.0013681229680902
ROW,29T30,1.0059292738563534,0.9999460034669663,1.0013681229680902
ROW,31T33,0.983590747572859,0.9999608771531618,1.0013681229680902
ROW,35,0.97431175571229,1.0021781633170008,1.0013681229680902
ROW,36T39,1.0002822390430335,0.998924218143197,1.0013681229680902
ROW,41T43,1.0008906797477768,1.0002792549984356,1.0013681229680902
ROW,45T47,1.0008995590166332,0.9980112311358972,1.0013681229680902
ROW,49,0.9977359641608589,0.9985835659695139,1.0013681229680902
ROW,50,1.0008307371628422,0.9995668815983911,1.0013681229680902
ROW,51,0.9892956920457936,0.9993506964765179,1.0013681229680902
ROW,52,1.0016477556543846,0.9984769644720342,1.0013681229680902
ROW,53,1.0021994672742545,0.9978745841525669,1.0013681229680902
ROW,55T56,1.002763285689457,1.0001658821465524,1.0013681229680902
ROW,58T60,1.0052531301307073,0.9978946255056228,1.0013681229680902
ROW,61,1.0017209854780005,0.9975117305030178,1.0013681229680902
ROW,62T63,1.0057076149135866,0.9970724919894811,1.0013681229680902
ROW,64T66,1.0031210000352486,0.9967985345718873,1.0013681229680902
ROW,68,1.0018666832141738,0.9966539751053302,1.0013681229680902
ROW,69T75,1.0036493781098996,0.9971572527363547,1.0013681229680902
ROW,77T82,1.0020469296002192,0.9974902773555391,1.0013681229680902
ROW,84,1.0013422913082604,0.9977648134182662,1.0013681229680902
ROW,85,1.0015304563568428,0.9976046943248688,1.0013681229680902
ROW,86T88,1.001273917349106,0.9980627105308746,1.0013681229680902
ROW,90T93,1.002354639338286,0.998439733290812,1.0013681229680902
ROW,94T98,1.0013488528048309,0.9980777834849791,1.0013681229680902
RUS,01T02,0.9953612876196509,0.9992779245847123,0.9993565764347629
RUS,03,0.9991613930245374,0.9976193216476156,0.9993565764347629
RUS,05T06,0.98654493762104,0.9968946558479691,0.9993565764347629
RUS,07T08,0.9895747646887466,0.9982099403881255,0.9993565764347629
RUS,10T12,1.00089994481844,1.0013127691356651,0.9993565764347629
RUS,13T15,1.0094066834067756,0.9988007599127059,0.9993565764347629
RUS,16,0.9905174735584455,1.0013644007762497,0.9993565764347629
RUS,17T18,1.0003471278240708,1.0005281434546904,0.9993565764347629
RUS,19,0.9934672915499773,0.9991044660207657,0.9993565764347629
RUS,20,0.9730728479520423,1.0020011772222102,0.9993565764347629
RUS,21,1.0008995459137733,0.9985624274922161,0.9993565764347629
RUS,22,0.9965017303427193,1.0032655659898575,0.9993565764347629
RUS,23,0.9801707675783095,1.0037697164360426,0.9993565764347629
RUS,24,0.9697205294104961,1.003547240618676,0.9993565764347629
RUS,25,0.9969241041064024,1.0028300033603919,0.9993565764347629
RUS,26,1.0019206075287292,0.998981957982241,0.9993565764347629
RUS,27,0.9980714683149776,1.0026410973680364,0.9993565764347629
RUS,28,0.9981903549773922,1.0018496521387967,0.9993565764347629
RUS,29T30,1.0008694060497698,1.0004656419898386,0.9993565764347629
RUS,31T33,0.998810519076256,0.9999741957073288,0.9993565764347629
RUS,35,0.9615859824289634,1.0070548818059037,0.9993565764347629
RUS,36T39,0.9888314068465437,1.0025868652833774,0.9993565764347629
RUS,41T43,0.9976803602637698,0.9999696676928084,0.9993565764347629
RUS,45T47,0.9989310543126311,0.9970586270379015,0.9993565764347629
RUS,49,0.989174746239657,0.9984260321159005,0.9993565764347629
RUS,50,0.9731104264314318,0.997922948655619,0.9993565764347629
RUS,51,0.9952900573054365,0.9990030592607122,0.9993565764347629
RUS,52,0.995190782524239,0.9985089008143496,0.9993565764347629
RUS,53,1.0003425596265616,0.9973338458386009,0.9993565764347629
RUS,55T56,1.0030013843312036,0.9981590274309775,0.9993565764347629
RUS,58T60,1.0074986954131406,0.9969098446534329,0.9993565764347629
RUS,61,1.0003963655076689,0.9969919206192925,0.9993565764347629
RUS,62T63,1.005047912165778,0.9960338723983982,0.9993565764347629
RUS,64T66,0.9984587459805383,0.9953548562969117,0.9993565764347629
RUS,68,0.9987166414966026,0.9967303951497564,0.9993565764347629
RUS,69T75,1.0003930530606546,0.996655148614541,0.9993565764347629
RUS,77T82,0.9955572366203028,0.9962621448114789,0.9993565764347629
RUS,84,0.9993179314884206,0.9968150327173023,0.9993565764347629
RUS,85,0.9995295215294576,0.9963152287853688,0.9993565764347629
RUS,86T88,0.999288788999209,0.9971845727960063,0.9993565764347629
RUS,90T93,1.0000278823156745,0.9970715447534424,0.9993565764347629
RUS,94T98,0.9999122736890109,0.9959755707841738,0.9993565764347629
SAU,01T02,1.0088440847018973,0.9988626869567507,0.9996631389831041
SAU,03,0.9990099185750165,0.999872996411244,0.9996631389831041
SAU,05T06,0.9949001426036969,0.9963380395991922,0.9996631389831041
SAU,07T08,0.99926535216032,0.9969380291627422,0.9996631389831041
SAU,10T12,1.0044584544320654,0.9996185868304388,0.9996631389831041
SAU,13T15,1.0022536468053602,1.0002813268165414,0.9996631389831041
SAU,16,0.9853804990695256,1.0008942816219826,0.9996631389831041
SAU,17T18,0.9985141001887882,1.001239409741575,0.9996631389831041
SAU,19,0.9955197655979643,0.9989720815264345,0.9996631389831041
SAU,20,0.9854034414474623,0.9991984251893532,0.9996631389831041
SAU,21,0.9934083185360503,1.0002010368830667,0.9996631389831041
SAU,22,0.9111097390061317,1.0023560054697271,0.9996631389831041
SAU,23,0.9863046601587461,1.000805212769608,0.9996631389831041
SAU,24,1.017398055291731,1.0003196817917215,0.9996631389831041
SAU,25,1.0016177169168088,1.0003919871705458,0.9996631389831041
SAU,26,1.0006291189902388,1.000566459442058,0.9996631389831041
SAU,27,1.0005656804534806,1.0014886096369084,0.9996631389831041
SAU,28,0.999650448907548,1.0008293977628053,0.9996631389831041
SAU,29T30,1.0056852517712713,1.0003725383868922,0.9996631389831041
SAU,31T33,0.9393728545443502,1.0011082144780694,0.9996631389831041
SAU,35,0.9547151370382094,0.9993017842476555,0.9996631389831041
SAU,36T39,0.9974023580907907,0.9992155949908319,0.9996631389831041
SAU,41T43,0.9975063198805287,1.00106426804768,0.9996631389831041
SAU,45T47,0.9977495730898227,0.9992790019503892,0.9996631389831041
SAU,49,0.9800853878439957,0.9991982492480538,0.9996631389831041
SAU,50,0.9849650087985597,0.9999352674045993,0.9996631389831041
SAU,51,0.9971106464828056,1.000259153950111,0.9996631389831041
SAU,52,0.9974012445837426,1.0001964026899872,0.9996631389831041
SAU,53,0.9934358044130557,1.0013198575322044,0.9996631389831041
SAU,55T56,1.0012422095941804,1.0000132691984283,0.9996631389831041
SAU,58T60,1.004922715934594,0.999311795999104,0.9996631389831041
SAU,61,0.9974605437352254,0.9994377616583974,0.9996631389831041
SAU,62T63,1.0003474641324264,0.9992773109871153,0.9996631389831041
SAU,64T66,1.0014039580535727,0.9970360749287727,0.9996631389831041
SAU,68,0.9995901547822421,0.9969099563764421,0.9996631389831041
SAU,69T75,0.9967159090367717,1.0018551080200246,0.9996631389831041
SAU,77T82,0.9966168592731971,1.0026297465635807,0.9996631389831041
SAU,84,0.9995380373970504,0.9969462371625797,0.9996631389831041
SAU,85,0.9997425962826589,0.9971275602672489,0.9996631389831041
SAU,86T88,0.9986410309330259,0.9991209496828208,0.9996631389831041
SAU,90T93,1.0002848956177843,0.9977852182684805,0.9996631389831041
SAU,94T98,0.9988150552796019,0.997305698197706,0.9996631389831041
SGP,01T02,0.9870635457130247,1.0017975405699828,1.0037479095923973
SGP,03,0.9984332166706339,1.001893165698573,1.0037479095923973
SGP,05T06,0.9867621292307581,1.0009088915756434,1.0037479095923973
SGP,07T08,0.9998559579164349,1.0017711507024176,1.0037479095923973
SGP,10T12,0.9987317718615697,1.0067137131390942,1.0037479095923973
SGP,13T15,0.9943923098230637,1.0045940887184865,1.0037479095923973
SGP,16,0.9971049276016032,1.0055997811571518,1.0037479095923973
SGP,17T18,1.0010655044638346,1.0036105395015582,1.0037479095923973
SGP,19,0.9988530680330666,1.0035396222207345,1.0037479095923973
SGP,20,0.9974998504213349,1.0033360902360033,1.0037479095923973
SGP,21,1.0056567888033814,1.0008163029941581,1.0037479095923973
SGP,22,0.9802216956117714,1.005975225994862,1.0037479095923973
SGP,23,1.0011525301010327,1.0054190389258728,1.0037479095923973
SGP,24,1.0137972276724123,1.0053845370314083,1.0037479095923973
SGP,25,1.0014750992459545,1.0043150655252502,1.0037479095923973
SGP,26,1.0021671349282244,1.0026565561164384,1.0037479095923973
SGP,27,1.002459960203405,1.0035863129271232,1.0037479095923973
SGP,28,1.003383223199884,1.0023812740283253,1.0037479095923973
SGP,29T30,1.0016035314953158,1.002651467158167,1.0037479095923973
SGP,31T33,0.9947784569849764,1.0025842656754542,1.0037479095923973
SGP,35,0.9703380600009572,1.0061548103072093,1.0037479095923973
SGP,36T39,1.0006471868328133,1.0024347374483356,1.0037479095923973
SGP,41T43,1.0024642489000914,1.0030297140588476,1.0037479095923973
SGP,45T47,0.999010200962331,1.0017498016598592,1.0037479095923973
SGP,49,0.9977791295919103,1.0017535748086503,1.0037479095923973
SGP,50,0.9843160486009633,1.0046475974129443,1.0037479095923973
SGP,51,0.991771991759841,1.0022855151092316,1.0037479095923973
SGP,52,0.9984452870154439,1.0016228237155276,1.0037479095923973
SGP,53,1.0003067392190195,1.00153597718291,1.0037479095923973
SGP,55T56,1.001827328525243,1.0027695374229622,1.0037479095923973
SGP,58T60,1.0020978124992461,1.001348155740773,1.0037479095923973
SGP,61,1.0029741237973095,1.0009891645495137,1.0037479095923973
SGP,62T63,1.001851225442997,1.0009701854536264,1.0037479095923973
SGP,64T66,1.0024689416594745,1.0001803572808907,1.0037479095923973
SGP,68,1.002767401643064,1.0003676958751344,1.0037479095923973
SGP,69T75,1.0027353177426486,1.0007394657996391,1.0037479095923973
SGP,77T82,1.0016820940521665,1.0004739892645254,1.0037479095923973
SGP,84,1.0035324345998398,1.0014118499076603,1.0037479095923973
SGP,85,1.0036604821285886,1.0006817717524452,1.0037479095923973
SGP,86T88,1.0035927773244553,1.0010590515856561,1.0037479095923973
SGP,90T93,1.002914742037861,1.0013864414855556,1.0037479095923973
SGP,94T98,1.0036988640869744,0.9996266112512101,1.0037479095923973
SVK,01T02,1.0071474928814899,1.0032189078026283,1.0033418208417297
SVK,03,0.9990888586663468,1.0029619323705177,1.0033418208417297
SVK,05T06,0.9537972010403374,1.0024877384881952,1.0033418208417297
SVK,07T08,0.9876821276440315,1.0031911754790923,1.0033418208417297
SVK,10T12,1.0042204299013733,1.0035669354075034,1.0033418208417297
SVK,13T15,1.0024474054279253,1.002547775940628,1.0033418208417297
SVK,16,1.0049663958670363,1.00270566327834,1.0033418208417297
SVK,17T18,1.0016998782215714,1.0031403297703174,1.0033418208417297
SVK,19,0.9972629047386343,1.0032899491708505,1.0033418208417297
SVK,20,0.9747309680082339,1.0036794775788314,1.0033418208417297
SVK,21,0.9904447004429063,1.0028079684969586,1.0033418208417297
SVK,22,1.0036514315508813,1.003512069828854,1.0033418208417297
SVK,23,0.9834478182979337,1.0042473021323437,1.0033418208417297
SVK,24,0.9667184393070805,1.0049243207801533,1.0033418208417297
SVK,25,1.0021998428972967,1.0033217783317543,1.0033418208417297
SVK,26,1.0025978548827408,1.002568839496485,1.0033418208417297
SVK,27,1.0029472431831254,1.0030095266249266,1.0033418208417297
SVK,28,1.0013107591286847,1.0034826269520132,1.0033418208417297
SVK,29T30,1.0025518269756775,1.0026863179941459,1.0033418208417297
SVK,31T33,1.0054865486474984,1.0026173288231228,1.0033418208417297
SVK,35,1.0018145812541053,1.0044950797475667,1.0033418208417297
SVK,36T39,1.001833753721363,1.002231469948987,1.0033418208417297
SVK,41T43,1.0026125132314025,1.0025145478942898,1.0033418208417297
SVK,45T47,1.0010759655591663,1.0021716806069625,1.0033418208417297
SVK,49,0.9997401746824001,1.002165301549784,1.0033418208417297
SVK,50,1.0073112424385564,1.0031353084492005,1.0033418208417297
SVK,51,1.0083158514861077,1.00356552840389,1.0033418208417297
SVK,52,1.0004437535514994,1.0024984006123439,1.0033418208417297
SVK,53,1.0022558723627142,1.001889589728242,1.0033418208417297
SVK,55T56,1.002959561000238,1.0023528708552787,1.0033418208417297
SVK,58T60,1.0024315270103608,1.0019262444802501,1.0033418208417297
SVK,61,1.002701288152174,1.0017225748171081,1.0033418208417297
SVK,62T63,1.0016197121569705,1.0016891003440247,1.0033418208417297
SVK,64T66,1.0023331621517195,1.001595969228976,1.0033418208417297
SVK,68,1.0028940589774076,1.001648522003896,1.0033418208417297
SVK,69T75,1.0012090347769698,1.002253621699408,1.0033418208417297
SVK,77T82,1.0018762478352883,1.0020233127990152,1.0033418208417297
SVK,84,1.0032057652762767,1.0016846990771722,1.0033418208417297
SVK,85,1.0032481292960784,1.001765395799739,1.0033418208417297
SVK,86T88,1.003198480936967,1.0019390418779262,1.0033418208417297
SVK,90T93,1.002971418813924,1.002086210951696,1.0033418208417297
SVK,94T98,1.0028211067334232,1.002043370625026,1.0033418208417297
SVN,01T02,0.9939812432445674,1.0033883657145004,1.003347490789871
SVN,03,1.003728627984833,1.002527152244558,1.003347490789871
SVN,05T06,0.9651502116377579,1.0025238844804347,1.003347490789871
SVN,07T08,0.9938509392521903,1.0033388661384952,1.003347490789871
SVN,10T12,1.0035253989964097,1.0036732431099724,1.003347490789871
SVN,13T15,1.0025399401283475,1.0023256282130364,1.003347490789871
SVN,16,0.9969249878304,1.0037706579304884,1.003347490789871
SVN,17T18,0.9984541359569304,1.003137846955095,1.003347490789871
SVN,19,0.25915529307089985,1.0030010833951417,1.003347490789871
SVN,20,1.0054406666263263,1.0034588126747428,1.003347490789871
SVN,21,1.0027574576296552,1.0020991808461186,1.003347490789871
SVN,22,1.0056611491601755,1.0029996398542196,1.003347490789871
SVN,23,0.9838334435726069,1.0035297225123814,1.003347490789871
SVN,24,1.011452961527308,1.004295543136826,1.003347490789871
SVN,25,1.0039179696376486,1.002985257468726,1.003347490789871
SVN,26,1.0026469705121686,1.0023249746683396,1.003347490789871
SVN,27,1.0024296085845574,1.0031443567614495,1.003347490789871
SVN,28,1.0018820540293751,1.0030805815932986,1.003347490789871
SVN,29T30,1.0025468743359147,1.0029690624942451,1.003347490789871
SVN,31T33,1.0045386997302017,1.002667488149235,1.003347490789871
SVN,35,0.9833163169477105,1.003596701622881,1.003347490789871
SVN,36T39,1.0032092596868183,1.0028738977588134,1.003347490789871
SVN,41T43,1.0024198465443956,1.0030123762009138,1.003347490789871
SVN,45T47,1.0016793505804527,1.0021682917675918,1.003347490789871
SVN,49,0.9986600329955101,1.0024991877727825,1.003347490789871
SVN,50,0.9747160827525364,1.004746213636972,1.003347490789871
SVN,51,1.0076409004287312,1.0025269412227713,1.003347490789871
SVN,52,1.0011525500010576,1.0024953268204606,1.003347490789871
SVN,53,1.0013552542637254,1.0020070350294423,1.003347490789871
SVN,55T56,1.0026577378128867,1.0025528768544527,1.003347490789871
SVN,58T60,1.0010846969933438,1.0018943481080027,1.003347490789871
SVN,61,1.0019069571636456,1.0017085841562936,1.003347490789871
SVN,62T63,1.0010005110472857,1.0017264458521096,1.003347490789871
SVN,64T66,1.0018269506824546,1.001703547201404,1.003347490789871
SVN,68,1.0032107744709724,1.0017313456525074,1.003347490789871
SVN,69T75,1.0013839778281826,1.0020831831193273,1.003347490789871
SVN,77T82,1.0015984059229648,1.0020922494918336,1.003347490789871
SVN,84,1.0031494366042633,1.0018981519142536,1.003347490789871
SVN,85,1.003113622444062,1.0018933213894046,1.003347490789871
SVN,86T88,1.0031916063611024,1.0019716639147247,1.003347490789871
SVN,90T93,1.0030054324749451,1.0021374172759823,1.003347490789871
SVN,94T98,1.002510620421365,1.0020536107887656,1.003347490789871
SWE,01T02,0.9842332001318052,1.0055842931870824,1.0028743018081057
SWE,03,0.9992889243099772,1.0023904080499046,1.0028743018081057
SWE,05T06,0.9923398984588796,1.0029263277817426,1.0028743018081057
SWE,07T08,1.0049383710173367,1.002395835810495,1.0028743018081057
SWE,10T12,1.002193506323408,1.0041399379719886,1.0028743018081057
SWE,13T15,1.0018218191912707,1.0026350522279492,1.0028743018081057
SWE,16,0.9974711370955064,1.006000901333494,1.0028743018081057
SWE,17T18,0.9984536413884493,1.0041816806801325,1.0028743018081057
SWE,19,1.0019507202836568,1.0032534811192342,1.0028743018081057
SWE,20,0.9968172764719787,1.0029582993064488,1.0028743018081057
SWE,21,1.0033558533989215,1.002384707429604,1.0028743018081057
SWE,22,1.0056346724127072,1.0029909943430042,1.0028743018081057
SWE,23,1.0020191504824778,1.0032501189734515,1.0028743018081057
SWE,24,1.012823843393782,1.0033343941168151,1.0028743018081057
SWE,25,1.0036460637142717,1.0031166327735435,1.0028743018081057
SWE,26,1.0026164292012747,1.0023248866936223,1.0028743018081057
SWE,27,1.0033901534896401,1.002788015213263,1.0028743018081057
SWE,28,1.0026904582079232,1.002494126464385,1.0028743018081057
SWE,29T30,1.0028276900538013,1.0025475015827627,1.0028743018081057
SWE,31T33,1.0032447865749992,1.0026564789659655,1.0028743018081057
SWE,35,1.0028280167340127,1.0025641219749695,1.0028743018081057
SWE,36T39,1.003596032466998,1.002390882940043,1.0028743018081057
SWE,41T43,1.0025096820007282,1.0026784919989618,1.0028743018081057
SWE,45T47,1.0016203920396687,1.0021226525571054,1.0028743018081057
SWE,49,1.0014014351603513,1.0023551214429829,1.0028743018081057
SWE,50,0.9847134726748052,1.0029329946349648,1.0028743018081057
SWE,51,0.9993308589705995,1.0025890087711222,1.0028743018081057
SWE,52,1.000926541816059,1.0026419625181735,1.0028743018081057
SWE,53,1.0016286789099005,1.00211360691927,1.0028743018081057
SWE,55T56,1.002303637758007,1.002607808541264,1.0028743018081057
SWE,58T60,1.0013378032983613,1.0020485668730157,1.0028743018081057
SWE,61,1.0016765307479016,1.0020251399565443,1.0028743018081057
SWE,62T63,1.0008509745209084,1.0019609166429566,1.0028743018081057
SWE,64T66,1.0014295533957365,1.0019543844365881,1.0028743018081057
SWE,68,1.0025710151909615,1.0021799213365559,1.0028743018081057
SWE,69T75,1.0019111428828875,1.0020566347733861,1.0028743018081057
SWE,77T82,1.0016485909121742,1.0022982984144704,1.0028743018081057
SWE,84,1.002717997440947,1.0020981244673448,1.0028743018081057
SWE,85,1.002780953124871,1.002059540868011,1.0028743018081057
SWE,86T88,1.0028159687187443,1.0020631320559668,1.0028743018081057
SWE,90T93,1.0024446989414812,1.0023474356904496,1.0028743018081057
SWE,94T98,1.00253612396905,1.0021369977201315,1.0028743018081057
THA,01T02,0.9957952010616814,1.001873064826168,1.0044585072538392
THA,03,1.0012872163707947,1.0016984151833837,1.0044585072538392
THA,05T06,0.9795668268727995,1.0014960170697067,1.0044585072538392
THA,07T08,0.9932085813598551,1.001990179257647,1.0044585072538392
THA,10T12,1.0017649731258191,1.0050392630340117,1.0044585072538392
THA,13T15,1.0032467633102002,1.0023224520898464,1.0044585072538392
THA,16,0.9999193260656872,1.0034643529524654,1.0044585072538392
THA,17T18,1.000385062567204,1.0025398315611418,1.0044585072538392
THA,19,0.9963270432698701,1.0049133731099544,1.0044585072538392
THA,20,0.9937463045831115,1.0035849784153121,1.0044585072538392
THA,21,1.001572526454589,1.0030813981011817,1.0044585072538392
THA,22,1.001470766243748,1.004602656820955,1.0044585072538392
THA,23,0.9818341512335343,1.005302960017264,1.0044585072538392
THA,24,0.9945750269342954,1.0046461097858082,1.0044585072538392
THA,25,0.9997363684060956,1.0046446869567183,1.0044585072538392
THA,26,1.0027815368827695,1.0024068293942545,1.0044585072538392
THA,27,1.0012054751813817,1.0039914702229717,1.0044585072538392
THA,28,1.0003719704197964,1.0035362092288944,1.0044585072538392
THA,29T30,1.0002372881760142,1.0033983311710613,1.0044585072538392
THA,31T33,1.0028157167493916,1.0032966943654966,1.0044585072538392
THA,35,0.9937230539733721,1.003965100763184,1.0044585072538392
THA,36T39,1.0023256770801547,1.0017116720160417,1.0044585072538392
THA,41T43,1.0039980758036535,1.0062603303130826,1.0044585072538392
THA,45T47,1.0016897160617548,1.0007511036597359,1.0044585072538392
THA,49,0.9925715085395748,1.0035324844767373,1.0044585072538392
THA,50,0.9927759104175544,1.002557512174184,1.0044585072538392
THA,51,0.9903324868228061,1.0036212714685984,1.0044585072538392
THA,52,0.9985498606471922,1.0027291967998593,1.0044585072538392
THA,53,1.0017967740792508,1.0009468689686216,1.0044585072538392
THA,55T56,1.0019768686729789,1.0034211926710546,1.0044585072538392
THA,58T60,1.0005991092924833,1.0017649181653252,1.0044585072538392
THA,61,1.0026826213506532,1.0009783454660972,1.0044585072538392
THA,62T63,0.9988330642048692,1.0015663908846475,1.0044585072538392
THA,64T66,1.0010756969775993,1.000616549980228,1.0044585072538392
THA,68,1.0029838927627213,1.0005861505340334,1.0044585072538392
THA,69T75,1.000040113949085,1.0013296306036898,1.0044585072538392
THA,77T82,0.9992519899122227,1.001539954220141,1.0044585072538392
THA,84,1.0044640138206238,1.000987944882909,1.0044585072538392
THA,85,1.0044559290029114,1.0008952417525525,1.0044585072538392
THA,86T88,1.0037628158613376,1.001886777097436,1.0044585072538392
THA,90T93,1.0032113026529357,1.001290491430091,1.0044585072538392
THA,94T98,1.0018574072129698,1.002158336901117,1.0044585072538392
TUN,01T02,1.0006148495204739,1.0012051542981097,1.0035516940805114
TUN,03,1.0019740461760578,1.0004307380520905,1.0035516940805114
TUN,05T06,0.9773628161063196,1.0051381274949103,1.0035516940805114
TUN,07T08,0.985624930285515,1.0055837034223152,1.0035516940805114
TUN,10T12,1.0014811344598278,1.0056960817906426,1.0035516940805114
TUN,13T15,1.0004121288817889,1.0027310283130555,1.0035516940805114
TUN,16,1.0016684008963335,1.0029304371608352,1.0035516940805114
TUN,17T18,0.9978102411022685,1.0029356359621469,1.0035516940805114
TUN,19,0.9896656505556265,1.0076485282622365,1.0035516940805114
TUN,20,0.9960700819880918,1.0041666207841518,1.0035516940805114
TUN,21,1.0000903557690242,1.0025314769311517,1.0035516940805114
TUN,22,0.9761941240941973,1.003758099382939,1.0035516940805114
TUN,23,0.9538196779867186,1.0090804293049542,1.0035516940805114
TUN,24,1.0016491171262,1.0068455754299233,1.0035516940805114
TUN,25,0.9994112629224408,1.004142516733903,1.0035516940805114
TUN,26,1.0015691400260356,1.003426679431579,1.0035516940805114
TUN,27,1.0013880799380626,1.0038463886700297,1.0035516940805114
TUN,28,1.0016884837885947,1.0033407855865084,1.0035516940805114
TUN,29T30,1.0021212865473872,1.0030622075269298,1.0035516940805114
TUN,31T33,0.9887658545828298,1.0027471594307915,1.0035516940805114
TUN,35,0.9589398780983509,1.0063928526688166,1.0035516940805114
TUN,36T39,1.00170854754868,1.005856052124351,1.0035516940805114
TUN,41T43,1.0023756813081663,1.0073850549889625,1.0035516940805114
TUN,45T47,1.0019718064383998,1.0008724246171292,1.0035516940805114
TUN,49,0.9936842700165559,1.001312504823671,1.0035516940805114
TUN,50,1.0061809503422308,1.0018265970482092,1.0035516940805114
TUN,51,0.9817662195469548,1.0022800002737373,1.0035516940805114
TUN,52,0.9957833017238564,1.000836921939322,1.0035516940805114
TUN,53,1.0015516443093422,1.0007762864782208,1.0035516940805114
TUN,55T56,1.0027249004513232,1.0018002420504983,1.0035516940805114
TUN,58T60,1.001943757375796,1.0017140814837306,1.0035516940805114
TUN,61,1.0024411483405669,1.0005677587858173,1.0035516940805114
TUN,62T63,1.0006701939218858,1.001052392855605,1.0035516940805114
TUN,64T66,1.000519819359068,1.000215666296499,1.0035516940805114
TUN,68,1.0032260334954366,1.000699327064115,1.0035516940805114
TUN,69T75,1.0012851893702122,1.0013001402412782,1.0035516940805114
TUN,77T82,1.0012122013691225,1.0012599228219352,1.0035516940805114
TUN,84,1.0035373440784057,1.0001579934828566,1.0035516940805114
TUN,85,1.0034150858527273,1.0004443670495113,1.0035516940805114
TUN,86T88,1.002711712040701,1.0010878865924198,1.0035516940805114
TUN,90T93,1.0013458165849984,1.0018553564828367,1.0035516940805114
TUN,94T98,1.0032660371341127,1.0004689462543082,1.0035516940805114
TUR,01T02,1.0036430046882456,1.003326936932666,1.003673171095042
TUR,03,1.0011298834033273,1.0018031770013125,1.003673171095042
TUR,05T06,0.9791813240995866,1.0027339361114336,1.003673171095042
TUR,07T08,0.9948423090191242,1.0018827427339216,1.003673171095042
TUR,10T12,1.0025002934728091,1.0041827245841404,1.003673171095042
TUR,13T15,1.0005732986847258,1.0023523512899406,1.003673171095042
TUR,16,0.9973420487905026,1.0040186720003406,1.003673171095042
TUR,17T18,0.9999743874941446,1.0027074448627076,1.003673171095042
TUR,19,0.9968227604932853,1.0032225234532706,1.003673171095042
TUR,20,0.988637297238493,1.0032470260348498,1.003673171095042
TUR,21,0.9994944466184964,1.0025966555744907,1.003673171095042
TUR,22,1.0023295123402416,1.003809591649529,1.003673171095042
TUR,23,0.9795740118792763,1.0058217932212725,1.003673171095042
TUR,24,0.99791028203825,1.0045170928421379,1.003673171095042
TUR,25,1.0019364961763586,1.0035286937787207,1.003673171095042
TUR,26,1.0034825548486637,1.0016663936299264,1.003673171095042
TUR,27,1.001352218555643,1.0038033072094819,1.003673171095042
TUR,28,1.001910869526478,1.0031980109085235,1.003673171095042
TUR,29T30,1.0026504387036896,1.0027150036757497,1.003673171095042
TUR,31T33,1.0033934015495118,1.0028389089965366,1.003673171095042
TUR,35,0.9758482208218316,1.016571050560167,1.003673171095042
TUR,36T39,0.9999583131374506,1.0030969938842906,1.003673171095042
TUR,41T43,1.002940517176081,1.0040692523242267,1.003673171095042
TUR,45T47,1.0006689956959252,1.0016183794699343,1.003673171095042
TUR,49,0.999572096391306,1.002129586920741,1.003673171095042
TUR,50,0.9985427853916264,1.001734746042386,1.003673171095042
TUR,51,0.9823778447581489,1.0016393588085761,1.003673171095042
TUR,52,0.999782764004117,1.001245322220405,1.003673171095042
TUR,53,1.0006130897731562,1.0017186715327742,1.003673171095042
TUR,55T56,1.0024363513252155,1.0022876787031532,1.003673171095042
TUR,58T60,1.001572964267983,1.0017149149863256,1.003673171095042
TUR,61,1.0025508363906799,1.0017884293699855,1.003673171095042
TUR,62T63,1.0014787995508423,1.000724077313785,1.003673171095042
TUR,64T66,1.0003163332632103,1.0011280734115757,1.003673171095042
TUR,68,1.0027060464785422,1.00270546141325,1.003673171095042
TUR,69T75,1.001026813244751,1.0014173383404832,1.003673171095042
TUR,77T82,1.0013374593658855,1.0012561534304847,1.003673171095042
TUR,84,1.003267358290995,1.0017846381804043,1.003673171095042
TUR,85,1.0034607397865465,1.001091530198079,1.003673171095042
TUR,86T88,1.00338204046897,1.0019415948229968,1.003673171095042
TUR,90T93,1.0026224304301186,1.0016495302656503,1.003673171095042
TUR,94T98,1.0029219352605574,1.001956676873272,1.003673171095042
TWN,01T02,1.01008110535087,1.0025371359140731,1.0044399822432384
TWN,03,0.9984740913772302,1.0031626914978484,1.0044399822432384
TWN,05T06,0.980628506346272,1.0028361546591915,1.0044399822432384
TWN,07T08,0.9827469148520139,1.0031927805451566,1.0044399822432384
TWN,10T12,1.0052612550376683,1.003433951088994,1.0044399822432384
TWN,13T15,0.9955024910411532,1.003980295195962,1.0044399822432384
TWN,16,1.0041838550029758,1.0039386152142646,1.0044399822432384
TWN,17T18,0.9984010075242407,1.0040445399461282,1.0044399822432384
TWN,19,0.9936135027135605,1.0034977214608058,1.0044399822432384
TWN,20,0.9938585813765598,1.0058504900986192,1.0044399822432384
TWN,21,1.0020475061749605,1.0028111348560282,1.0044399822432384
TWN,22,1.0021600441800622,1.0045402711430766,1.0044399822432384
TWN,23,0.9983703338426638,1.0058074898868958,1.0044399822432384
TWN,24,0.9814722396911938,1.0072457617780062,1.0044399822432384
TWN,25,0.9970823663257363,1.0058428783460527,1.0044399822432384
TWN,26,1.0015006915204954,1.0032517454734988,1.0044399822432384
TWN,27,1.0017556342813894,1.004169575523753,1.0044399822432384
TWN,28,0.9998098576540653,1.0047221301581193,1.0044399822432384
TWN,29T30,1.0013378823368044,1.0035133839237154,1.0044399822432384
TWN,31T33,1.0007884805639844,1.0034930923650442,1.0044399822432384
TWN,35,0.9703993991168683,1.0043019292404705,1.0044399822432384
TWN,36T39,0.9959069580277361,1.0035812708136527,1.0044399822432384
TWN,41T43,1.0035215051283797,1.004820407928001,1.0044399822432384
TWN,45T47,1.0013304884604393,1.00179585672028,1.0044399822432384
TWN,49,0.9967757847602406,1.0026761790996186,1.0044399822432384
TWN,50,0.9905175076041745,1.004134404260889,1.0044399822432384
TWN,51,0.9911964901257115,1.003250804379491,1.0044399822432384
TWN,52,0.9972979491558668,1.002091872296097,1.0044399822432384
TWN,53,1.001885662335665,1.0026119460838416,1.0044399822432384
TWN,55T56,1.0035874042478,1.0026320075549926,1.0044399822432384
TWN,58T60,1.0013178128730844,1.0022300287626873,1.0044399822432384
TWN,61,1.0028693669040196,1.0019420484654176,1.0044399822432384
TWN,62T63,1.001510655790446,1.0016229949303046,1.0044399822432384
TWN,64T66,1.0026751005046617,1.001319311312765,1.0044399822432384
TWN,68,1.0039333390761234,1.0014469126166856,1.0044399822432384
TWN,69T75,1.0011104580671628,1.0020115626000834,1.0044399822432384
TWN,77T82,1.0009262001947847,1.0017081806823906,1.0044399822432384
TWN,84,1.0042077011993886,1.0016427226659366,1.0044399822432384
TWN,85,1.0043673973896194,1.0017098702498382,1.0044399822432384
TWN,86T88,1.0040182436406673,1.0022096855478304,1.0044399822432384
TWN,90T93,1.0033874185385034,1.002075916619792,1.0044399822432384
TWN,94T98,1.0041046525623525,1.001933953261951,1.0044399822432384
USA,01T02,0.9973337173754754,1.003963152130925,1.0024005873512973
USA,03,1.0025506100761759,1.0016146910151202,1.0024005873512973
USA,05T06,0.9933563527112611,1.002431703563934,1.0024005873512973
USA,07T08,1.0006381440569232,1.0026376514535602,1.0024005873512973
USA,10T12,1.001837042183844,1.0043275099564113,1.0024005873512973
USA,13T15,1.0008200107184786,1.0026367985761262,1.0024005873512973
USA,16,1.0028918613591722,1.0033281918765014,1.0024005873512973
USA,17T18,1.0011008550739593,1.0028260623581118,1.0024005873512973
USA,19,0.99954952149812,1.0040449078322013,1.0024005873512973
USA,20,0.9999284265212549,1.0030582630294789,1.0024005873512973
USA,21,1.0011216477224898,1.0019564688840303,1.0024005873512973
USA,22,1.0032740581897093,1.0029821852412764,1.0024005873512973
USA,23,1.000588139483345,1.0030130742255252,1.0024005873512973
USA,24,1.0064563031946845,1.0036403159793172,1.0024005873512973
USA,25,1.0030160029032247,1.002815363352106,1.0024005873512973
USA,26,1.0029963505241277,1.0016450775773338,1.0024005873512973
USA,27,1.003819436975215,1.0024455030284365,1.0024005873512973
USA,28,1.0022131176028612,1.002408442271228,1.0024005873512973
USA,29T30,1.002470732235956,1.0023839587393475,1.0024005873512973
USA,31T33,1.0051029889475516,1.0021819347684007,1.0024005873512973
USA,35,0.9819749455073796,1.0026722987696497,1.0024005873512973
USA,36T39,1.0012161368200088,1.001883940555834,1.0024005873512973
USA,41T43,1.0018832411533425,1.0023541357492625,1.0024005873512973
USA,45T47,1.0014420567699096,1.0019548543559467,1.0024005873512973
USA,49,0.999432578289335,1.0020457832060683,1.0024005873512973
USA,50,0.9985854335557772,1.0021592101213181,1.0024005873512973
USA,51,0.9968111392822653,1.0019362239880145,1.0024005873512973
USA,52,0.9998930442785269,1.0025367038311273,1.0024005873512973
USA,53,0.9995102814585147,1.0020679052616992,1.0024005873512973
USA,55T56,1.0019881216026931,1.0022080217787293,1.0024005873512973
USA,58T60,1.0019556411573396,1.0016459744462383,1.0024005873512973
USA,61,1.0018507280861755,1.001760792465573,1.0024005873512973
USA,62T63,1.0014086709304353,1.0016219546425518,1.0024005873512973
USA,64T66,1.0014867691597367,1.0016095568658885,1.0024005873512973
USA,68,1.002104843247453,1.0020262470291934,1.0024005873512973
USA,69T75,1.0014638264259093,1.0017085243436958,1.0024005873512973
USA,77T82,1.0012109837962733,1.0017356868858116,1.0024005873512973
USA,84,1.0022066564187881,1.001934938492194,1.0024005873512973
USA,85,1.0023067830149497,1.0018277832626294,1.0024005873512973
USA,86T88,1.0023244838097811,1.0017596408620968,1.0024005873512973
USA,90T93,1.002084007192811,1.0018312543626517,1.0024005873512973
USA,94T98,1.002187666334118,1.0017780416441775,1.0024005873512973
VNM,01T02,0.9995532376190776,1.0036779438614993,1.0054020342760808
VNM,03,1.0016978818994278,1.003177066370461,1.0054020342760808
VNM,05T06,0.987630984312735,1.0019242958152403,1.0054020342760808
VNM,07T08,0.9495533013500751,1.005712776230873,1.0054020342760808
VNM,10T12,1.0012411119105626,1.0059640316780536,1.0054020342760808
VNM,13T15,1.0013221693346868,1.0025767065074749,1.0054020342760808
VNM,16,0.9923121032554731,1.0076100118478184,1.0054020342760808
VNM,17T18,0.9959872111223033,1.004211492233015,1.0054020342760808
VNM,19,0.9886486275676385,1.004016843217152,1.0054020342760808
VNM,20,0.9955632412257042,1.005029698522895,1.0054020342760808
VNM,21,1.0033055550254317,1.0022268921484503,1.0054020342760808
VNM,22,1.0000712433770913,1.0049677911878077,1.0054020342760808
VNM,23,0.9712047405747269,1.0087143523125903,1.0054020342760808
VNM,24,0.9858634017657582,1.008078533000557,1.0054020342760808
VNM,25,0.9904644617373375,1.006898302240784,1.0054020342760808
VNM,26,1.0020070066350764,1.0025552197030427,1.0054020342760808
VNM,27,0.9993105187135009,1.004583708707305,1.0054020342760808
VNM,28,1.0016044037181826,1.003034552619733,1.0054020342760808
VNM,29T30,1.002908154181285,1.0031485374728446,1.0054020342760808
VNM,31T33,0.996033789047369,1.004615888944399,1.0054020342760808
VNM,35,0.9442034448553509,1.003749972807853,1.0054020342760808
VNM,36T39,1.0005748758315456,1.0027336601818653,1.0054020342760808
VNM,41T43,1.004220000761735,1.0070654157321737,1.0054020342760808
VNM,45T47,0.9997576590492414,1.0012928867947712,1.0054020342760808
VNM,49,0.9927823383863602,1.0024979304081354,1.0054020342760808
VNM,50,0.9727677620179294,1.0029206437897407,1.0054020342760808
VNM,51,0.9890920825562446,1.0029336512168374,1.0054020342760808
VNM,52,0.9974439420021541,1.0008380497857676,1.0054020342760808
VNM,53,0.9991708218730191,1.001579256218643,1.0054020342760808
VNM,55T56,1.00234927764744,1.0033269128963274,1.0054020342760808
VNM,58T60,1.0016647871500848,1.0018405375883668,1.0054020342760808
VNM,61,1.0033773569940236,1.0021010450630485,1.0054020342760808
VNM,62T63,1.0050476881731154,0.9996078183208914,1.0054020342760808
VNM,64T66,1.0007121826796694,0.9997092004729102,1.0054020342760808
VNM,68,1.003990775019917,1.0013804965864606,1.0054020342760808
VNM,69T75,1.000546454320352,1.000683251402068,1.0054020342760808
VNM,77T82,1.0012540578171416,1.000697720016967,1.0054020342760808
VNM,84,1.0049381555897698,1.001046382155653,1.0054020342760808
VNM,85,1.004969867372277,1.0000728686883298,1.0054020342760808
VNM,86T88,1.0050866850601652,1.0011631713991231,1.0054020342760808
VNM,90T93,1.004840188679917,1.0004608918069593,1.0054020342760808
VNM,94T98,1.0044855825097272,1.0020136631723542,1.0054020342760808
ZAF,01T02,0.9921417744786704,0.9997338285250795,0.9979833775422404
ZAF,03,1.0001030827011466,0.9953150033986213,0.9979833775422404
ZAF,05T06,0.9769712709003328,0.9982469121709941,0.9979833775422404
ZAF,07T08,0.9754951371327433,1.0011959630706266,0.9979833775422404
ZAF,10T12,1.0028233123570784,0.9999471862349191,0.9979833775422404
ZAF,13T15,1.009695659442911,0.99856307698616,0.9979833775422404
ZAF,16,1.0020166634426633,0.9995912479468946,0.9979833775422404
ZAF,17T18,1.0021971131604694,0.9978719403231968,0.9979833775422404
ZAF,19,0.9821499004563324,1.0002842200906878,0.9979833775422404
ZAF,20,0.9912622455815455,1.0023197338802132,0.9979833775422404
ZAF,21,0.9998065808023204,0.9996293584812318,0.9979833775422404
ZAF,22,0.9876302315577299,1.0000720749025755,0.9979833775422404
ZAF,23,0.9802277805307184,1.0018389793942084,0.9979833775422404
ZAF,24,0.8853615839693806,1.0100282791058053,0.9979833775422404
ZAF,25,0.9834136889725821,1.0090326223829338,0.9979833775422404
ZAF,26,1.0020250581960883,0.9993452442725494,0.9979833775422404
ZAF,27,0.9885635911676071,1.0046102231784773,0.9979833775422404
ZAF,28,0.9975090870579241,1.0020326577358551,0.9979833775422404
ZAF,29T30,0.9978325038573017,1.00308339481001,0.9979833775422404
ZAF,31T33,0.9707936251121836,1.000674964552477,0.9979833775422404
ZAF,35,0.9219247396483602,1.0026612990609014,0.9979833775422404
ZAF,36T39,0.9947525574419352,0.9952868266343716,0.9979833775422404
ZAF,41T43,0.9961197077347983,0.9996969817983251,0.9979833775422404
ZAF,45T47,0.9958883885593408,0.9947678367114886,0.9979833775422404
ZAF,49,0.9938842635703788,0.9960130512500259,0.9979833775422404
ZAF,50,0.9187030183738254,0.9956604207267923,0.9979833775422404
ZAF,51,0.9946598189310172,0.9973288914789941,0.9979833775422404
ZAF,52,0.9861017919328556,0.9969730806046738,0.9979833775422404
ZAF,53,0.9959464245262178,0.9956046084012324,0.9979833775422404
ZAF,55T56,1.0006507869461245,0.9954118075482555,0.9979833775422404
ZAF,58T60,0.9989640700773931,0.9958858772116919,0.9979833775422404
ZAF,61,0.9985016612802874,0.9963960496064155,0.9979833775422404
ZAF,62T63,0.9942687958039225,0.9960372925923741,0.9979833775422404
ZAF,64T66,0.9969558494840317,0.9933123019588627,0.9979833775422404
ZAF,68,0.9975284589800595,0.9946791852284574,0.9979833775422404
ZAF,69T75,0.9957068599706969,0.9953932157056624,0.9979833775422404
ZAF,77T82,0.9944419002571134,0.9958839394273398,0.9979833775422404
ZAF,84,0.9979843862339334,0.9942994323803398,0.9979833775422404
ZAF,85,0.9974301753885901,0.993364759723281,0.9979833775422404
ZAF,86T88,0.9974305340906573,0.9946311504363852,0.9979833775422404
ZAF,90T93,0.992007533159955,0.9954541557257353,0.9979833775422404
ZAF,94T98,0.9971702180902821,0.9925465877086475,0.9979833775422404
