country,sector,output_hat,price_hat,spending_hat
ARG,01T02,0.7261602765853405,1.0447290155692883,1.0120345510315203
ARG,03,1.002126489223216,0.9890715134017819,1.0120345510315203
ARG,05T06,0.86707713830207,1.006524478245665,1.0120345510315203
ARG,07T08,0.9972813207997681,0.9925176564417881,1.0120345510315203
ARG,10T12,0.986122828968692,1.0947626456250554,1.0120345510315203
ARG,13T15,1.0150043930375379,1.0142193529147985,1.0120345510315203
ARG,16,1.022084398844641,1.0059790914978175,1.0120345510315203
ARG,17T18,1.0242584296382988,0.9959549625354607,1.0120345510315203
ARG,19,0.9745180851108847,1.058521037563282,1.0120345510315203
ARG,20,1.0057930563302768,1.0023206401636595,1.0120345510315203
ARG,21,1.0227981595034563,0.9935563943297082,1.0120345510315203
ARG,22,1.0057028173303793,1.001351677571695,1.0120345510315203
ARG,23,0.9233882856101637,1.0064384809517861,1.0120345510315203
ARG,24,0.9813146245117456,1.0180095341328894,1.0120345510315203
ARG,25,1.042884152302972,1.0080414691760509,1.0120345510315203
ARG,26,1.0266140843727996,1.0053326227956478,1.0120345510315203
ARG,27,1.031694868647481,1.0102979491966184,1.0120345510315203
ARG,28,1.0263656670533117,1.0024732465507915,1.0120345510315203
ARG,29T30,1.0036752624800476,1.0071169033489311,1.0120345510315203
ARG,31T33,1.0375965952883353,0.9957551408207697,1.0120345510315203
ARG,35,0.8899626754309128,1.0359501748088384,1.0120345510315203
ARG,36T39,1.0072296938987426,0.9944595439400362,1.0120345510315203
ARG,41T43,1.0090382586788642,1.0009435812204255,1.0120345510315203
ARG,45T47,1.0027730850399186,0.9871272691511664,1.0120345510315203
ARG,49,0.9961715621848402,0.9937237624263334,1.0120345510315203
ARG,50,1.0230867338866823,0.9945258591656713,1.0120345510315203
ARG,51,1.0166302301204524,1.0082236874140234,1.0120345510315203
ARG,52,1.0001062365432827,0.9998966504080826,1.0120345510315203
ARG,53,1.0225511566373677,0.989585153168498,1.0120345510315203
ARG,55T56,1.0145691147171239,1.0110235570195576,1.0120345510315203
ARG,58T60,1.0234399414583741,0.9902188350627961,1.0120345510315203
ARG,61,1.0183110614792423,0.9895818166480099,1.0120345510315203
ARG,62T63,1.0304345085191877,0.9888875247923208,1.0120345510315203
ARG,64T66,1.010410050573817,0.9866477771042835,1.0120345510315203
ARG,68,1.015337027004589,0.9832736066872788,1.0120345510315203
ARG,69T75,1.016836691791381,0.987723605399842,1.0120345510315203
ARG,77T82,1.0099480870100594,0.9860205155500703,1.0120345510315203
ARG,84,1.0115588720557411,0.9885790268334786,1.0120345510315203
ARG,85,1.0123787318017652,0.9866886999412005,1.0120345510315203
ARG,86T88,1.012167211842964,0.9869535134382517,1.0120345510315203
ARG,90T93,1.0171872099347732,0.990751813592992,1.0120345510315203
ARG,94T98,1.011798161374408,0.9883009470482362,1.0120345510315203
AUS,01T02,0.7850087564841778,1.0334559390694538,1.0074413711536052
AUS,03,0.9806873967565479,1.0328459418744684,1.0074413711536052
AUS,05T06,0.9100991484940361,1.0031468183869956,1.0074413711536052
AUS,07T08,1.0359385867985575,1.0065889360801679,1.0074413711536052
AUS,10T12,0.9828379087068583,1.069724173112089,1.0074413711536052
AUS,13T15,0.9366892000361767,1.0432423382739637,1.0074413711536052
AUS,16,1.0119802976308845,1.0337650688084183,1.0074413711536052
AUS,17T18,1.0139492585071332,1.0133489960796422,1.0074413711536052
AUS,19,1.0279470763311174,1.020375211059886,1.0074413711536052
AUS,20,0.9985006585419712,1.0217706004426084,1.0074413711536052
AUS,21,1.0128916658523597,1.0125467336009066,1.0074413711536052
AUS,22,1.022993029510799,1.0171790722006677,1.0074413711536052
AUS,23,0.9916939025617184,1.0132965184106584,1.0074413711536052
AUS,24,1.1599155271327384,1.0198690105887147,1.0074413711536052
AUS,25,1.0304210390119348,1.0217190045917912,1.0074413711536052
AUS,26,1.0273284650270982,1.0052552242555761,1.0074413711536052
AUS,27,1.046144317308311,1.0113936225229494,1.0074413711536052
AUS,28,1.024558798311092,1.0107351885357068,1.0074413711536052
AUS,29T30,1.0289640999334322,1.013822389764639,1.0074413711536052
AUS,31T33,1.010027228612659,1.0086083459050568,1.0074413711536052
AUS,35,0.77379247453234,1.0802457973763424,1.0074413711536052
AUS,36T39,0.9922246183999881,1.0029097661226754,1.0074413711536052
AUS,41T43,1.0030442535467727,1.0093006560385878,1.0074413711536052
AUS,45T47,1.0009101207139377,1.0043826316679558,1.0074413711536052
AUS,49,1.0001198425400408,1.004001834945056,1.0074413711536052
AUS,50,0.9878003500564216,0.9994143494040325,1.0074413711536052
AUS,51,1.0117478958803152,1.0046981780435322,1.0074413711536052
AUS,52,0.9970441559153088,0.9998186097812911,1.0074413711536052
AUS,53,1.0008808704053667,1.0031497163114769,1.0074413711536052
AUS,55T56,1.0116526784151973,1.0139125836553666,1.0074413711536052
AUS,58T60,1.015734491960056,1.0011163026496905,1.0074413711536052
AUS,61,1.0075034178061903,1.001762337949622,1.0074413711536052
AUS,62T63,1.004761192395316,0.9968945070085212,1.0074413711536052
AUS,64T66,0.9942518632758908,0.9948347127281247,1.0074413711536052
AUS,68,1.006543144669233,0.9952618362274641,1.0074413711536052
AUS,69T75,0.9993103277260115,0.9982723013004544,1.0074413711536052
AUS,77T82,0.999833182587491,1.0000585942008853,1.0074413711536052
AUS,84,1.0064102921733566,1.0038468148909003,1.0074413711536052
AUS,85,1.010200746268399,0.9973606427540044,1.0074413711536052
AUS,86T88,1.00749915538038,0.9982313898901226,1.0074413711536052
AUS,90T93,1.0090990264116002,0.9986062964197581,1.0074413711536052
AUS,94T98,1.007079779509657,0.9981085637684547,1.0074413711536052
AUT,01T02,1.0140990020299425,1.0346965568327247,1.0273357934512926
AUT,03,1.0172166832154472,1.026041318865253,1.0273357934512926
AUT,05T06,0.8355816881538503,1.0322392744249451,1.0273357934512926
AUT,07T08,1.0105728757706145,1.0302447559620582,1.0273357934512926
AUT,10T12,1.0423145727914545,1.0342175676857686,1.0273357934512926
AUT,13T15,1.0132965778736769,1.0219099937456357,1.0273357934512926
AUT,16,1.021637916074266,1.0344548609343722,1.0273357934512926
AUT,17T18,1.0063600502199639,1.0282896427038262,1.0273357934512926
AUT,19,0.9856246638880195,1.0551387753251833,1.0273357934512926
AUT,20,1.0108538619396519,1.025759604347794,1.0273357934512926
AUT,21,1.0089012459233753,1.0220524940811762,1.0273357934512926
AUT,22,1.019916833082804,1.0244418836787548,1.0273357934512926
AUT,23,1.0236216187735347,1.0298008718826988,1.0273357934512926
AUT,24,1.0368852179566983,1.0421030215086813,1.0273357934512926
AUT,25,1.0260581417308519,1.0317007641480456,1.0273357934512926
AUT,26,1.0205520840184623,1.0221913914733616,1.0273357934512926
AUT,27,1.0285950583405392,1.0263201689421335,1.0273357934512926
AUT,28,1.0216938941929066,1.0250219742234028,1.0273357934512926
AUT,29T30,1.019763735677529,1.0250717261098867,1.0273357934512926
AUT,31T33,1.0041969681188838,1.028434352996995,1.0273357934512926
AUT,35,1.0254837769627367,1.0500395817202348,1.0273357934512926
AUT,36T39,1.023708890634447,1.022904567393273,1.0273357934512926
AUT,41T43,1.0249906401574866,1.0259500530845487,1.0273357934512926
AUT,45T47,1.0146036564761953,1.0204828711272114,1.0273357934512926
AUT,49,1.0030242475341478,1.0229570412359337,1.0273357934512926
AUT,50,0.999920054678023,1.0236734377840517,1.0273357934512926
AUT,51,1.0046937618368625,1.0221455825867587,1.0273357934512926
AUT,52,1.009000136992445,1.0210570057690969,1.0273357934512926
AUT,53,1.0101140093060696,1.0192693077836388,1.0273357934512926
AUT,55T56,1.02502074875787,1.0229553849838173,1.0273357934512926
AUT,58T60,1.0086267249274707,1.0205882551167058,1.0273357934512926
AUT,61,1.012478602349501,1.0203623076612103,1.0273357934512926
AUT,62T63,1.002131168062165,1.018689093707884,1.0273357934512926
AUT,64T66,1.0117958288467335,1.0195333648086295,1.0273357934512926
AUT,68,1.0241010216128863,1.021013551532264,1.0273357934512926
AUT,69T75,1.0109850336186033,1.0201952651348505,1.0273357934512926
AUT,77T82,1.0177817101886686,1.0204460364203032,1.0273357934512926
AUT,84,1.026512150732973,1.0211293108104402,1.0273357934512926
AUT,85,1.0261796828619048,1.0210088929304892,1.0273357934512926
AUT,86T88,1.0268168871099717,1.021580091168449,1.0273357934512926
AUT,90T93,1.0236555605774715,1.0215669256855267,1.0273357934512926
AUT,94T98,1.0249348324393626,1.0210403720077041,1.0273357934512926
BEL,01T02,0.9862022094909052,1.0350464491997065,1.0252094261915556
BEL,03,1.0180240440769648,1.022087819045785,1.0252094261915556
BEL,05T06,0.00961369086346619,1.1226115298951342,1.0252094261915556
BEL,07T08,0.9904311739750621,1.0225961760333546,1.0252094261915556
BEL,10T12,1.0300222446629517,1.0391629415974704,1.0252094261915556
BEL,13T15,1.011923306288579,1.0216526764627987,1.0252094261915556
BEL,16,1.0370864756687994,1.0294853063429952,1.0252094261915556
BEL,17T18,1.0188114248058766,1.0238619839531478,1.0252094261915556
BEL,19,1.005910668231563,1.0414619404067396,1.0252094261915556
BEL,20,1.0144153393329085,1.0243485834748998,1.0252094261915556
BEL,21,1.0144637855508134,1.0191528786847497,1.0252094261915556
BEL,22,1.013871082708388,1.0260594628199693,1.0252094261915556
BEL,23,0.9951823842025754,1.0250572810611251,1.0252094261915556
BEL,24,1.1602214465852827,1.0392408200018235,1.0252094261915556
BEL,25,1.0333918073970452,1.0301436984646382,1.0252094261915556
BEL,26,1.0207098518215068,1.022305535672022,1.0252094261915556
BEL,27,1.025120935459194,1.0282629937687753,1.0252094261915556
BEL,28,1.0217505106678628,1.0254684675422094,1.0252094261915556
BEL,29T30,1.0243035692143954,1.0231789251056655,1.0252094261915556
BEL,31T33,1.027022300135775,1.0205514346248667,1.0252094261915556
BEL,35,0.9786891660615687,1.0342448435391658,1.0252094261915556
BEL,36T39,1.0546344128970129,1.022695197969342,1.0252094261915556
BEL,41T43,1.0235269625518808,1.0249856333443244,1.0252094261915556
BEL,45T47,1.0153282237397516,1.0192722691342682,1.0252094261915556
BEL,49,1.009114496630001,1.0211100805184123,1.0252094261915556
BEL,50,1.0012183623361017,1.0197897823067648,1.0252094261915556
BEL,51,1.0013084844254454,1.021739737333259,1.0252094261915556
BEL,52,1.0068647307934846,1.019658192064967,1.0252094261915556
BEL,53,1.0102783024933377,1.0189111529903219,1.0252094261915556
BEL,55T56,1.0208483055975914,1.0244439981367903,1.0252094261915556
BEL,58T60,1.0051856736674056,1.0183343563643203,1.0252094261915556
BEL,61,1.0095145640616778,1.0178628246274688,1.0252094261915556
BEL,62T63,1.006920676375858,1.0175102443204609,1.0252094261915556
BEL,64T66,1.0083355004921064,1.0153834226670484,1.0252094261915556
BEL,68,1.0223863551957788,1.0189726792537384,1.0252094261915556
BEL,69T75,1.010628662849643,1.0183956149296718,1.0252094261915556
BEL,77T82,1.0146709250424324,1.0195500672626223,1.0252094261915556
BEL,84,1.0248522385801124,1.0189782126327545,1.0252094261915556
BEL,85,1.02424536400567,1.0187689735877834,1.0252094261915556
BEL,86T88,1.0249392705781735,1.0197568346808359,1.0252094261915556
BEL,90T93,1.021047769294122,1.0198413826452104,1.0252094261915556
BEL,94T98,1.02293255410964,1.0197838019519956,1.0252094261915556
BGR,01T02,0.8002328554971186,1.0316450798700183,1.0329456002251385
BGR,03,1.0288018501320721,1.013645745975472,1.0329456002251385
BGR,05T06,0.9041859981319788,1.0600903377758544,1.0329456002251385
BGR,07T08,0.9985526088295829,1.0294899641199127,1.0329456002251385
BGR,10T12,1.0283620434754086,1.0427992155140213,1.0329456002251385
BGR,13T15,1.0282722137470854,1.0176521933258067,1.0329456002251385
BGR,16,0.9783276180190239,1.0483505013684917,1.0329456002251385
BGR,17T18,1.008057787536142,1.0271123597267708,1.0329456002251385
BGR,19,1.0009845863300189,1.0361499909553793,1.0329456002251385
BGR,20,0.9627959241182336,1.0411347199485188,1.0329456002251385
BGR,21,0.9405669578693586,1.0435649652019134,1.0329456002251385
BGR,22,1.025564499402807,1.0227142059677001,1.0329456002251385
BGR,23,0.7827785004698382,1.0526006745465686,1.0329456002251385
BGR,24,1.1802752414865743,1.0537228278095057,1.0329456002251385
BGR,25,1.0378379151617791,1.0286736203027549,1.0329456002251385
BGR,26,1.0229752338231966,1.0217976949149115,1.0329456002251385
BGR,27,1.0263096744944722,1.0282784850569509,1.0329456002251385
BGR,28,1.0175890396709715,1.0277788003645867,1.0329456002251385
BGR,29T30,1.0284030240618864,1.0226332705451744,1.0329456002251385
BGR,31T33,1.0439592435473153,1.0165869956115077,1.0329456002251385
BGR,35,0.6950529573176798,1.030820759481497,1.0329456002251385
BGR,36T39,1.0206951300320202,1.0429922721750642,1.0329456002251385
BGR,41T43,1.0270564181263517,1.0292849093872598,1.0329456002251385
BGR,45T47,1.0104057034036107,1.0142440069315157,1.0329456002251385
BGR,49,1.0055195436240625,1.0179028986885394,1.0329456002251385
BGR,50,0.9954816898048806,1.0157775980651147,1.0329456002251385
BGR,51,1.0019468512210619,1.0157667987750816,1.0329456002251385
BGR,52,1.0010825966715056,1.0200801520358302,1.0329456002251385
BGR,53,1.0232344070967552,1.0093753039465663,1.0329456002251385
BGR,55T56,1.0209427808958167,1.0210858711536168,1.0329456002251385
BGR,58T60,1.0316147762024837,1.006401988363728,1.0329456002251385
BGR,61,1.0220119600483641,1.0155079329922,1.0329456002251385
BGR,62T63,1.0202401324509032,1.0063376430185802,1.0329456002251385
BGR,64T66,1.014654105959089,1.0050226185011442,1.0329456002251385
BGR,68,1.0278793899888923,1.010432702259419,1.0329456002251385
BGR,69T75,1.0193782715011042,1.0073091135389172,1.0329456002251385
BGR,77T82,1.0203147995061541,1.0104278695967543,1.0329456002251385
BGR,84,1.03142649651872,1.010337456553737,1.0329456002251385
BGR,85,1.0319364846747165,1.0025082687589166,1.0329456002251385
BGR,86T88,1.0302491837220307,1.0121794343721002,1.0329456002251385
BGR,90T93,1.0270508318150042,1.0104287336254296,1.0329456002251385
BGR,94T98,1.0248452210182308,1.0144804329913382,1.0329456002251385
BRA,01T02,0.46702351601463254,0.9987540680629563,0.9824583948523301
BRA,03,0.9809486857445682,0.9636169776894088,0.9824583948523301
BRA,05T06,0.9067291731945434,0.974246285382979,0.9824583948523301
BRA,07T08,1.0339507339848024,0.9712520313431156,0.9824583948523301
BRA,10T12,0.9398952542062685,1.108609848371564,0.9824583948523301
BRA,13T15,1.0129985473004623,0.98863741141696,0.9824583948523301
BRA,16,1.0162158123702651,1.009784089978139,0.9824583948523301
BRA,17T18,1.0230618336068467,0.9945887309203683,0.9824583948523301
BRA,19,0.9545325088828887,1.0184163826877843,0.9824583948523301
BRA,20,0.884726075458515,1.0199839634962076,0.9824583948523301
BRA,21,1.0083959732266257,0.9693756316531058,0.9824583948523301
BRA,22,1.0011245962849553,0.9926250575908481,0.9824583948523301
BRA,23,0.8257232289967823,0.9876644146383678,0.9824583948523301
BRA,24,0.9306131104949406,0.9980081771060615,0.9824583948523301
BRA,25,1.0038919040944911,0.9968799772138516,0.9824583948523301
BRA,26,1.015613858793415,0.9785738243428149,0.9824583948523301
BRA,27,1.0204178229886445,0.9905550038510073,0.9824583948523301
BRA,28,1.0263886053817217,0.9830622602355691,0.9824583948523301
BRA,29T30,1.0409045762356808,0.9855818522751322,0.9824583948523301
BRA,31T33,1.0036649501069197,0.9796192711645609,0.9824583948523301
BRA,35,0.9198033134940687,0.9822929018989858,0.9824583948523301
BRA,36T39,0.9777457107559655,0.9679762481635664,0.9824583948523301
BRA,41T43,0.9824923475453136,0.9858511618896934,0.9824583948523301
BRA,45T47,0.9871083278115653,0.9660629361715507,0.9824583948523301
BRA,49,0.9738951657245426,0.9737749800719534,0.9824583948523301
BRA,50,1.047403043953341,0.9714717536457915,0.9824583948523301
BRA,51,1.0333087168084214,0.9809708203382042,0.9824583948523301
BRA,52,1.0043205723586401,0.9651470715197634,0.9824583948523301
BRA,53,0.9869254262100345,0.9635071558268843,0.9824583948523301
BRA,55T56,0.9897958869379232,0.9950416030094857,0.9824583948523301
BRA,58T60,1.034453768040745,0.9769264242619384,0.9824583948523301
BRA,61,0.9901361897095565,0.9640388107759414,0.9824583948523301
BRA,62T63,1.021150049836808,0.9618172675047529,0.9824583948523301
BRA,64T66,0.9795464501694475,0.9604254542977079,0.9824583948523301
BRA,68,0.9860667629188244,0.9585425697347916,0.9824583948523301
BRA,69T75,1.0070451516030603,0.9627358289157566,0.9824583948523301
BRA,77T82,0.9956238969944671,0.9642838678601182,0.9824583948523301
BRA,84,0.9830358878297181,0.9619190232150402,0.9824583948523301
BRA,85,0.9832683720943078,0.9608278788127035,0.9824583948523301
BRA,86T88,0.9830766097094648,0.9648952754584312,0.9824583948523301
BRA,90T93,0.9986438392187955,0.965358733025427,0.9824583948523301
BRA,94T98,0.9830880793836,0.9698229437607779,0.9824583948523301
BRN,01T02,0.7570623043612574,0.9958290936300112,0.9797365885369668
BRN,03,1.020944718077524,0.986052922622219,0.9797365885369668
BRN,05T06,0.9218069068710315,0.973899966437429,0.9797365885369668
BRN,07T08,1.1306332424931371,0.9598459345808231,0.9797365885369668
BRN,10T12,1.129587754237275,1.013064851643093,0.9797365885369668
BRN,13T15,1.0482790542249107,1.0083174227325744,0.9797365885369668
BRN,16,1.168192497106462,0.9956447083584704,0.9797365885369668
BRN,17T18,1.028533384223554,0.9984528286994365,0.9797365885369668
BRN,19,0.9624338536854338,0.9958784533546036,0.9797365885369668
BRN,20,1.0596929644254096,1.0070564337504184,0.9797365885369668
BRN,21,0.9953116229648262,1.0103532700170483,0.9797365885369668
BRN,22,1.017489818229298,1.0189720114824685,0.9797365885369668
BRN,23,0.9604169247638357,0.9987450590644487,0.9797365885369668
BRN,24,1.7749462222136285,0.9803253733157755,0.9797365885369668
BRN,25,1.0969031797039863,1.025201617535014,0.9797365885369668
BRN,26,1.001704015335487,1.0055265554588646,0.9797365885369668
BRN,27,1.070376091802094,0.9968002644531448,0.9797365885369668
BRN,28,1.0488297538943065,1.0012067965450526,0.9797365885369668
BRN,29T30,1.0276617435308986,0.9926590310097226,0.9797365885369668
BRN,31T33,1.0057966054466434,1.0184580499406695,0.9797365885369668
BRN,35,0.5281719537670347,0.9918469284910079,0.9797365885369668
BRN,36T39,0.9773698558414723,0.9771954528598583,0.9797365885369668
BRN,41T43,0.9797467092724703,1.0041925167053194,0.9797365885369668
BRN,45T47,0.9891403636284961,0.9858040010686263,0.9797365885369668
BRN,49,1.0435213045188882,0.986248833074246,0.9797365885369668
BRN,50,0.9897598598320817,0.9827281180526529,0.9797365885369668
BRN,51,1.0315071000658258,0.9755849054795893,0.9797365885369668
BRN,52,1.061127890127267,0.9836549005366982,0.9797365885369668
BRN,53,1.0182578908009825,0.9901955533065728,0.9797365885369668
BRN,55T56,1.0094970622635415,1.0105215804943388,0.9797365885369668
BRN,58T60,1.0481575245581245,0.9760335519643218,0.9797365885369668
BRN,61,0.9750985128381646,0.9882134947449138,0.9797365885369668
BRN,62T63,1.0304544866429357,0.9826435636520896,0.9797365885369668
BRN,64T66,0.9939832334455739,0.9686551647462247,0.9797365885369668
BRN,68,1.0019110323348666,0.9645995837864397,0.9797365885369668
BRN,69T75,0.9963038776401748,0.980278742098408,0.9797365885369668
BRN,77T82,1.0063013464765036,0.9863936401500594,0.9797365885369668
BRN,84,0.9803155028941745,0.9861240394134203,0.9797365885369668
BRN,85,0.981302535020135,0.9807811894956113,0.9797365885369668
BRN,86T88,0.9796908379116903,0.9890593403855967,0.9797365885369668
BRN,90T93,0.9770903595693228,1.029160185111646,0.9797365885369668
BRN,94T98,1.0222325847031517,0.9757264366985484,0.9797365885369668
CAN,01T02,0.7312134585266838,1.0456154490082268,1.012826678655895
CAN,03,0.9897139306649697,1.017645606585143,1.012826678655895
CAN,05T06,0.8799806148056364,1.0157498946960286,1.012826678655895
CAN,07T08,1.034700931991525,1.01379092859296,1.012826678655895
CAN,10T12,0.9867172345442444,1.062112229866293,1.012826678655895
CAN,13T15,1.0524418047445265,1.0102412634395619,1.012826678655895
CAN,16,0.9432246851908813,1.072352558326028,1.012826678655895
CAN,17T18,1.0098377831534233,1.0249812566632739,1.012826678655895
CAN,19,0.9881032555193409,1.052359889199231,1.012826678655895
CAN,20,1.001094327142177,1.020425794020702,1.012826678655895
CAN,21,1.033034129101548,1.009778077381745,1.012826678655895
CAN,22,1.027024108748151,1.0159216981417871,1.012826678655895
CAN,23,0.975494447282972,1.0263919868238252,1.012826678655895
CAN,24,1.0900775128566942,1.0315785492677056,1.012826678655895
CAN,25,1.0552851775860275,1.021631957075713,1.012826678655895
CAN,26,1.029743712451417,1.0101836107144524,1.012826678655895
CAN,27,1.0379617995142456,1.0211436119729282,1.012826678655895
CAN,28,1.025697762265925,1.0159311431831426,1.012826678655895
CAN,29T30,1.0321901741303707,1.0169011932456158,1.012826678655895
CAN,31T33,1.0313346954751927,1.01324789082977,1.012826678655895
CAN,35,0.9332274623844019,1.0073496608464159,1.012826678655895
CAN,36T39,1.0086241867877863,1.0065005431814056,1.012826678655895
CAN,41T43,1.0108166550882494,1.017759543806545,1.012826678655895
CAN,45T47,1.015184254352645,1.0048979638173947,1.012826678655895
CAN,49,1.0010720306378003,1.0087623833983579,1.012826678655895
CAN,50,1.0057208526935462,1.0102075728830435,1.012826678655895
CAN,51,1.018543432897732,1.0108871280987215,1.012826678655895
CAN,52,1.009065365463434,1.0073567160344288,1.012826678655895
CAN,53,1.0181187132368306,1.0070603575660593,1.012826678655895
CAN,55T56,1.0143323132745943,1.0185952679579038,1.012826678655895
CAN,58T60,1.0215906731595925,1.0068656395707225,1.012826678655895
CAN,61,1.0122148587924118,1.0051081136184967,1.012826678655895
CAN,62T63,1.0134360622571401,1.0039326329678833,1.012826678655895
CAN,64T66,1.0087900914423837,1.0041102036242842,1.012826678655895
CAN,68,1.0130501962796334,1.0035203210053758,1.012826678655895
CAN,69T75,1.0058673104975928,1.004668417617181,1.012826678655895
CAN,77T82,1.0097766170664462,1.0054287971518994,1.012826678655895
CAN,84,1.0126808194523753,1.005934840680069,1.012826678655895
CAN,85,1.0143333255064362,1.0043931533833712,1.012826678655895
CAN,86T88,1.012880340241843,1.0052256245118305,1.012826678655895
CAN,90T93,1.0147365925560703,1.0078208243856268,1.012826678655895
CAN,94T98,1.0118621397949952,1.0071293619774369,1.012826678655895
CHE,01T02,1.0704869088035314,1.0327227981074851,1.0256382310172738
CHE,03,1.0085482417088127,1.0161484888019494,1.0256382310172738
CHE,05T06,0.9771312388887693,1.0276688910370653,1.0256382310172738
CHE,07T08,1.035489714893685,1.0254703049517895,1.0256382310172738
CHE,10T12,1.039730201012477,1.034402196428435,1.0256382310172738
CHE,13T15,1.0183673553310062,1.021218125141817,1.0256382310172738
CHE,16,1.0434619135118433,1.0247612475564751,1.0256382310172738
CHE,17T18,1.0202694088547086,1.0228055107100746,1.0256382310172738
CHE,19,1.0260287786277822,1.0328401410914172,1.0256382310172738
CHE,20,1.0094100178546488,1.0249603244557088,1.0256382310172738
CHE,21,1.0083351635041913,1.0210052507879352,1.0256382310172738
CHE,22,1.0207818896723566,1.0237357637988265,1.0256382310172738
CHE,23,1.0284770055278671,1.0308132688522218,1.0256382310172738
CHE,24,1.3193356847138857,1.034872848588682,1.0256382310172738
CHE,25,1.048000923148848,1.0255838829388126,1.0256382310172738
CHE,26,1.0194988199547492,1.0223697164352954,1.0256382310172738
CHE,27,1.0322079076385058,1.0257515414971015,1.0256382310172738
CHE,28,1.0243541923830504,1.023970296169068,1.0256382310172738
CHE,29T30,1.0219392325036603,1.0227008330991938,1.0256382310172738
CHE,31T33,1.0161443711038756,1.0232017986922386,1.0256382310172738
CHE,35,1.0712548811691267,1.0266199483825011,1.0256382310172738
CHE,36T39,1.031305607378318,1.0234890143042743,1.0256382310172738
CHE,41T43,1.025551452909188,1.025455543021698,1.0256382310172738
CHE,45T47,1.0142924938470743,1.0214544890900956,1.0256382310172738
CHE,49,1.0146765101421937,1.0221750217875782,1.0256382310172738
CHE,50,1.008797525961325,1.0221166298847018,1.0256382310172738
CHE,51,1.0065175289936827,1.021873744671385,1.0256382310172738
CHE,52,1.00759282515776,1.0218293733523471,1.0256382310172738
CHE,53,1.013873437922036,1.0208269196863076,1.0256382310172738
CHE,55T56,1.0204381366686888,1.0249206377572517,1.0256382310172738
CHE,58T60,1.000524372523648,1.020024882915771,1.0256382310172738
CHE,61,1.016003654266425,1.0204554815250189,1.0256382310172738
CHE,62T63,1.001028403245162,1.0183104208771572,1.0256382310172738
CHE,64T66,1.0078610352099413,1.0198751015001741,1.0256382310172738
CHE,68,1.0232022985663536,1.020521940033213,1.0256382310172738
CHE,69T75,1.0148823822499864,1.020425647673325,1.0256382310172738
CHE,77T82,1.017986873742183,1.0205978738325374,1.0256382310172738
CHE,84,1.023440894986694,1.0212547674047492,1.0256382310172738
CHE,85,1.0211858505521632,1.0212316629441776,1.0256382310172738
CHE,86T88,1.0251548786595481,1.0210025107600287,1.0256382310172738
CHE,90T93,1.018336539708884,1.0211094436320804,1.0256382310172738
CHE,94T98,1.0230076345749717,1.020837695648026,1.0256382310172738
CHL,01T02,1.0378478404766067,1.0484620642330718,1.0494647202849354
CHL,03,1.0366817914177417,1.0422511300141781,1.0494647202849354
CHL,05T06,0.6355248869974137,1.0411666943647915,1.0494647202849354
CHL,07T08,0.9595620296397592,1.047118039842753,1.0494647202849354
CHL,10T12,1.0421437147668573,1.0514512304375423,1.0494647202849354
CHL,13T15,0.9802693630686409,1.0391247040331102,1.0494647202849354
CHL,16,0.989324825865223,1.0564707526621635,1.0494647202849354
CHL,17T18,0.9603529316273899,1.0566219593504211,1.0494647202849354
CHL,19,0.9926776189227761,1.074713999582927,1.0494647202849354
CHL,20,0.9836017813764422,1.0472569730580812,1.0494647202849354
CHL,21,1.0064783255245502,1.0390487474598633,1.0494647202849354
CHL,22,0.9971696106635244,1.0423207822182998,1.0494647202849354
CHL,23,0.9737802402243647,1.0630683346720278,1.0494647202849354
CHL,24,1.2696200842774703,1.0532175950726619,1.0494647202849354
CHL,25,1.0265629964612752,1.0507491456418225,1.0494647202849354
CHL,26,1.0288424703724572,1.0415146041486232,1.0494647202849354
CHL,27,1.0086282925236139,1.046377320006613,1.0494647202849354
CHL,28,1.0101353142959137,1.0459215104264084,1.0494647202849354
CHL,29T30,1.0037243969813894,1.0412201349099364,1.0494647202849354
CHL,31T33,1.0066764049702812,1.0423803179138689,1.0494647202849354
CHL,35,0.8983970748380974,1.1020391854205398,1.0494647202849354
CHL,36T39,1.0427404454919682,1.0445977357486724,1.0494647202849354
CHL,41T43,1.0467504073301732,1.0460054683314899,1.0494647202849354
CHL,45T47,1.0169647543107794,1.0396211342861403,1.0494647202849354
CHL,49,1.0158253338785002,1.041875998642919,1.0494647202849354
CHL,50,0.9686232107741849,1.0396256981746415,1.0494647202849354
CHL,51,0.9941416633883662,1.0395277855212386,1.0494647202849354
CHL,52,1.006320531874046,1.0401266161726574,1.0494647202849354
CHL,53,1.0179464803503955,1.03736558903474,1.0494647202849354
CHL,55T56,1.035246144554482,1.0444462501477323,1.0494647202849354
CHL,58T60,1.014371785388407,1.0392188891604868,1.0494647202849354
CHL,61,1.0390573641697187,1.04037731671012,1.0494647202849354
CHL,62T63,1.0151944878701966,1.0367838767999638,1.0494647202849354
CHL,64T66,1.0299512891827065,1.0369441030848667,1.0494647202849354
CHL,68,1.0402098342997852,1.0383669140087413,1.0494647202849354
CHL,69T75,1.0335453731685593,1.0375230623400509,1.0494647202849354
CHL,77T82,1.024020754159113,1.0374105847815545,1.0494647202849354
CHL,84,1.0473731379064932,1.0392509529848624,1.0494647202849354
CHL,85,1.0484353218946514,1.0392820739284119,1.0494647202849354
CHL,86T88,1.0483592555523442,1.0390723501362384,1.0494647202849354
CHL,90T93,1.039145375103288,1.0380644423805316,1.0494647202849354
CHL,94T98,1.0391273583811784,1.0380671841890483,1.0494647202849354
CHN,01T02,0.9797172123423864,1.0271161674963476,1.03086219178421
CHN,03,1.0206484709026777,1.016205760471368,1.03086219178421
CHN,05T06,0.8291553952183438,1.0466736421515654,1.03086219178421
CHN,07T08,0.8856477244285711,1.0550989492047864,1.03086219178421
CHN,10T12,1.0171815732623437,1.0401189934868318,1.03086219178421
CHN,13T15,0.9998439589278466,1.0274441495494895,1.03086219178421
CHN,16,1.003693244286809,1.0398758645702169,1.03086219178421
CHN,17T18,1.003669595287364,1.0317226604058707,1.03086219178421
CHN,19,0.9610653232742118,1.0441936067606499,1.03086219178421
CHN,20,0.9754938872463982,1.0404483634405384,1.03086219178421
CHN,21,1.020168229426662,1.0235974819737903,1.03086219178421
CHN,22,0.9967107516793955,1.0312379223494852,1.03086219178421
CHN,23,0.8994343246899786,1.061398700616058,1.03086219178421
CHN,24,0.8599301563728449,1.074873837743955,1.03086219178421
CHN,25,0.9826703255996482,1.0673754659278905,1.03086219178421
CHN,26,1.0079576975018136,1.0277061442760287,1.03086219178421
CHN,27,0.9839347463143278,1.0534354363699376,1.03086219178421
CHN,28,0.9956885730770856,1.0469824849212002,1.03086219178421
CHN,29T30,1.0164015407175204,1.0324538812009214,1.03086219178421
CHN,31T33,1.0004700748766784,1.0290876545813379,1.03086219178421
CHN,35,0.6922210416009271,1.1076850946006178,1.03086219178421
CHN,36T39,0.9640870227847679,1.0351289886324013,1.03086219178421
CHN,41T43,1.0304597944179699,1.0613557534011615,1.03086219178421
CHN,45T47,1.0083435318722407,1.00044269522861,1.03086219178421
CHN,49,0.9877290545338455,1.019665815408195,1.03086219178421
CHN,50,0.9914524839641484,1.0143246397092833,1.03086219178421
CHN,51,1.0063814520584,1.012096611423245,1.03086219178421
CHN,52,0.9913033387567973,1.0136415884060028,1.03086219178421
CHN,53,0.99529546338802,1.0082102459394362,1.03086219178421
CHN,55T56,1.0149421182452554,1.0201253741590548,1.03086219178421
CHN,58T60,1.0245410268945427,1.0081996547908985,1.03086219178421
CHN,61,1.0189900506052385,1.0138135974916431,1.03086219178421
CHN,62T63,1.0261182003136888,0.9980724298457211,1.03086219178421
CHN,64T66,0.9959548544075711,0.9923411375046796,1.03086219178421
CHN,68,1.0261497816837004,0.9936412718367793,1.03086219178421
CHN,69T75,1.0080927324424214,1.0088845325947604,1.03086219178421
CHN,77T82,1.0048286563148336,1.0083639495349503,1.03086219178421
CHN,84,1.0304566614228936,0.9986050828494354,1.03086219178421
CHN,85,1.0313481513783036,0.9975095494677049,1.03086219178421
CHN,86T88,1.030028116455362,1.0012830588299806,1.03086219178421
CHN,90T93,1.027250293284546,1.0003780816752763,1.03086219178421
CHN,94T98,1.0243379454156012,1.0024906744370707,1.03086219178421
COL,01T02,0.6731034861505779,1.0112756356604495,1.0087710548133584
COL,03,1.006185307816189,1.03256613136171,1.0087710548133584
COL,05T06,0.9376357661808957,0.9990147932623336,1.0087710548133584
COL,07T08,1.0564816970166664,0.9928074211630838,1.0087710548133584
COL,10T12,0.9670948110600239,1.0927857874296143,1.0087710548133584
COL,13T15,1.0424612419966302,0.9989800174582579,1.0087710548133584
COL,16,0.9816289761264351,1.046378751114476,1.0087710548133584
COL,17T18,1.0176919395958006,1.0002548361955947,1.0087710548133584
COL,19,1.0124894355258514,1.012230490219752,1.0087710548133584
COL,20,1.0065360411848179,1.003038035938035,1.0087710548133584
COL,21,1.038908538033891,0.9945859051584006,1.0087710548133584
COL,22,1.0275259588866792,1.004124169435998,1.0087710548133584
COL,23,0.9535004306707839,1.0033591894349023,1.0087710548133584
COL,24,1.1326760842595185,1.008249977705452,1.0087710548133584
COL,25,1.0454427977669996,1.006731631927476,1.0087710548133584
COL,26,1.034056694517296,1.0034218361693283,1.0087710548133584
COL,27,1.0454147734028303,1.0075275821151097,1.0087710548133584
COL,28,1.033263759438594,1.0071639200386642,1.0087710548133584
COL,29T30,1.0479505200329713,1.0009426806211368,1.0087710548133584
COL,31T33,1.0155795430050507,0.9989312896821355,1.0087710548133584
COL,35,0.9388509257104243,1.0118425566295497,1.0087710548133584
COL,36T39,1.008594611795245,0.9918810500842896,1.0087710548133584
COL,41T43,1.0077360526053492,1.0051020191532674,1.0087710548133584
COL,45T47,1.0060976697844082,0.987692375514451,1.0087710548133584
COL,49,1.0007655293689983,0.9919319667888962,1.0087710548133584
COL,50,1.0232426061666442,0.9923542097408444,1.0087710548133584
COL,51,1.0378096049507795,0.9949895866887976,1.0087710548133584
COL,52,1.0111028075735702,0.9859004299718291,1.0087710548133584
COL,53,1.016734292739832,0.9887241170925938,1.0087710548133584
COL,55T56,1.009279644044791,1.0190418268742363,1.0087710548133584
COL,58T60,1.033791717274911,0.9888088253473697,1.0087710548133584
COL,61,1.0113349251153558,0.9851543287803829,1.0087710548133584
COL,62T63,1.0206504411797863,0.9844213943225604,1.0087710548133584
COL,64T66,1.0129269037293684,0.9854968594675305,1.0087710548133584
COL,68,1.0100960962597298,0.982229970128518,1.0087710548133584
COL,69T75,1.0120482867882579,0.9847416159910339,1.0087710548133584
COL,77T82,1.0085664125009373,0.9838634342684738,1.0087710548133584
COL,84,1.0090402869993755,0.9878543594002712,1.0087710548133584
COL,85,1.0096480560656467,0.9852737019841004,1.0087710548133584
COL,86T88,1.0085637765442044,0.9880857544924673,1.0087710548133584
COL,90T93,1.01243157891754,0.9868769620457569,1.0087710548133584
COL,94T98,1.009911799210925,0.9866933196053002,1.0087710548133584
CRI,01T02,1.0433532611919378,1.0286570455114674,1.0268701305379795
CRI,03,1.0248446026417468,1.0284802071043846,1.0268701305379795
CRI,05T06,1.0379103514285353,1.0250196061956438,1.0268701305379795
CRI,07T08,1.0133028911249826,1.0239672661738062,1.0268701305379795
CRI,10T12,1.0376273059430388,1.0419747157384804,1.0268701305379795
CRI,13T15,1.0033077669088157,1.0208202556996662,1.0268701305379795
CRI,16,1.0257099188867504,1.0351157522561152,1.0268701305379795
CRI,17T18,1.0098985946851697,1.021596424091881,1.0268701305379795
CRI,19,1.0575015465776685,1.021686272990017,1.0268701305379795
CRI,20,1.0194133548521034,1.022660674542748,1.0268701305379795
CRI,21,0.9720875759193724,1.021893607659738,1.0268701305379795
CRI,22,1.009887338852353,1.024182332715651,1.0268701305379795
CRI,23,0.9621156935356868,1.0310400720499773,1.0268701305379795
CRI,24,1.1858411302505807,1.0456342772966656,1.0268701305379795
CRI,25,1.0249051095560486,1.0313127105717261,1.0268701305379795
CRI,26,1.018358555727717,1.0217834005834965,1.0268701305379795
CRI,27,1.0265739807618854,1.0283108889052024,1.0268701305379795
CRI,28,1.015395409857583,1.0282899234955423,1.0268701305379795
CRI,29T30,1.0223673180477446,1.0273010661580444,1.0268701305379795
CRI,31T33,1.0161607772846448,1.022985319948198,1.0268701305379795
CRI,35,1.0364779550028467,1.021970294144546,1.0268701305379795
CRI,36T39,1.0298904641706716,1.0221272326588533,1.0268701305379795
CRI,41T43,1.0253926674185556,1.0337082992883844,1.0268701305379795
CRI,45T47,1.011125150284605,1.021749321008819,1.0268701305379795
CRI,49,1.0098133969649645,1.0228296021272492,1.0268701305379795
CRI,50,0.9985817148377955,1.022841860164124,1.0268701305379795
CRI,51,0.9989701557166354,1.0240752602745768,1.0268701305379795
CRI,52,1.0099213146899082,1.022632236880393,1.0268701305379795
CRI,53,1.0192035964701716,1.0210196354323695,1.0268701305379795
CRI,55T56,1.0168112136615757,1.027650940416825,1.0268701305379795
CRI,58T60,1.010299402283953,1.0217233719198529,1.0268701305379795
CRI,61,1.0156811866618023,1.0214885730008667,1.0268701305379795
CRI,62T63,1.0069697984512036,1.021163244311986,1.0268701305379795
CRI,64T66,1.0176783627173915,1.0209681528585703,1.0268701305379795
CRI,68,1.0242848511561573,1.022536720481473,1.0268701305379795
CRI,69T75,1.0129978520689042,1.0214317774137196,1.0268701305379795
CRI,77T82,1.0155924337720412,1.0214763725144247,1.0268701305379795
CRI,84,1.0265627495853948,1.021577658230294,1.0268701305379795
CRI,85,1.0256206345308652,1.0223456987304056,1.0268701305379795
CRI,86T88,1.0260577036899876,1.0218206576663729,1.0268701305379795
CRI,90T93,1.0155225816039473,1.0219949323302797,1.0268701305379795
CRI,94T98,1.023436507334297,1.02227742181868,1.0268701305379795
CYP,01T02,1.0703248717368623,1.0220255172304373,1.0162455154905747
CYP,03,1.0205206711437438,1.013539329644416,1.0162455154905747
CYP,05T06,0.9013066064852727,1.032678073154351,1.0162455154905747
CYP,07T08,0.9578799203776086,1.0429877362372055,1.0162455154905747
CYP,10T12,1.036619655165646,1.0323106928578278,1.0162455154905747
CYP,13T15,1.0385973228603416,1.0143337978662306,1.0162455154905747
CYP,16,1.0402227280568521,1.01820172285922,1.0162455154905747
CYP,17T18,1.0181477385786206,1.0165531740429625,1.0162455154905747
CYP,19,0.959788341236956,1.0091168685125333,1.0162455154905747
CYP,20,1.0240864027965746,1.0198864289156524,1.0162455154905747
CYP,21,1.0192367574173145,1.0162717511912576,1.0162455154905747
CYP,22,0.9965911657412402,1.0295682705570741,1.0162455154905747
CYP,23,0.6826797160993976,1.0783966891509815,1.0162455154905747
CYP,24,1.1999210634131854,1.035985673721893,1.0162455154905747
CYP,25,1.0161774222283704,1.0321935402434914,1.0162455154905747
CYP,26,0.9966791147483793,1.0387435166504744,1.0162455154905747
CYP,27,1.0467622102589877,1.0182677184772053,1.0162455154905747
CYP,28,1.033304019114576,1.0185156686339407,1.0162455154905747
CYP,29T30,1.0285789107775027,1.0187297809103275,1.0162455154905747
CYP,31T33,1.0038538946347644,1.018037764823467,1.0162455154905747
CYP,35,0.778788663312492,1.0191233052793784,1.0162455154905747
CYP,36T39,1.0118122805066483,1.032786819751151,1.0162455154905747
CYP,41T43,1.0098347183839431,1.0293737017868592,1.0162455154905747
CYP,45T47,1.0069248716746568,1.0142836287891335,1.0162455154905747
CYP,49,1.006646304192816,1.011758549466172,1.0162455154905747
CYP,50,1.0062394284512888,1.0080031414296406,1.0162455154905747
CYP,51,0.9814066767117978,1.0164624096781831,1.0162455154905747
CYP,52,1.0013270140655206,1.0115239514449113,1.0162455154905747
CYP,53,1.009815262162189,1.0121860185700302,1.0162455154905747
CYP,55T56,1.0113978805421913,1.0204190235874124,1.0162455154905747
CYP,58T60,1.0047466437131456,1.0110194184469925,1.0162455154905747
CYP,61,1.005307342387922,1.0125084713212538,1.0162455154905747
CYP,62T63,0.9892492497809974,1.0079218299049946,1.0162455154905747
CYP,64T66,0.9974787533886365,1.0072835528649224,1.0162455154905747
CYP,68,1.0128449216571183,1.0074078277503595,1.0162455154905747
CYP,69T75,0.9988363077545653,1.0074868655043214,1.0162455154905747
CYP,77T82,1.0041112847303677,1.008395779606041,1.0162455154905747
CYP,84,1.0156858933863806,1.0106749045643986,1.0162455154905747
CYP,85,1.0153273879084772,1.0074439454912332,1.0162455154905747
CYP,86T88,1.0147120342120275,1.0123462610129605,1.0162455154905747
CYP,90T93,1.0129080765567233,1.0126414420856955,1.0162455154905747
CYP,94T98,1.0133447510735165,1.010355555768395,1.0162455154905747
CZE,01T02,1.008585399918733,1.0288748425785645,1.0316702404219316
CZE,03,0.9756666414184146,1.0464108941813335,1.0316702404219316
CZE,05T06,0.7944841358470471,1.0268531455234575,1.0316702404219316
CZE,07T08,0.975136196980505,1.0293761542904916,1.0316702404219316
CZE,10T12,1.0275671519771337,1.041265455283371,1.0316702404219316
CZE,13T15,0.9902636482898237,1.0275338324205516,1.0316702404219316
CZE,16,1.0064817690476597,1.0380622388414167,1.0316702404219316
CZE,17T18,1.0036957433040155,1.0291040593639973,1.0316702404219316
CZE,19,0.9717081679078038,1.061147181712602,1.0316702404219316
CZE,20,0.9896290099002704,1.033837487624016,1.0316702404219316
CZE,21,1.0162722843868033,1.0205089648889694,1.0316702404219316
CZE,22,1.0224319490940763,1.0224690354725607,1.0316702404219316
CZE,23,0.9262241870910284,1.045840922826965,1.0316702404219316
CZE,24,0.9549467531663357,1.0472626147926392,1.0316702404219316
CZE,25,1.0210927821865599,1.031164187687859,1.0316702404219316
CZE,26,1.0132695202545356,1.0280520912500974,1.0316702404219316
CZE,27,1.0166095580255576,1.0308837177326802,1.0316702404219316
CZE,28,1.0077756346223137,1.032201318467105,1.0316702404219316
CZE,29T30,1.0214778927099017,1.024219054199541,1.0316702404219316
CZE,31T33,1.0119829089036292,1.023042025302055,1.0316702404219316
CZE,35,0.788398503341792,1.064348637506344,1.0316702404219316
CZE,36T39,1.000910741824155,1.0248360129256429,1.0316702404219316
CZE,41T43,1.0244703358546765,1.023835744608768,1.0316702404219316
CZE,45T47,1.0123951779923048,1.0171456119461366,1.0316702404219316
CZE,49,1.0050775465428556,1.0187968148576605,1.0316702404219316
CZE,50,1.0045615254681113,1.0206850616189318,1.0316702404219316
CZE,51,1.0028335879060288,1.0195027290711045,1.0316702404219316
CZE,52,1.004764035085791,1.0184339121430976,1.0316702404219316
CZE,53,1.0125653846152485,1.014060874264782,1.0316702404219316
CZE,55T56,1.0237198400113505,1.0227729231326013,1.0316702404219316
CZE,58T60,1.0181265192724775,1.0151644423163388,1.0316702404219316
CZE,61,1.0187425907521552,1.015102703428245,1.0316702404219316
CZE,62T63,1.0174104857749906,1.0117406687852621,1.0316702404219316
CZE,64T66,1.0144084163782434,1.0129359167510692,1.0316702404219316
CZE,68,1.0253582822235556,1.0217502748323604,1.0316702404219316
CZE,69T75,1.014059398012247,1.016349919181794,1.0316702404219316
CZE,77T82,1.0150412006246388,1.0170159259186746,1.0316702404219316
CZE,84,1.0291671590319564,1.0168943208260939,1.0316702404219316
CZE,85,1.0296193826912494,1.0163843320879007,1.0316702404219316
CZE,86T88,1.0308965140766881,1.0180246579355807,1.0316702404219316
CZE,90T93,1.0270129500453165,1.019419624407614,1.0316702404219316
CZE,94T98,1.0256222090511324,1.0170179392412517,1.0316702404219316
DEU,01T02,0.9671884571283286,1.0292371002222864,1.0274952560136184
DEU,03,1.0167212230605582,1.0206476395739772,1.0274952560136184
DEU,05T06,0.8785911542947483,1.0331532295659211,1.0274952560136184
DEU,07T08,1.0042640008157995,1.021167526019424,1.0274952560136184
DEU,10T12,1.0294303134259775,1.039918040666099,1.0274952560136184
DEU,13T15,1.008108354480303,1.0230513680613524,1.0274952560136184
DEU,16,1.0165603109889574,1.037471831205221,1.0274952560136184
DEU,17T18,1.0169716467965304,1.0257348923447938,1.0274952560136184
DEU,19,1.0083063561583092,1.039775317969812,1.0274952560136184
DEU,20,1.0091011061488644,1.025399437714558,1.0274952560136184
DEU,21,1.0114187856115149,1.0207578361550538,1.0274952560136184
DEU,22,1.020062297881945,1.0243815439863084,1.0274952560136184
DEU,23,1.0138077147630922,1.0309358781821178,1.0274952560136184
DEU,24,0.9915383882923768,1.0477620125848603,1.0274952560136184
DEU,25,1.034753236537013,1.0291810856271388,1.0274952560136184
DEU,26,1.020522863013368,1.021921893482287,1.0274952560136184
DEU,27,1.0323386899252847,1.024855722468995,1.0274952560136184
DEU,28,1.0234332468937242,1.0243951746107562,1.0274952560136184
DEU,29T30,1.023417035756764,1.0238916809735081,1.0274952560136184
DEU,31T33,1.015077502777994,1.023978832249943,1.0274952560136184
DEU,35,0.912823468971138,1.0428179704816756,1.0274952560136184
DEU,36T39,1.0193633250295062,1.021836508886896,1.0274952560136184
DEU,41T43,1.023584102416379,1.025113732301751,1.0274952560136184
DEU,45T47,1.0130665654874933,1.0205962079169848,1.0274952560136184
DEU,49,1.0079075914596165,1.0226271554680597,1.0274952560136184
DEU,50,0.9898137355868619,1.020328470350676,1.0274952560136184
DEU,51,0.995301936231821,1.0213072337015938,1.0274952560136184
DEU,52,1.0095560268830754,1.0205415255703607,1.0274952560136184
DEU,53,1.0143018258645478,1.020510039128516,1.0274952560136184
DEU,55T56,1.0215771686828268,1.0248677552642302,1.0274952560136184
DEU,58T60,1.0140066740397278,1.0191825888576078,1.0274952560136184
DEU,61,1.0187083954725555,1.0202388721738433,1.0274952560136184
DEU,62T63,1.0100135195579831,1.0172299002324239,1.0274952560136184
DEU,64T66,1.016386039475427,1.0184063491656665,1.0274952560136184
DEU,68,1.0232926180088235,1.018691795380213,1.0274952560136184
DEU,69T75,1.0144729597973074,1.0188256647927545,1.0274952560136184
DEU,77T82,1.0160552149217712,1.019525912591759,1.0274952560136184
DEU,84,1.022827211174183,1.0198443895957474,1.0274952560136184
DEU,85,1.0264278805826363,1.0182680057006364,1.0274952560136184
DEU,86T88,1.0272654541265887,1.0200381088249006,1.0274952560136184
DEU,90T93,1.0241676165551317,1.0196781782896316,1.0274952560136184
DEU,94T98,1.0253113582871054,1.0195695794595436,1.0274952560136184
DNK,01T02,0.9646365545821854,1.033229311818897,1.0218997752824057
DNK,03,1.0171720375499362,1.0209144274171877,1.0218997752824057
DNK,05T06,0.9569936845435325,1.0210580037082286,1.0218997752824057
DNK,07T08,0.9909236189392865,1.026627731034766,1.0218997752824057
DNK,10T12,1.036269408749561,1.0353206881855066,1.0218997752824057
DNK,13T15,1.0205825110970692,1.0191154137722571,1.0218997752824057
DNK,16,1.0511703713384077,1.0291329934114477,1.0218997752824057
DNK,17T18,1.0361645347264528,1.019775455640753,1.0218997752824057
DNK,19,0.9975467673797982,1.0395308562764927,1.0218997752824057
DNK,20,1.0229037263369183,1.0198061245260601,1.0218997752824057
DNK,21,1.0161679422394756,1.0171252632599554,1.0218997752824057
DNK,22,1.026693975867379,1.020989799739874,1.0218997752824057
DNK,23,0.9900347660744747,1.0269931424335772,1.0218997752824057
DNK,24,1.228676437829555,1.0346956978525732,1.0218997752824057
DNK,25,1.0395693476191488,1.025849666088335,1.0218997752824057
DNK,26,1.0213874540760763,1.0191398885842418,1.0218997752824057
DNK,27,1.0395916764959512,1.0208656888907788,1.0218997752824057
DNK,28,1.0246345002079558,1.0217340985149834,1.0218997752824057
DNK,29T30,1.0233758425648078,1.0229273352638117,1.0218997752824057
DNK,31T33,1.0240448179745592,1.0197474198527396,1.0218997752824057
DNK,35,0.9408258206333717,1.0263594579098012,1.0218997752824057
DNK,36T39,1.0191047398774487,1.0182367972719568,1.0218997752824057
DNK,41T43,1.0196624523333198,1.0228393413395436,1.0218997752824057
DNK,45T47,1.0148116111155179,1.0170078273425212,1.0218997752824057
DNK,49,1.0138465331124142,1.017903695343252,1.0218997752824057
DNK,50,0.9972782679010735,1.0169135104442424,1.0218997752824057
DNK,51,1.003277524894327,1.0182490173010292,1.0218997752824057
DNK,52,1.0051007854364569,1.017091294200746,1.0218997752824057
DNK,53,1.012919521864579,1.0170913400866881,1.0218997752824057
DNK,55T56,1.0198299786091167,1.0227815453849227,1.0218997752824057
DNK,58T60,1.0128614522484771,1.0168052481272905,1.0218997752824057
DNK,61,1.0142828864605529,1.0169940963409418,1.0218997752824057
DNK,62T63,1.0102122251424837,1.0165429997587718,1.0218997752824057
DNK,64T66,1.013748819259592,1.0163949062362894,1.0218997752824057
DNK,68,1.0202030427930264,1.017153073253319,1.0218997752824057
DNK,69T75,1.0137314559615727,1.0167497619461634,1.0218997752824057
DNK,77T82,1.0145569750241643,1.0173843544394319,1.0218997752824057
DNK,84,1.021315523249277,1.017119209715424,1.0218997752824057
DNK,85,1.021497071453406,1.0171703546809572,1.0218997752824057
DNK,86T88,1.021733181838344,1.017433590265735,1.0218997752824057
DNK,90T93,1.0204310444510882,1.0179242525350998,1.0218997752824057
DNK,94T98,1.0195182077356577,1.0171002712994945,1.0218997752824057
ESP,01T02,1.055038976841761,1.0283327085164344,1.0290895942344356
ESP,03,1.0189264358047665,1.0246896900721159,1.0290895942344356
ESP,05T06,0.5858752782628325,1.0231190776064611,1.0290895942344356
ESP,07T08,0.9762053455610791,1.0306561366728904,1.0290895942344356
ESP,10T12,1.0291616275599749,1.0435776193563762,1.0290895942344356
ESP,13T15,1.0048363699014704,1.0244969527968748,1.0290895942344356
ESP,16,1.0332179030072421,1.0284206232138566,1.0290895942344356
ESP,17T18,1.0138375827613826,1.0278768251305075,1.0290895942344356
ESP,19,0.9891862708679915,1.0565123725742451,1.0290895942344356
ESP,20,1.0000395433518254,1.0301649284378571,1.0290895942344356
ESP,21,0.999679330285692,1.0253261983564654,1.0290895942344356
ESP,22,1.0099432974403462,1.0275889196938528,1.0290895942344356
ESP,23,0.96416377707801,1.0367528805638766,1.0290895942344356
ESP,24,1.0973003887269421,1.0380659577874458,1.0290895942344356
ESP,25,1.021676535223108,1.035073459723111,1.0290895942344356
ESP,26,1.0186754980951984,1.0242449433136036,1.0290895942344356
ESP,27,1.0215626987848154,1.030785910363247,1.0290895942344356
ESP,28,1.0149734810359978,1.0291834679705594,1.0290895942344356
ESP,29T30,1.0151443613392308,1.027681556741921,1.0290895942344356
ESP,31T33,1.0174046142812518,1.024597827066202,1.0290895942344356
ESP,35,0.9536730657096323,1.0389687594809893,1.0290895942344356
ESP,36T39,1.0319563719168008,1.0247348827868923,1.0290895942344356
ESP,41T43,1.026225788584672,1.0272647835568691,1.0290895942344356
ESP,45T47,1.0149311721779264,1.0227875564297921,1.0290895942344356
ESP,49,1.0039241467323852,1.0267919117060427,1.0290895942344356
ESP,50,1.0019144703085083,1.0244500142830983,1.0290895942344356
ESP,51,0.9925045576812458,1.028942972676808,1.0290895942344356
ESP,52,1.0078366341407523,1.0253518756402449,1.0290895942344356
ESP,53,1.0142869964231382,1.0221642500002937,1.0290895942344356
ESP,55T56,1.0228569747738994,1.0260996796724806,1.0290895942344356
ESP,58T60,1.0088406988300753,1.0214651913709307,1.0290895942344356
ESP,61,1.015489800783148,1.0246719703563139,1.0290895942344356
ESP,62T63,1.0039127962797436,1.0215595263761168,1.0290895942344356
ESP,64T66,1.0182083487789186,1.019965052663999,1.0290895942344356
ESP,68,1.0254970010266478,1.0201209440355392,1.0290895942344356
ESP,69T75,1.0140698585815153,1.0218451523808336,1.0290895942344356
ESP,77T82,1.013835582919464,1.02171350708468,1.0290895942344356
ESP,84,1.0260824776679807,1.0221391891388867,1.0290895942344356
ESP,85,1.0270703273739088,1.0208450496151447,1.0290895942344356
ESP,86T88,1.027999717856814,1.021631957135283,1.0290895942344356
ESP,90T93,1.0244299473322465,1.0222681523680759,1.0290895942344356
ESP,94T98,1.0254061859497392,1.0208269714221059,1.0290895942344356
EST,01T02,0.7979879329191477,1.0425394844622256,1.0189148444211846
EST,03,1.0178043857697683,1.00913550045723,1.0189148444211846
EST,05T06,0.6456777112289429,1.018892482503605,1.0189148444211846
EST,07T08,0.9950429665901327,1.021580750304102,1.0189148444211846
EST,10T12,1.0015781641565844,1.0503543812269327,1.0189148444211846
EST,13T15,1.0427858296159613,1.0127493044158409,1.0189148444211846
EST,16,0.9391793689013019,1.0590779175575042,1.0189148444211846
EST,17T18,0.9705446973315681,1.0442963704452979,1.0189148444211846
EST,19,0.9117352712263667,1.0721375220503984,1.0189148444211846
EST,20,0.999799460178401,1.0221574806482643,1.0189148444211846
EST,21,1.0268393235470015,1.010451495260646,1.0189148444211846
EST,22,1.0213356705266627,1.018272177328229,1.0189148444211846
EST,23,0.9740911905235797,1.0296539843143584,1.0189148444211846
EST,24,1.160258338261703,1.0554763862491052,1.0189148444211846
EST,25,1.0165008157134445,1.0296476029912245,1.0189148444211846
EST,26,1.0194759554252983,1.0163303721128947,1.0189148444211846
EST,27,1.0415004858447585,1.0189261682148683,1.0189148444211846
EST,28,1.0171308317696008,1.0220396945187529,1.0189148444211846
EST,29T30,1.0349344488090828,1.0157595154313228,1.0189148444211846
EST,31T33,1.00177742083305,1.020238420011773,1.0189148444211846
EST,35,0.6674382132774319,1.062397863508725,1.0189148444211846
EST,36T39,1.0310723520739313,1.0285127211639014,1.0189148444211846
EST,41T43,1.0147390486275352,1.0152697492162148,1.0189148444211846
EST,45T47,1.0080789356746125,1.0060839942847666,1.0189148444211846
EST,49,1.0129173705678507,1.004587220191284,1.0189148444211846
EST,50,1.0031055663355324,1.008602092698953,1.0189148444211846
EST,51,1.004918115833505,1.0115513562592053,1.0189148444211846
EST,52,0.9947545834347314,1.014147462446876,1.0189148444211846
EST,53,1.025353602607313,1.0026363175525528,1.0189148444211846
EST,55T56,1.0187002206561653,1.0198659281022402,1.0189148444211846
EST,58T60,1.0277284147767787,1.0052221915581672,1.0189148444211846
EST,61,1.0251652724396507,1.0023357693801576,1.0189148444211846
EST,62T63,1.0269866527964928,0.9981033694021765,1.0189148444211846
EST,64T66,1.0164986677895913,0.9971247372812013,1.0189148444211846
EST,68,1.014375276909576,1.0030933016639025,1.0189148444211846
EST,69T75,1.0175594117233584,1.0019322924777287,1.0189148444211846
EST,77T82,1.011493686420074,1.0015693794437432,1.0189148444211846
EST,84,1.0183022819388385,1.0018575703545725,1.0189148444211846
EST,85,1.0186239500181689,1.0057158396508088,1.0189148444211846
EST,86T88,1.0192207399077726,1.003463508137771,1.0189148444211846
EST,90T93,1.018152034057517,1.010951174243134,1.0189148444211846
EST,94T98,1.014487214017903,1.0127738328501426,1.0189148444211846
FIN,01T02,0.9431570542427589,1.0284120272121444,1.0231572294690838
FIN,03,1.018070646658621,1.0174636126530165,1.0231572294690838
FIN,05T06,0.45309258827537136,1.0298804409990185,1.0231572294690838
FIN,07T08,1.0021174717834627,1.028938421100248,1.0231572294690838
FIN,10T12,1.0219903076352912,1.0391888522377575,1.0231572294690838
FIN,13T15,1.0218449858236303,1.0181091522424353,1.0231572294690838
FIN,16,0.9798707811241908,1.0544359268959824,1.0231572294690838
FIN,17T18,0.9811209314807908,1.036700697955268,1.0231572294690838
FIN,19,1.0121164905439806,1.0298816795833228,1.0231572294690838
FIN,20,1.0075857174490226,1.0230736188466498,1.0231572294690838
FIN,21,1.024453596078251,1.014392333847778,1.0231572294690838
FIN,22,1.020818867018211,1.0215055383523959,1.0231572294690838
FIN,23,1.0258551472219788,1.0288023539914384,1.0231572294690838
FIN,24,1.0871995443673141,1.0412236180192616,1.0231572294690838
FIN,25,1.0309551325246638,1.0303269756649958,1.0231572294690838
FIN,26,1.0207173414442898,1.0162421437752795,1.0231572294690838
FIN,27,1.0312398332249992,1.0234880297180706,1.0231572294690838
FIN,28,1.0216556261869203,1.0208176012772379,1.0231572294690838
FIN,29T30,1.0223613148260682,1.0235992005666474,1.0231572294690838
FIN,31T33,1.01076890227519,1.0193722080203116,1.0231572294690838
FIN,35,0.9281505878709364,1.042631487126962,1.0231572294690838
FIN,36T39,1.0314852170254534,1.0185305420700679,1.0231572294690838
FIN,41T43,1.020109460653501,1.0235297241295576,1.0231572294690838
FIN,45T47,1.0096664394119192,1.0167193551365974,1.0231572294690838
FIN,49,1.0091465903585364,1.0168382463110348,1.0231572294690838
FIN,50,0.9948150060544041,1.0174964218792684,1.0231572294690838
FIN,51,0.9987299942859981,1.017887153622832,1.0231572294690838
FIN,52,1.0082606621279766,1.0183109652366502,1.0231572294690838
FIN,53,1.0109933916074378,1.015560504929282,1.0231572294690838
FIN,55T56,1.0175911779012785,1.0220011302296874,1.0231572294690838
FIN,58T60,1.007788416187078,1.0158078438122586,1.0231572294690838
FIN,61,1.0151765836417577,1.015444745921414,1.0231572294690838
FIN,62T63,1.0024931340240233,1.01439480406381,1.0231572294690838
FIN,64T66,1.0123351965724563,1.0148728323625347,1.0231572294690838
FIN,68,1.0206412781935061,1.016216072783051,1.0231572294690838
FIN,69T75,1.0095019299009622,1.0152077117009328,1.0231572294690838
FIN,77T82,1.01281673916956,1.0155262707117174,1.0231572294690838
FIN,84,1.020323975504443,1.0169841716429298,1.0231572294690838
FIN,85,1.0226064688966683,1.015262946063835,1.0231572294690838
FIN,86T88,1.0228511369753253,1.0154681237185765,1.0231572294690838
FIN,90T93,1.0201645092284282,1.0198530518244666,1.0231572294690838
FIN,94T98,1.0200760901812524,1.0200950558667148,1.0231572294690838
FRA,01T02,0.993688061624159,1.0321806710652597,1.021950791991741
FRA,03,1.0162996753245668,1.0214453102686254,1.021950791991741
FRA,05T06,0.3161548065268374,1.0185759492512843,1.021950791991741
FRA,07T08,0.9936609015789303,1.0264804288054339,1.021950791991741
FRA,10T12,1.0315116462706755,1.0358329686518761,1.021950791991741
FRA,13T15,1.018831421127073,1.0202066997933106,1.021950791991741
FRA,16,1.0197789127069374,1.0342973378046398,1.021950791991741
FRA,17T18,1.0237738734236674,1.0212745620817412,1.021950791991741
FRA,19,1.0032391233911804,1.0438656894606453,1.021950791991741
FRA,20,1.0142106894718974,1.022877071250448,1.021950791991741
FRA,21,1.0129923972735795,1.0195373397530778,1.021950791991741
FRA,22,1.0264921642647755,1.021244792717397,1.021950791991741
FRA,23,1.0053280910823243,1.0290496897936758,1.021950791991741
FRA,24,0.9404181708019945,1.034654447203858,1.021950791991741
FRA,25,1.0312773926813215,1.028015071077221,1.021950791991741
FRA,26,1.0194404238194477,1.0215314168402074,1.021950791991741
FRA,27,1.0325047477327898,1.025115643685084,1.021950791991741
FRA,28,1.021533062548497,1.0244602111662515,1.021950791991741
FRA,29T30,1.0248860315757982,1.0228935328991529,1.021950791991741
FRA,31T33,1.0160493285037715,1.0227273522601303,1.021950791991741
FRA,35,1.0046450680183767,1.0329239636847192,1.021950791991741
FRA,36T39,1.014701010620584,1.0215135265826478,1.021950791991741
FRA,41T43,1.0214964096596328,1.024302716279109,1.021950791991741
FRA,45T47,1.014602557218977,1.018468483848141,1.021950791991741
FRA,49,1.01398120331966,1.019279675400649,1.021950791991741
FRA,50,0.9888722014957361,1.0192591204908918,1.021950791991741
FRA,51,1.0053696503642695,1.0202539078136992,1.021950791991741
FRA,52,1.0117857512553532,1.0182913288867133,1.021950791991741
FRA,53,1.012527586138454,1.0178489238292296,1.021950791991741
FRA,55T56,1.0205778976678606,1.0224624238349476,1.021950791991741
FRA,58T60,1.012084787400978,1.0194572160296482,1.021950791991741
FRA,61,1.0143213746840358,1.01871557941762,1.021950791991741
FRA,62T63,1.0146972903647946,1.017614152531504,1.021950791991741
FRA,64T66,1.0143671904074572,1.0172492282880998,1.021950791991741
FRA,68,1.020063489753302,1.0174588719092916,1.021950791991741
FRA,69T75,1.0150939929909448,1.018079418751142,1.021950791991741
FRA,77T82,1.0137187949641706,1.0180926529099241,1.021950791991741
FRA,84,1.0211864692950339,1.0183468152418589,1.021950791991741
FRA,85,1.0207909462709737,1.0182315011622938,1.021950791991741
FRA,86T88,1.0216877910770092,1.0181475965874753,1.021950791991741
FRA,90T93,1.020355413152491,1.0194274318831693,1.021950791991741
FRA,94T98,1.0200235486512943,1.0185508068184093,1.021950791991741
GBR,01T02,0.9639549599558216,1.0333333583262205,1.0193856241745456
GBR,03,1.0148529971369804,1.0206049591814932,1.0193856241745456
GBR,05T06,0.9481204190516827,1.021145734622636,1.0193856241745456
GBR,07T08,1.003028285515233,1.025944830839068,1.0193856241745456
GBR,10T12,1.032150000292037,1.034904639633139,1.0193856241745456
GBR,13T15,1.0241906966929462,1.017289528912179,1.0193856241745456
GBR,16,1.0367633355369457,1.0309286657781624,1.0193856241745456
GBR,17T18,1.021737090022489,1.0207775348692376,1.0193856241745456
GBR,19,0.9985394853623215,1.041257053576692,1.0193856241745456
GBR,20,1.0198088344580651,1.0212601342971757,1.0193856241745456
GBR,21,1.0169573656235225,1.0176437021417686,1.0193856241745456
GBR,22,1.0248179269121493,1.0210669711235634,1.0193856241745456
GBR,23,1.0159763322546729,1.0244532826449682,1.0193856241745456
GBR,24,1.0005153304814944,1.0335679347190019,1.0193856241745456
GBR,25,1.0387189630252918,1.0237019556165907,1.0193856241745456
GBR,26,1.020092710386937,1.0182878257741772,1.0193856241745456
GBR,27,1.0353599441588308,1.0221494502226174,1.0193856241745456
GBR,28,1.0218271084980386,1.0219060241691214,1.0193856241745456
GBR,29T30,1.0239108480897416,1.0226323375023036,1.0193856241745456
GBR,31T33,1.0184022121581229,1.0198980310888233,1.0193856241745456
GBR,35,0.9691839614997315,1.0492088990242017,1.0193856241745456
GBR,36T39,1.0170969591960572,1.017785627140679,1.0193856241745456
GBR,41T43,1.0180421185905084,1.019946469710796,1.0193856241745456
GBR,45T47,1.015157381056637,1.0172248285090721,1.0193856241745456
GBR,49,1.0151820501693039,1.017706789322169,1.0193856241745456
GBR,50,1.002637468680655,1.0162285905431478,1.0193856241745456
GBR,51,1.0056187028122467,1.01889643713022,1.0193856241745456
GBR,52,1.0141562562581787,1.0173119408752231,1.0193856241745456
GBR,53,1.0127893645643185,1.0158979502169987,1.0193856241745456
GBR,55T56,1.0201548395456383,1.0196088136873092,1.0193856241745456
GBR,58T60,1.0131549079106392,1.0160775092561996,1.0193856241745456
GBR,61,1.0131203568649116,1.0159702236538692,1.0193856241745456
GBR,62T63,1.0112821982012299,1.015712451054805,1.0193856241745456
GBR,64T66,1.009254222505335,1.015687006995084,1.0193856241745456
GBR,68,1.018528477985594,1.0155412359391665,1.0193856241745456
GBR,69T75,1.0111946108365197,1.0159292645871514,1.0193856241745456
GBR,77T82,1.0125048590025407,1.0161316648826477,1.0193856241745456
GBR,84,1.0189903569758938,1.0166205892701126,1.0193856241745456
GBR,85,1.0178666516557582,1.0161666564072622,1.0193856241745456
GBR,86T88,1.0192352800325626,1.0165835044681033,1.0193856241745456
GBR,90T93,1.0169005789816667,1.0171214705725027,1.0193856241745456
GBR,94T98,1.0186515517530579,1.0158914017783855,1.0193856241745456
GRC,01T02,1.0615912827132532,1.0301982309240438,1.031075504119647
GRC,03,1.0215776478981078,1.0158553053067079,1.031075504119647
GRC,05T06,0.4097104180792025,1.0264738407170542,1.031075504119647
GRC,07T08,0.9740723474895407,1.0304229285374522,1.031075504119647
GRC,10T12,1.033342535848848,1.0399120466379783,1.031075504119647
GRC,13T15,0.9910783570826888,1.0270678155180544,1.031075504119647
GRC,16,1.032548544078804,1.0294339223690079,1.031075504119647
GRC,17T18,1.0209625309404624,1.0228764072074306,1.031075504119647
GRC,19,0.9634911577100153,1.0523086557710104,1.031075504119647
GRC,20,1.0114211463666478,1.0237497180173598,1.031075504119647
GRC,21,1.0118785335091087,1.0231298127709336,1.031075504119647
GRC,22,1.014661485903371,1.0246519913175516,1.031075504119647
GRC,23,0.7307108120174307,1.061641350646178,1.031075504119647
GRC,24,0.9616179125705209,1.0737360335997481,1.031075504119647
GRC,25,1.0084896594867618,1.0380201685738586,1.031075504119647
GRC,26,1.0202071836582058,1.0241368427321356,1.031075504119647
GRC,27,0.9789247424306073,1.050996566190629,1.031075504119647
GRC,28,1.00955195219162,1.0317849474489986,1.031075504119647
GRC,29T30,1.0209939776517942,1.0280468832002687,1.031075504119647
GRC,31T33,1.0044159270885475,1.0272132401673024,1.031075504119647
GRC,35,0.8560563007733615,1.0604415109559813,1.031075504119647
GRC,36T39,1.0265051062991912,1.0560443024771655,1.031075504119647
GRC,41T43,1.0277393219981736,1.0464101445604375,1.031075504119647
GRC,45T47,1.0138868239242849,1.0172341541981234,1.031075504119647
GRC,49,1.004606509563915,1.0202141164288763,1.031075504119647
GRC,50,0.9941898338177102,1.0180993178559195,1.031075504119647
GRC,51,0.9965112353456888,1.0214060996091128,1.031075504119647
GRC,52,0.9959847244382698,1.0273329403781928,1.031075504119647
GRC,53,1.0155537488246755,1.0177425247291112,1.031075504119647
GRC,55T56,1.0221807721127385,1.025604240104485,1.031075504119647
GRC,58T60,1.0081788969545804,1.0211636686569077,1.031075504119647
GRC,61,1.0232499183084074,1.017914406346163,1.031075504119647
GRC,62T63,1.0135522206663747,1.0166529493729384,1.031075504119647
GRC,64T66,1.0160405567072757,1.0145397861091399,1.031075504119647
GRC,68,1.0224015592024465,1.0150204901375184,1.031075504119647
GRC,69T75,1.0117704412934516,1.0165100725898404,1.031075504119647
GRC,77T82,1.021102294468651,1.0190309935408797,1.031075504119647
GRC,84,1.0293148852556882,1.0166005516128251,1.031075504119647
GRC,85,1.0295021087636407,1.016070113421745,1.031075504119647
GRC,86T88,1.0299811441384956,1.0185818995989564,1.031075504119647
GRC,90T93,1.0254915130027151,1.0211816946211638,1.031075504119647
GRC,94T98,1.0255258548181074,1.0215774995604838,1.031075504119647
HRV,01T02,0.9626842794099388,1.0313419601645943,1.0275457840873916
HRV,03,1.0204389016875361,1.0275283405561089,1.0275457840873916
HRV,05T06,0.6898041324129957,1.0551320958914894,1.0275457840873916
HRV,07T08,0.9848468201879949,1.0312554824007967,1.0275457840873916
HRV,10T12,1.0331597764392473,1.0364921347506872,1.0275457840873916
HRV,13T15,1.0158216273693133,1.021446416417432,1.0275457840873916
HRV,16,1.0242989074642466,1.0317785160418542,1.0275457840873916
HRV,17T18,1.0151417230520463,1.0249780232933778,1.0275457840873916
HRV,19,1.0052030399698293,1.0415478098586062,1.0275457840873916
HRV,20,1.007160094389139,1.0266748746695662,1.0275457840873916
HRV,21,1.012110134204709,1.0211933073360677,1.0275457840873916
HRV,22,1.0096989206708873,1.0234756084459802,1.0275457840873916
HRV,23,0.8414777548102306,1.0278546782594336,1.0275457840873916
HRV,24,1.1018175303145383,1.0341651367048308,1.0275457840873916
HRV,25,1.0335254799817022,1.024565706772388,1.0275457840873916
HRV,26,1.0249454669681906,1.0169560857616786,1.0275457840873916
HRV,27,1.0316396704260429,1.0240193887238287,1.0275457840873916
HRV,28,1.02711926088933,1.022280747538599,1.0275457840873916
HRV,29T30,1.019702312118152,1.0230203046796558,1.0275457840873916
HRV,31T33,0.9944328121733139,1.0309486493921571,1.0275457840873916
HRV,35,1.0048053592953756,1.0253870189032752,1.0275457840873916
HRV,36T39,1.0208445824893233,1.022895126769954,1.0275457840873916
HRV,41T43,1.0232762715291137,1.032095018875318,1.0275457840873916
HRV,45T47,1.0113048801637143,1.022972187473836,1.0275457840873916
HRV,49,1.0089444084786825,1.0194642320896885,1.0275457840873916
HRV,50,1.0075866432949727,1.0206776895309595,1.0275457840873916
HRV,51,1.0107193186662968,1.0195567690300658,1.0275457840873916
HRV,52,1.009444696664222,1.0237339436054216,1.0275457840873916
HRV,53,1.0173605754585857,1.0155054205766907,1.0275457840873916
HRV,55T56,1.0226096274335885,1.022321880268306,1.0275457840873916
HRV,58T60,1.0071050549853158,1.0182845474613442,1.0275457840873916
HRV,61,1.018565820770606,1.018172428695662,1.0275457840873916
HRV,62T63,1.00489340662894,1.017008089802956,1.0275457840873916
HRV,64T66,1.014664573851192,1.0156614537276547,1.0275457840873916
HRV,68,1.0233669427126548,1.0211971377245175,1.0275457840873916
HRV,69T75,1.0094504001141364,1.0197386842339586,1.0275457840873916
HRV,77T82,1.0168137495597038,1.0210720033891012,1.0275457840873916
HRV,84,1.0261185075501291,1.0197757318940737,1.0275457840873916
HRV,85,1.0246048282010716,1.0173747089298717,1.0275457840873916
HRV,86T88,1.026225614065152,1.0194766337242778,1.0275457840873916
HRV,90T93,1.0226955555688384,1.0206598077663542,1.0275457840873916
HRV,94T98,1.0197795907399811,1.0203161695744163,1.0275457840873916
HUN,01T02,0.9161509247862384,1.0357423458645398,1.0251736021972893
HUN,03,1.0133464827214884,1.0288280344492116,1.0251736021972893
HUN,05T06,0.5209313484122599,1.0441892779713937,1.0251736021972893
HUN,07T08,0.9740823642675294,1.0513102106433976,1.0251736021972893
HUN,10T12,1.0064328313067108,1.0494640960637576,1.0251736021972893
HUN,13T15,1.024119951107532,1.0188298943156875,1.0251736021972893
HUN,16,1.01025294703867,1.0343078177856857,1.0251736021972893
HUN,17T18,1.0222844410390115,1.0215539752419236,1.0251736021972893
HUN,19,1.008253624061658,1.0371589718257181,1.0251736021972893
HUN,20,1.000609646566311,1.0274671569474356,1.0251736021972893
HUN,21,1.0161527818767233,1.0174911052173015,1.0251736021972893
HUN,22,1.0200047195937596,1.0230200473410225,1.0251736021972893
HUN,23,0.9820446894949902,1.0365706246193742,1.0251736021972893
HUN,24,1.0602691341532826,1.0420042279155568,1.0251736021972893
HUN,25,1.0231958459301251,1.0316847248463277,1.0251736021972893
HUN,26,1.0220736045697032,1.0195979264591604,1.0251736021972893
HUN,27,1.025679046539872,1.0273385362239367,1.0251736021972893
HUN,28,1.0217329756025957,1.0240497764845373,1.0251736021972893
HUN,29T30,1.0247939847048018,1.0226804327429226,1.0251736021972893
HUN,31T33,1.0221027264684075,1.0196171487066665,1.0251736021972893
HUN,35,0.8043053773565833,1.0294782504291766,1.0251736021972893
HUN,36T39,1.0198938656375478,1.0210143891224006,1.0251736021972893
HUN,41T43,1.0228421608364184,1.0272298318000397,1.0251736021972893
HUN,45T47,1.0080258673515359,1.0192329903453228,1.0251736021972893
HUN,49,1.0087249516298564,1.0182190192114524,1.0251736021972893
HUN,50,0.9991954473563321,1.0203974852175057,1.0251736021972893
HUN,51,1.009989479276147,1.0190510023484491,1.0251736021972893
HUN,52,1.0097972794368955,1.0165696218476266,1.0251736021972893
HUN,53,1.016376331026628,1.0134052028207932,1.0251736021972893
HUN,55T56,1.0201933952642697,1.0251104881112811,1.0251736021972893
HUN,58T60,1.0187431046007722,1.0140902002462453,1.0251736021972893
HUN,61,1.0215032752405395,1.0137584152465462,1.0251736021972893
HUN,62T63,1.013413371764616,1.0120065023669107,1.0251736021972893
HUN,64T66,1.0159063233475678,1.011944823089331,1.0251736021972893
HUN,68,1.0210380034101376,1.0144510570609202,1.0251736021972893
HUN,69T75,1.0147876436841576,1.0140329823780907,1.0251736021972893
HUN,77T82,1.012489534082908,1.0146529046457218,1.0251736021972893
HUN,84,1.0240611369973396,1.0135108140509768,1.0251736021972893
HUN,85,1.0246619266779953,1.013438944323842,1.0251736021972893
HUN,86T88,1.0247441730239542,1.015179133033076,1.0251736021972893
HUN,90T93,1.0226084926165957,1.0168748892868749,1.0251736021972893
HUN,94T98,1.0211592589498044,1.014742753036996,1.0251736021972893
IDN,01T02,0.6095914125990534,0.9900443707915965,1.0120738458758345
IDN,03,1.0071117568321093,0.9605890049382461,1.0120738458758345
IDN,05T06,0.830926578461872,0.9891077762032096,1.0120738458758345
IDN,07T08,1.0542972645228268,0.9715226806137509,1.0120738458758345
IDN,10T12,0.9526238085841003,1.1194592039953823,1.0120738458758345
IDN,13T15,1.1160659412972294,0.9846283990060002,1.0120738458758345
IDN,16,0.9643337741830507,1.0803684350748182,1.0120738458758345
IDN,17T18,1.0452476912981372,0.9998132208348286,1.0120738458758345
IDN,19,0.9850397851598276,1.0293435547715724,1.0120738458758345
IDN,20,0.9725665151815251,1.0183272680754347,1.0120738458758345
IDN,21,0.9966871106781638,1.0257578581975542,1.0120738458758345
IDN,22,0.9601276830575785,1.075292835581477,1.0120738458758345
IDN,23,0.7362274447526415,1.0229944408215008,1.0120738458758345
IDN,24,1.164498120507807,0.9821366066712538,1.0120738458758345
IDN,25,1.0314556301837678,1.0084175030627665,1.0120738458758345
IDN,26,1.033157055921396,1.0025301215418814,1.0120738458758345
IDN,27,1.0693671271413479,1.0004814539994635,1.0120738458758345
IDN,28,1.0412978601558691,1.0109869127623707,1.0120738458758345
IDN,29T30,1.0590304925998264,0.9811176513407236,1.0120738458758345
IDN,31T33,1.0763396176292568,1.0035342302763757,1.0120738458758345
IDN,35,0.6727701574560508,1.1720353979503346,1.0120738458758345
IDN,36T39,1.009828918756943,0.9899717778682927,1.0120738458758345
IDN,41T43,1.00764793474805,1.0053819210030688,1.0120738458758345
IDN,45T47,1.0143279095175426,0.9704134593597203,1.0120738458758345
IDN,49,1.0113765015189093,0.9733272139543082,1.0120738458758345
IDN,50,1.009020133467388,0.9927453977115571,1.0120738458758345
IDN,51,1.0203841816485624,0.9803983837240513,1.0120738458758345
IDN,52,1.0101327364527737,0.9826635584771565,1.0120738458758345
IDN,53,1.0261472730591787,0.9826267674422939,1.0120738458758345
IDN,55T56,1.008916439002592,1.0339919210820392,1.0120738458758345
IDN,58T60,1.0243726429276578,0.9849529367606027,1.0120738458758345
IDN,61,1.009756890627105,0.9691550180299822,1.0120738458758345
IDN,62T63,1.0150278104644521,0.9952583015019859,1.0120738458758345
IDN,64T66,0.9858612294083147,0.9587580936598639,1.0120738458758345
IDN,68,1.0150045642233136,0.9628204661618032,1.0120738458758345
IDN,69T75,1.121615881544476,0.9667248931061553,1.0120738458758345
IDN,77T82,1.0017977449280517,0.9652203312368687,1.0120738458758345
IDN,84,1.0102819939167875,0.9799615088477077,1.0120738458758345
IDN,85,1.0126856900803856,0.9689536696415495,1.0120738458758345
IDN,86T88,1.0115927439295171,0.9951238922547323,1.0120738458758345
IDN,90T93,1.0249156318973502,0.9818676038898696,1.0120738458758345
IDN,94T98,1.0100861608920606,0.9698590990160679,1.0120738458758345
IND,01T02,0.9277418449253949,1.0031580354940535,1.029898293442871
IND,03,1.0296506821022693,0.9887257592089563,1.029898293442871
IND,05T06,0.810806967059,1.004557369840696,1.029898293442871
IND,07T08,0.7505478644000502,1.014937391846992,1.029898293442871
IND,10T12,1.0278993236781109,1.0543780530084308,1.029898293442871
IND,13T15,1.013622055986934,1.0221754982775249,1.029898293442871
IND,16,1.0236066136467796,1.0178420816666942,1.029898293442871
IND,17T18,0.99581820062902,1.022333535932146,1.029898293442871
IND,19,0.9772011118852088,1.0400780280003383,1.029898293442871
IND,20,0.9999405979244953,1.018020488517703,1.029898293442871
IND,21,1.0280103633152602,1.000372088708995,1.029898293442871
IND,22,1.0040669469329002,1.0251214458256668,1.029898293442871
IND,23,0.8278523091600548,1.0363167254902177,1.029898293442871
IND,24,0.6364370969848785,1.0591302429780551,1.029898293442871
IND,25,0.9521064043788061,1.057961759190479,1.029898293442871
IND,26,0.9921255773921608,1.051766669290997,1.029898293442871
IND,27,0.9707771464152767,1.0821474919904457,1.029898293442871
IND,28,0.9893746316542945,1.0578856286448988,1.029898293442871
IND,29T30,0.9984785479890008,1.067429986377948,1.029898293442871
IND,31T33,0.983213866685376,1.0271404773032846,1.029898293442871
IND,35,0.660727971860581,1.0228259762238896,1.029898293442871
IND,36T39,0.9809556015780397,1.0095006778951967,1.029898293442871
IND,41T43,1.0233368220630004,1.047789931512661,1.029898293442871
IND,45T47,1.0048647528329195,0.9954195934350986,1.029898293442871
IND,49,0.9874474243729237,1.0097148020269207,1.029898293442871
IND,50,0.947975790145125,1.021317003913461,1.029898293442871
IND,51,0.9589367220413861,1.039493287916528,1.029898293442871
IND,52,0.9690590567574265,1.0225732102332894,1.029898293442871
IND,53,0.9938723940645483,1.0005565517923758,1.029898293442871
IND,55T56,1.002966651864718,1.0472321284448651,1.029898293442871
IND,58T60,1.012451422685473,1.0129865631071622,1.029898293442871
IND,61,1.0014220040785244,1.0472283966764104,1.029898293442871
IND,62T63,1.0496711874162683,0.9910351988788554,1.029898293442871
IND,64T66,1.0073920864405186,1.0092059663419906,1.029898293442871
IND,68,1.0287115721793203,0.9898616235992633,1.029898293442871
IND,69T75,1.0262967076070177,1.0038581625717826,1.029898293442871
IND,77T82,0.9983501614200515,0.998715885152807,1.029898293442871
IND,84,1.0299606284488907,1.0000090098156134,1.029898293442871
IND,85,1.0296149042666451,0.987916661004694,1.029898293442871
IND,86T88,1.0302271630944186,0.9925657091138463,1.029898293442871
IND,90T93,1.0296393082483895,1.001172501005422,1.029898293442871
IND,94T98,1.0289691886633365,1.0119037561287387,1.029898293442871
IRL,01T02,0.7483350417257152,1.0353648473352821,1.026373423460235
IRL,03,0.9971918378550765,1.0323159612293349,1.026373423460235
IRL,05T06,0.4459436747556071,1.0398852007130706,1.026373423460235
IRL,07T08,0.9747025733519532,1.0379936944093018,1.026373423460235
IRL,10T12,1.0300560516894903,1.0367875690139288,1.026373423460235
IRL,13T15,1.0275664474317043,1.017024425341951,1.026373423460235
IRL,16,0.992820567753991,1.0426288913307329,1.026373423460235
IRL,17T18,1.0329313664303692,1.0164111973815986,1.026373423460235
IRL,19,1.0446887912386764,1.021778847587746,1.026373423460235
IRL,20,1.0239957287183632,1.0174352232739081,1.026373423460235
IRL,21,1.0202322741769256,1.0161790666325952,1.026373423460235
IRL,22,1.0335317738440988,1.0186033222478552,1.026373423460235
IRL,23,0.9434660284220997,1.0274876749021744,1.026373423460235
IRL,24,1.0284333186161654,1.023405161193057,1.026373423460235
IRL,25,1.0666997970209593,1.0202253701259791,1.026373423460235
IRL,26,1.022790526127783,1.0176427283054361,1.026373423460235
IRL,27,1.0443035791730593,1.0207230047977598,1.026373423460235
IRL,28,1.0301153468761892,1.0180150883495576,1.026373423460235
IRL,29T30,1.0272411417618224,1.020930675240215,1.026373423460235
IRL,31T33,1.030832616333836,1.0169352440076875,1.026373423460235
IRL,35,0.9424216943423095,1.0207056735649005,1.026373423460235
IRL,36T39,1.0209726499082978,1.0182871269207547,1.026373423460235
IRL,41T43,1.0204000637400945,1.023823657804843,1.026373423460235
IRL,45T47,1.0066383057776092,1.0169144074655776,1.026373423460235
IRL,49,1.0132966637503795,1.0175060626773798,1.026373423460235
IRL,50,1.0085987550143791,1.0179877976773537,1.026373423460235
IRL,51,1.008387696200571,1.0181228553311796,1.026373423460235
IRL,52,1.0119365998889953,1.0175156190189814,1.026373423460235
IRL,53,1.012061559919,1.015874614619471,1.026373423460235
IRL,55T56,1.0270680274704322,1.018207127440135,1.026373423460235
IRL,58T60,1.0125857513725045,1.0153078360438685,1.026373423460235
IRL,61,1.0131461058150117,1.016417693037851,1.026373423460235
IRL,62T63,1.0068736037188195,1.0166432633668256,1.026373423460235
IRL,64T66,1.0035298899999243,1.015323068404149,1.026373423460235
IRL,68,1.0163449207682433,1.0150452340399838,1.026373423460235
IRL,69T75,1.009334770786558,1.0157180705934254,1.026373423460235
IRL,77T82,1.0059743136175991,1.0158363512154578,1.026373423460235
IRL,84,1.0249988866604518,1.016934813536196,1.026373423460235
IRL,85,1.025434666899996,1.0154089975579812,1.026373423460235
IRL,86T88,1.0261472763893809,1.0155531875804973,1.026373423460235
IRL,90T93,1.0183141693750741,1.0174361887603471,1.026373423460235
IRL,94T98,1.0191783565524581,1.0163115309441646,1.026373423460235
ISL,01T02,0.9558152983050572,1.0276080081752414,1.0196283027485484
ISL,03,1.0241450459430792,1.018011881353912,1.0196283027485484
ISL,05T06,1.0071319341941656,1.0194524513377192,1.0196283027485484
ISL,07T08,0.9941399533059889,1.0174440921448755,1.0196283027485484
ISL,10T12,1.0568496518697046,1.0266035459520673,1.0196283027485484
ISL,13T15,1.0201175540938268,1.0189009804255913,1.0196283027485484
ISL,16,1.0668089280924111,1.0279201497913635,1.0196283027485484
ISL,17T18,1.0318513215415084,1.0176876170593863,1.0196283027485484
ISL,19,1.0607614623095356,1.017695437510011,1.0196283027485484
ISL,20,1.0298713160357373,1.0178846430834243,1.0196283027485484
ISL,21,1.015730883901365,1.0188969484401944,1.0196283027485484
ISL,22,1.0332230313068638,1.018356647546421,1.0196283027485484
ISL,23,1.0667238694263512,1.0205966676092182,1.0196283027485484
ISL,24,0.9367171988545027,1.034911177907708,1.0196283027485484
ISL,25,1.0299665102714057,1.0261613298390517,1.0196283027485484
ISL,26,1.020784859726694,1.0203002798788767,1.0196283027485484
ISL,27,1.0033639776591514,1.0209682731793153,1.0196283027485484
ISL,28,1.021090588856878,1.0204029262475012,1.0196283027485484
ISL,29T30,1.021504515454792,1.0211036433250045,1.0196283027485484
ISL,31T33,1.0159482203772658,1.0202927262014665,1.0196283027485484
ISL,35,1.0039438420565132,1.0184351926420838,1.0196283027485484
ISL,36T39,1.0023316000761961,1.0184679845537465,1.0196283027485484
ISL,41T43,1.0194807854456032,1.0215190409894772,1.0196283027485484
ISL,45T47,1.0148468450302714,1.0166404184106463,1.0196283027485484
ISL,49,1.0106834984268407,1.018323168119961,1.0196283027485484
ISL,50,0.9974056288026506,1.019608185067552,1.0196283027485484
ISL,51,0.9977209985004615,1.0187762768612925,1.0196283027485484
ISL,52,1.006588914542492,1.0168087955330751,1.0196283027485484
ISL,53,1.0140216462625071,1.0169312961823749,1.0196283027485484
ISL,55T56,1.0261393741549154,1.019028042467887,1.0196283027485484
ISL,58T60,1.0081568061334314,1.0167321383123324,1.0196283027485484
ISL,61,1.0110824419964843,1.016773394198498,1.0196283027485484
ISL,62T63,1.0086795933663344,1.0162056205429455,1.0196283027485484
ISL,64T66,1.0104457479358746,1.0160301342737323,1.0196283027485484
ISL,68,1.0181575156611946,1.0166089227807666,1.0196283027485484
ISL,69T75,1.0127574519617277,1.0163848740748003,1.0196283027485484
ISL,77T82,1.0165319927212262,1.016860632341442,1.0196283027485484
ISL,84,1.0189861973824086,1.0165044312129128,1.0196283027485484
ISL,85,1.0193364367720734,1.0164667867255281,1.0196283027485484
ISL,86T88,1.0194600702199061,1.0165394122886262,1.0196283027485484
ISL,90T93,1.0184091105603041,1.0165409722534415,1.0196283027485484
ISL,94T98,1.017869332836115,1.0164680598428033,1.0196283027485484
ISR,01T02,1.138940509437066,1.0393730311290665,1.0271221488262772
ISR,03,1.02131186441264,1.025665603219682,1.0271221488262772
ISR,05T06,0.505950020677976,1.0289332976298606,1.0271221488262772
ISR,07T08,0.9840475733466791,1.0233712472104497,1.0271221488262772
ISR,10T12,1.0371060803324792,1.0333051521855352,1.0271221488262772
ISR,13T15,1.0098099297890129,1.0225730670744613,1.0271221488262772
ISR,16,1.0634893768606177,1.0247769260978332,1.0271221488262772
ISR,17T18,1.028338710466468,1.0227366882554336,1.0271221488262772
ISR,19,0.9857628521127176,1.0461103402270853,1.0271221488262772
ISR,20,1.0034042000110932,1.0239618032867779,1.0271221488262772
ISR,21,1.0119335092152404,1.0211022420955285,1.0271221488262772
ISR,22,1.0173658639968841,1.026552730413091,1.0271221488262772
ISR,23,1.007053142412558,1.032399674007561,1.0271221488262772
ISR,24,1.1942326308522162,1.0471589112415325,1.0271221488262772
ISR,25,1.0458694086983265,1.0280179605455295,1.0271221488262772
ISR,26,1.0228918451553928,1.0208514793667511,1.0271221488262772
ISR,27,1.043067215997432,1.0238787689158548,1.0271221488262772
ISR,28,1.0266448287813916,1.0244813153412735,1.0271221488262772
ISR,29T30,1.021189547085965,1.0254876158608972,1.0271221488262772
ISR,31T33,1.0411349907357585,1.015441756221563,1.0271221488262772
ISR,35,0.8733663583065296,1.04034520736845,1.0271221488262772
ISR,36T39,1.0275841343116805,1.0267342611575243,1.0271221488262772
ISR,41T43,1.0261553937412315,1.0261852578101929,1.0271221488262772
ISR,45T47,1.0134716466308404,1.0192951207104373,1.0271221488262772
ISR,49,1.0138953825093295,1.0211332861583045,1.0271221488262772
ISR,50,0.9832137485678012,1.019470574544044,1.0271221488262772
ISR,51,1.0090084930151109,1.0203248177535431,1.0271221488262772
ISR,52,0.9903472231030995,1.0228130223135854,1.0271221488262772
ISR,53,1.0188108202898838,1.0198492971792017,1.0271221488262772
ISR,55T56,1.0187829528643038,1.0279856700397123,1.0271221488262772
ISR,58T60,1.0071475943250494,1.0193435893130471,1.0271221488262772
ISR,61,1.0174570978479756,1.0186382557265472,1.0271221488262772
ISR,62T63,0.9944433986285093,1.0179514004538657,1.0271221488262772
ISR,64T66,1.0116682627644018,1.0184289688073167,1.0271221488262772
ISR,68,1.0244503214347072,1.0181579223014021,1.0271221488262772
ISR,69T75,1.016480752249055,1.019225208038176,1.0271221488262772
ISR,77T82,1.018120960770546,1.0179582469647526,1.0271221488262772
ISR,84,1.0269608952160858,1.0224612666163289,1.0271221488262772
ISR,85,1.0265174863721862,1.0192038725351726,1.0271221488262772
ISR,86T88,1.0267137729488496,1.0194342492025246,1.0271221488262772
ISR,90T93,1.0243860424270337,1.0182960767139695,1.0271221488262772
ISR,94T98,1.020970943793194,1.0237509648860357,1.0271221488262772
ITA,01T02,1.0480355365264036,1.0293716695709432,1.0292557509394293
ITA,03,1.0196755707707015,1.027790124469183,1.0292557509394293
ITA,05T06,0.9346001392280476,1.0275151617593288,1.0292557509394293
ITA,07T08,1.0055290775103431,1.0218241194045825,1.0292557509394293
ITA,10T12,1.0366889245864845,1.0360949263411825,1.0292557509394293
ITA,13T15,1.0097172204033962,1.0237757322605967,1.0292557509394293
ITA,16,1.0291579782228581,1.0298875738975048,1.0292557509394293
ITA,17T18,1.017766506073035,1.0261344604290727,1.0292557509394293
ITA,19,1.0034065309048656,1.046813581599718,1.0292557509394293
ITA,20,1.003834715383972,1.0303341030388258,1.0292557509394293
ITA,21,1.006117232482527,1.025176722922235,1.0292557509394293
ITA,22,1.0143158202314866,1.0276280020108288,1.0292557509394293
ITA,23,1.0179694678390356,1.037667628082748,1.0292557509394293
ITA,24,1.101087472724049,1.0464760646751998,1.0292557509394293
ITA,25,1.02636179121149,1.0309625703912333,1.0292557509394293
ITA,26,1.0165229217717158,1.0269978195491725,1.0292557509394293
ITA,27,1.0207144070417007,1.0304254904438144,1.0292557509394293
ITA,28,1.0177056244946476,1.0279588770729162,1.0292557509394293
ITA,29T30,1.0164926374179997,1.027288327383956,1.0292557509394293
ITA,31T33,1.0134010525414372,1.0269167875694565,1.0292557509394293
ITA,35,0.9399605250350815,1.0574383777702572,1.0292557509394293
ITA,36T39,1.030274787270821,1.0273000461357864,1.0292557509394293
ITA,41T43,1.0272217240373938,1.0262104614333079,1.0292557509394293
ITA,45T47,1.0139398453699557,1.0234718453809317,1.0292557509394293
ITA,49,1.0115773584225125,1.025408921802746,1.0292557509394293
ITA,50,1.0019766131665406,1.0257768585146008,1.0292557509394293
ITA,51,0.999553385983001,1.0251701855196595,1.0292557509394293
ITA,52,1.0130494656762008,1.0242375617907564,1.0292557509394293
ITA,53,1.007051932105079,1.0307826826000515,1.0292557509394293
ITA,55T56,1.0232802521336106,1.0269230472700706,1.0292557509394293
ITA,58T60,1.007644171198421,1.0226220691958672,1.0292557509394293
ITA,61,1.0153785383904705,1.0221355774413288,1.0292557509394293
ITA,62T63,1.014597255369204,1.0214743179282948,1.0292557509394293
ITA,64T66,1.0165010497323186,1.0210667739989996,1.0292557509394293
ITA,68,1.0256715212796557,1.0211360775536436,1.0292557509394293
ITA,69T75,1.0166832154749466,1.0229511586091067,1.0292557509394293
ITA,77T82,1.0179251120126138,1.02392646605577,1.0292557509394293
ITA,84,1.028411825502328,1.023352327460459,1.0292557509394293
ITA,85,1.0277438435066901,1.0222662560920537,1.0292557509394293
ITA,86T88,1.0284492250257484,1.023865441078146,1.0292557509394293
ITA,90T93,1.02371284899269,1.023701504949927,1.0292557509394293
ITA,94T98,1.026562717845988,1.025262125005327,1.0292557509394293
JPN,01T02,1.0592104091292889,1.0310456495152707,1.0290918438146772
JPN,03,1.0248992708720661,1.0239075087520741,1.0290918438146772
JPN,05T06,0.8481434974166413,1.0271870672996253,1.0290918438146772
JPN,07T08,0.9799798674470148,1.0265434673974776,1.0290918438146772
JPN,10T12,1.0371774706275407,1.0316278376627128,1.0290918438146772
JPN,13T15,1.0124635585998434,1.0253908615408882,1.0290918438146772
JPN,16,1.0358805217919467,1.0321639427178653,1.0290918438146772
JPN,17T18,1.016559583160616,1.0283044556303298,1.0290918438146772
JPN,19,1.0089581011927218,1.035365556635719,1.0290918438146772
JPN,20,1.0123477425860812,1.0296064649316254,1.0290918438146772
JPN,21,1.0183616444676276,1.024789317155996,1.0290918438146772
JPN,22,1.0205001771622215,1.0294502100716392,1.0290918438146772
JPN,23,0.9666154124661654,1.0244897653743954,1.0290918438146772
JPN,24,1.0492023689466259,1.03653688873175,1.0290918438146772
JPN,25,1.0308360650420025,1.0387448006917208,1.0290918438146772
JPN,26,1.0164422959464532,1.0280259535753868,1.0290918438146772
JPN,27,1.0261825917348881,1.0321682263327052,1.0290918438146772
JPN,28,1.0203297790030474,1.0299478520605554,1.0290918438146772
JPN,29T30,1.006867638162111,1.0316462620817628,1.0290918438146772
JPN,31T33,1.0121087547210483,1.027117678729403,1.0290918438146772
JPN,35,0.873661407970202,1.0556705743962227,1.0290918438146772
JPN,36T39,1.0210758647490925,1.023035139268442,1.0290918438146772
JPN,41T43,1.0281673111204972,1.0301961909640005,1.0290918438146772
JPN,45T47,1.0138600149519947,1.0239618665411516,1.0290918438146772
JPN,49,1.0159868064461852,1.0237537927038303,1.0290918438146772
JPN,50,0.9975009914569004,1.025763059862336,1.0290918438146772
JPN,51,1.016068202917703,1.0256913864147141,1.0290918438146772
JPN,52,1.0117041823097794,1.023039081066476,1.0290918438146772
JPN,53,1.012608190619642,1.021626665335434,1.0290918438146772
JPN,55T56,1.0235284606220096,1.0294451282364037,1.0290918438146772
JPN,58T60,1.013994215566586,1.0222746828826708,1.0290918438146772
JPN,61,1.0253099035355777,1.0220669527938822,1.0290918438146772
JPN,62T63,1.013902183537594,1.0210382720104147,1.0290918438146772
JPN,64T66,1.0179474940802644,1.0211283116851015,1.0290918438146772
JPN,68,1.0264233542045178,1.0201146410717108,1.0290918438146772
JPN,69T75,1.0122648255045983,1.0219678415035622,1.0290918438146772
JPN,77T82,1.010880123478896,1.0218091573280434,1.0290918438146772
JPN,84,1.0289649756047734,1.0224587233892748,1.0290918438146772
JPN,85,1.0274273830804532,1.0222487704925256,1.0290918438146772
JPN,86T88,1.0288453761094911,1.022701791838786,1.0290918438146772
JPN,90T93,1.025701978672841,1.026680394786794,1.0290918438146772
JPN,94T98,1.0260307443916015,1.0243636099322588,1.0290918438146772
KAZ,01T02,0.8792307192999185,0.9907969271986501,0.9932300960580912
KAZ,03,0.9981619018367008,0.9634183942367941,0.9932300960580912
KAZ,05T06,0.8634979329077007,0.9836068959842517,0.9932300960580912
KAZ,07T08,0.9710750663936337,0.9932689403154461,0.9932300960580912
KAZ,10T12,1.0248790469269455,1.010805252070813,0.9932300960580912
KAZ,13T15,1.0507837215598468,0.9988393253784102,0.9932300960580912
KAZ,16,1.039745244100624,1.016873553102138,0.9932300960580912
KAZ,17T18,1.047124205897894,0.9865625732265927,0.9932300960580912
KAZ,19,1.0131484944705735,0.9939970749879653,0.9932300960580912
KAZ,20,1.0936689664210848,0.9795785637063984,0.9932300960580912
KAZ,21,1.077179610511803,0.9689688940663892,0.9932300960580912
KAZ,22,1.037714014122049,0.9875227436263718,0.9932300960580912
KAZ,23,0.547546999218949,1.0087769372248259,0.9932300960580912
KAZ,24,0.9532084263327127,0.9754928108571446,0.9932300960580912
KAZ,25,1.059002848784762,1.0013811802740373,0.9932300960580912
KAZ,26,1.0157884676796571,0.9850757963525253,0.9932300960580912
KAZ,27,1.0637116544503802,0.994796053909198,0.9932300960580912
KAZ,28,1.0423180793333902,0.995844126546946,0.9932300960580912
KAZ,29T30,1.0846370262342753,0.9804468642804989,0.9932300960580912
KAZ,31T33,0.9999530183117429,0.9942777127368495,0.9932300960580912
KAZ,35,0.3681600646642405,1.0144176424931295,0.9932300960580912
KAZ,36T39,0.9781600875879641,1.031031482853869,0.9932300960580912
KAZ,41T43,0.9873733160706136,1.018409029420328,0.9932300960580912
KAZ,45T47,1.0001239687790862,0.972952499130098,0.9932300960580912
KAZ,49,0.9960848278510954,0.9768783030252249,0.9932300960580912
KAZ,50,1.0141899323913606,0.989289294635441,0.9932300960580912
KAZ,51,1.0599134600329143,0.9742889989720118,0.9932300960580912
KAZ,52,1.0059615322091597,0.9778243310122817,0.9932300960580912
KAZ,53,1.0130136901226585,0.9714686305697104,0.9932300960580912
KAZ,55T56,1.0318050303144233,0.9857584551099109,0.9932300960580912
KAZ,58T60,1.0041552303288375,0.9995631998630027,0.9932300960580912
KAZ,61,1.0014853511608373,0.9831445652983624,0.9932300960580912
KAZ,62T63,0.9777970798522346,0.9898965091777457,0.9932300960580912
KAZ,64T66,0.9885395608434527,0.9681360630380206,0.9932300960580912
KAZ,68,0.9953880890511216,0.9747407975720399,0.9932300960580912
KAZ,69T75,0.9937330282497476,0.9831769039954585,0.9932300960580912
KAZ,77T82,0.9905386775490694,0.9809555474190171,0.9932300960580912
KAZ,84,0.9932456371272187,1.0067345701955013,0.9932300960580912
KAZ,85,0.9931485182500629,1.0076808118770333,0.9932300960580912
KAZ,86T88,0.9928466017507389,0.9960382711546297,0.9932300960580912
KAZ,90T93,0.9920096117474347,1.010664932555628,0.9932300960580912
KAZ,94T98,0.9921290979204951,1.0284287759653856,0.9932300960580912
KHM,01T02,0.45785209784661085,0.9982196763446236,1.036648223891531
KHM,03,0.9778554937308878,0.9555990203205662,1.036648223891531
KHM,05T06,1.0203729369205756,0.9703772521284942,1.036648223891531
KHM,07T08,0.9983783772641637,0.9731172156882318,1.036648223891531
KHM,10T12,0.9063731011963906,1.1316539567915678,1.036648223891531
KHM,13T15,1.1591942135839655,0.9905992674861278,1.036648223891531
KHM,16,0.9968331582107315,1.0247884816133954,1.036648223891531
KHM,17T18,0.9950504518727071,1.0300425383773504,1.036648223891531
KHM,19,1.0224760695767314,0.9957844434837884,1.036648223891531
KHM,20,0.9604069034844298,1.0382802793815216,1.036648223891531
KHM,21,1.078926448912527,0.9912160124313792,1.036648223891531
KHM,22,1.0268677357421925,1.047148833576514,1.036648223891531
KHM,23,0.2825326419480078,0.9797663942682084,1.036648223891531
KHM,24,1.5374065066225913,0.9825923068408003,1.036648223891531
KHM,25,1.2081579448381685,0.9988246465271354,1.036648223891531
KHM,26,1.085427013965875,0.9876076812318112,1.036648223891531
KHM,27,1.1473495573907222,0.9927922220428549,1.036648223891531
KHM,28,1.1124414870512473,0.9875940731967129,1.036648223891531
KHM,29T30,1.096768359549446,0.9921307430462524,1.036648223891531
KHM,31T33,1.1609120517406746,0.9932449816861518,1.036648223891531
KHM,35,0.6716026983282831,1.024938007446926,1.036648223891531
KHM,36T39,1.02833603829602,1.0120483238128855,1.036648223891531
KHM,41T43,1.023850866575029,0.9876997906079796,1.036648223891531
KHM,45T47,1.074692984358041,0.9901383561040119,1.036648223891531
KHM,49,1.0943856674410517,0.9798273268935234,1.036648223891531
KHM,50,1.0658414170648394,0.9924798604812839,1.036648223891531
KHM,51,1.050354901279038,1.0000125037905694,1.036648223891531
KHM,52,1.0994139751354024,0.9766390567243601,1.036648223891531
KHM,53,1.0898120762743266,0.9779273594330278,1.036648223891531
KHM,55T56,0.995342855571692,1.0672164941957922,1.036648223891531
KHM,58T60,1.076063150295187,0.9899927004361847,1.036648223891531
KHM,61,1.0493706402281888,0.980099658630627,1.036648223891531
KHM,62T63,1.0676077994888828,0.9911644120563483,1.036648223891531
KHM,64T66,1.0932088824950612,0.9634451318292542,1.036648223891531
KHM,68,1.0501950275023453,0.9836490492730363,1.036648223891531
KHM,69T75,1.0644988567821805,0.9880880146991181,1.036648223891531
KHM,77T82,1.055815965623427,0.9875829062120766,1.036648223891531
KHM,84,1.0361162636192927,0.9990052664464322,1.036648223891531
KHM,85,1.047428168558127,0.97194976827425,1.036648223891531
KHM,86T88,1.041853321556303,0.9810286589914744,1.036648223891531
KHM,90T93,1.0589108889129748,0.9783093442233385,1.036648223891531
KHM,94T98,1.0439082619880795,0.9747734544288725,1.036648223891531
KOR,01T02,1.0578412441148433,1.025036826732255,1.0333206387212703
KOR,03,1.0227998461574401,1.0262462785588558,1.0333206387212703
KOR,05T06,0.47656646710497425,1.0231119444381898,1.0333206387212703
KOR,07T08,0.9550767614157709,1.026778995155618,1.0333206387212703
KOR,10T12,1.0371079308070645,1.0372956953996524,1.0333206387212703
KOR,13T15,1.006215805176624,1.0278354634846336,1.0333206387212703
KOR,16,1.0345880432008934,1.0353263586830026,1.0333206387212703
KOR,17T18,1.007054377080401,1.0309287739327184,1.0333206387212703
KOR,19,0.9778828110511512,1.0472906366084709,1.0333206387212703
KOR,20,0.9887597342997206,1.0362838842306088,1.0333206387212703
KOR,21,1.0172378240167907,1.0259388944045322,1.0333206387212703
KOR,22,1.0094569338052357,1.0302612773202522,1.0333206387212703
KOR,23,0.9443652082959096,1.0493510072740992,1.0333206387212703
KOR,24,0.9494449620049749,1.0661319239185114,1.0333206387212703
KOR,25,1.0171889844629758,1.0424758711878632,1.0333206387212703
KOR,26,1.0118047310853768,1.0264508665628027,1.0333206387212703
KOR,27,1.0158307950925318,1.0353608540741919,1.0333206387212703
KOR,28,1.0158394710026972,1.0336766704923432,1.0333206387212703
KOR,29T30,1.0045839811550588,1.0345268631818973,1.0333206387212703
KOR,31T33,1.0098153605946596,1.0298624273541996,1.0333206387212703
KOR,35,0.7900215967622716,1.079947751230787,1.0333206387212703
KOR,36T39,1.0073823395056365,1.0306276133157346,1.0333206387212703
KOR,41T43,1.0320498043428155,1.0379425819475727,1.0333206387212703
KOR,45T47,1.004380460994424,1.0223936886206242,1.0333206387212703
KOR,49,1.0041349899967822,1.0270657769792395,1.0333206387212703
KOR,50,0.9730617102696876,1.0224865071342146,1.0333206387212703
KOR,51,0.9938478933431012,1.0242888664807612,1.0333206387212703
KOR,52,0.9915700969707747,1.0251654867318238,1.0333206387212703
KOR,53,1.0026647751772146,1.0216182369404385,1.0333206387212703
KOR,55T56,1.0211304955821845,1.0300976665134691,1.0333206387212703
KOR,58T60,1.0127998627925578,1.018900193571083,1.0333206387212703
KOR,61,1.0151804820400352,1.023469260027011,1.0333206387212703
KOR,62T63,1.0131341609378368,1.0166922953625253,1.0333206387212703
KOR,64T66,1.0196169629869607,1.0167565911901217,1.0333206387212703
KOR,68,1.0291993948127718,1.0171534624844991,1.0333206387212703
KOR,69T75,1.007142884472734,1.0277253523624343,1.0333206387212703
KOR,77T82,1.0084970008473049,1.0175114201928368,1.0333206387212703
KOR,84,1.0326927682333482,1.0176367017604537,1.0333206387212703
KOR,85,1.0314530924045302,1.0227832048541157,1.0333206387212703
KOR,86T88,1.0317305770153866,1.0241117172036596,1.0333206387212703
KOR,90T93,1.0254611770546105,1.0271704479557886,1.0333206387212703
KOR,94T98,1.0236348007022125,1.0251230022517968,1.0333206387212703
LAO,01T02,0.6298269146151751,0.9776491602215096,0.9883954906105555
LAO,03,0.8753518437280684,0.9277892156745895,0.9883954906105555
LAO,05T06,0.9283205258479678,0.9556486147105897,0.9883954906105555
LAO,07T08,0.9889482470718972,0.9509632676137129,0.9883954906105555
LAO,10T12,0.8885418512677037,1.131644390043208,0.9883954906105555
LAO,13T15,1.1898601054280855,0.9559158839470768,0.9883954906105555
LAO,16,0.9701075531795916,1.0790729044144431,0.9883954906105555
LAO,17T18,0.882337850764869,1.0713539668834444,0.9883954906105555
LAO,19,1.2141354480462248,0.9763772729433459,0.9883954906105555
LAO,20,1.1434243064569154,0.9750817946949427,0.9883954906105555
LAO,21,1.022023640496987,0.961335053608087,0.9883954906105555
LAO,22,0.9930188520177854,0.9918999995177412,0.9883954906105555
LAO,23,1.0290949462018322,0.9712820766611472,0.9883954906105555
LAO,24,1.691437915973513,0.983186002116002,0.9883954906105555
LAO,25,1.267934513604531,0.9860620336667215,0.9883954906105555
LAO,26,1.0625258925030647,0.981137604712746,0.9883954906105555
LAO,27,1.1472887264649818,0.9843487529318118,0.9883954906105555
LAO,28,1.1327461935745262,0.9832881276841943,0.9883954906105555
LAO,29T30,1.1185110572260997,0.9881344499327009,0.9883954906105555
LAO,31T33,0.992617486858876,1.007348866836283,0.9883954906105555
LAO,35,0.4123090964110779,0.9764069305608798,0.9883954906105555
LAO,36T39,0.9434278127441063,0.9647627343336891,0.9883954906105555
LAO,41T43,0.9846139343448691,0.9884537845249575,0.9883954906105555
LAO,45T47,1.0135287576187921,0.9569124005115779,0.9883954906105555
LAO,49,1.050662435643556,0.9648173353337923,0.9883954906105555
LAO,50,1.0009205452161485,0.9936331707860567,0.9883954906105555
LAO,51,1.1585067073141122,0.9533133831355938,0.9883954906105555
LAO,52,1.0157299099789177,0.9868581556937923,0.9883954906105555
LAO,53,1.026300194513273,0.9538591229740169,0.9883954906105555
LAO,55T56,0.9988291098423993,1.0191620854023657,0.9883954906105555
LAO,58T60,0.9952199960357799,1.0075309333660547,0.9883954906105555
LAO,61,1.0040458219862338,0.9557781489270487,0.9883954906105555
LAO,62T63,1.0156397215121837,0.9723664242111281,0.9883954906105555
LAO,64T66,1.0181738465954626,0.9412694184145711,0.9883954906105555
LAO,68,1.0077345976823453,0.9405881333590616,0.9883954906105555
LAO,69T75,1.0250143862257377,0.9638271458148375,0.9883954906105555
LAO,77T82,1.0204902198521983,0.9680908918307282,0.9883954906105555
LAO,84,0.9885625981290909,0.9571449744114763,0.9883954906105555
LAO,85,1.0002779224650384,0.9550309956799168,0.9883954906105555
LAO,86T88,1.0106875538161266,0.9640660047479034,0.9883954906105555
LAO,90T93,1.0240530374295158,0.9641373994771485,0.9883954906105555
LAO,94T98,1.0011748922457637,0.9518989816623394,0.9883954906105555
LTU,01T02,0.7734025500176408,1.030379197513749,1.0254918597937865
LTU,03,1.019310458836651,1.0192919734522972,1.0254918597937865
LTU,05T06,0.7118704591156362,1.0232423358489937,1.0254918597937865
LTU,07T08,0.9760050918400174,1.02272284600695,1.0254918597937865
LTU,10T12,1.0220732669687282,1.0410337504392224,1.0254918597937865
LTU,13T15,1.0320467359186505,1.0150513190474721,1.0254918597937865
LTU,16,1.0133817631405415,1.036835683895567,1.0254918597937865
LTU,17T18,1.020058354614603,1.0212784178232348,1.0254918597937865
LTU,19,1.0064702056615837,1.0356234062618401,1.0254918597937865
LTU,20,0.9872010997616586,1.0300263969009755,1.0254918597937865
LTU,21,1.0203561022530774,1.0140871380353977,1.0254918597937865
LTU,22,1.0187593144344602,1.0182472382071819,1.0254918597937865
LTU,23,0.9276441524836897,1.0247817166557718,1.0254918597937865
LTU,24,1.3076100538774924,1.0328393684191333,1.0254918597937865
LTU,25,1.0484737831026942,1.0211992501615668,1.0254918597937865
LTU,26,1.0266684703375066,1.0152018452641063,1.0254918597937865
LTU,27,1.0298128765519736,1.023706290790515,1.0254918597937865
LTU,28,1.0199554627815623,1.021727418695171,1.0254918597937865
LTU,29T30,1.0307716987115083,1.0185135671948218,1.0254918597937865
LTU,31T33,1.022651609422031,1.0174251338450782,1.0254918597937865
LTU,35,1.055066407286441,1.023755456665037,1.0254918597937865
LTU,36T39,1.0213031219017994,1.016193163519726,1.0254918597937865
LTU,41T43,1.0227704393601198,1.0176998836737325,1.0254918597937865
LTU,45T47,1.011941807125612,1.011126837424043,1.0254918597937865
LTU,49,1.004899219083868,1.0122876895198205,1.0254918597937865
LTU,50,0.9941085542249988,1.0116736431348035,1.0254918597937865
LTU,51,0.9944844346531455,1.0138540623313632,1.0254918597937865
LTU,52,1.0033476578581653,1.0120421984049683,1.0254918597937865
LTU,53,1.0106957054887817,1.0109187259496584,1.0254918597937865
LTU,55T56,1.0237269749465505,1.0145176989265339,1.0254918597937865
LTU,58T60,1.0084174906943808,1.013424698448627,1.0254918597937865
LTU,61,1.0139260962296883,1.011362473887274,1.0254918597937865
LTU,62T63,1.0067614210424283,1.0098146177343377,1.0254918597937865
LTU,64T66,1.0130131500381327,1.0089862740929172,1.0254918597937865
LTU,68,1.0144251355097478,1.013353248879873,1.0254918597937865
LTU,69T75,1.0048407627107234,1.0103717003499864,1.0254918597937865
LTU,77T82,1.0121508630668083,1.0120851351125657,1.0254918597937865
LTU,84,1.0243279451770375,1.0102729352035287,1.0254918597937865
LTU,85,1.0241013811815929,1.0093688947819435,1.0254918597937865
LTU,86T88,1.0246756247571847,1.0107534274010384,1.0254918597937865
LTU,90T93,1.021948735408668,1.0118935896965466,1.0254918597937865
LTU,94T98,1.0187527572230495,1.0109140041902176,1.0254918597937865
LVA,01T02,0.8428080375185789,1.0465372174860839,1.0195839550641959
LVA,03,1.009539007383802,1.016790590495578,1.0195839550641959
LVA,05T06,0.04892341180228435,1.017848814649005,1.0195839550641959
LVA,07T08,0.9876476027292891,1.0118930671007222,1.0195839550641959
LVA,10T12,1.0216394010269885,1.0415466699042903,1.0195839550641959
LVA,13T15,1.0027448753676216,1.0211574995150996,1.0195839550641959
LVA,16,0.9787166305368508,1.0486830028814584,1.0195839550641959
LVA,17T18,1.0398254154335922,1.01358092508035,1.0195839550641959
LVA,19,1.044137349793895,1.018640101225548,1.0195839550641959
LVA,20,0.9931545716722316,1.026710302025835,1.0195839550641959
LVA,21,1.0126960131217189,1.0109567301226396,1.0195839550641959
LVA,22,1.0149449193903006,1.0193991864728644,1.0195839550641959
LVA,23,0.9137407371128204,1.0163466760217212,1.0195839550641959
LVA,24,1.353706080140966,1.0282436455487305,1.0195839550641959
LVA,25,1.029215251768239,1.0268297511519104,1.0195839550641959
LVA,26,1.0273725419456872,1.0126191757800407,1.0195839550641959
LVA,27,1.0409925304765852,1.015773858265589,1.0195839550641959
LVA,28,1.0195079897332349,1.0194841952287224,1.0195839550641959
LVA,29T30,1.0063021836386168,1.0276698384832297,1.0195839550641959
LVA,31T33,1.0079083113464153,1.0206265800206933,1.0195839550641959
LVA,35,0.9847675254036783,1.032168135337329,1.0195839550641959
LVA,36T39,1.0307139300012398,1.013861014384317,1.0195839550641959
LVA,41T43,1.016667238231791,1.0202952536274603,1.0195839550641959
LVA,45T47,1.0061695559119168,1.0098936014036308,1.0195839550641959
LVA,49,0.9954549508910941,1.013187887292318,1.0195839550641959
LVA,50,1.0085904105523924,1.0081152546756584,1.0195839550641959
LVA,51,1.0036863480440092,1.0107586478946127,1.0195839550641959
LVA,52,1.005558282364938,1.0094627831306688,1.0195839550641959
LVA,53,1.0183009262866662,1.0070339760277032,1.0195839550641959
LVA,55T56,1.0229612468434792,1.0141246367331456,1.0195839550641959
LVA,58T60,1.0021114613388993,1.0078710662745305,1.0195839550641959
LVA,61,1.0199191475659952,1.0072062019767423,1.0195839550641959
LVA,62T63,1.0132316339336689,1.0052725282807746,1.0195839550641959
LVA,64T66,1.0091797740448412,1.0053965506982312,1.0195839550641959
LVA,68,1.0156159962152278,1.0087148311075544,1.0195839550641959
LVA,69T75,1.0116332085333735,1.006914436265257,1.0195839550641959
LVA,77T82,1.0102055285312261,1.008767847622923,1.0195839550641959
LVA,84,1.0190114708978988,1.0077262235878672,1.0195839550641959
LVA,85,1.019022673637765,1.0096533958089147,1.0195839550641959
LVA,86T88,1.0193373609866518,1.0105055746449447,1.0195839550641959
LVA,90T93,1.0185545362955204,1.012656487463728,1.0195839550641959
LVA,94T98,1.0185826793090864,1.0108046320853532,1.0195839550641959
MAR,01T02,1.002933656437946,1.0263831501429854,1.0340612821459523
MAR,03,1.03125964331934,1.0133214299593638,1.0340612821459523
MAR,05T06,0.9311720445439425,1.0239065725293366,1.0340612821459523
MAR,07T08,0.972583139770056,1.0201327773327273,1.0340612821459523
MAR,10T12,1.0310892111355656,1.0466751830340875,1.0340612821459523
MAR,13T15,1.0154480314158953,1.0217032603476328,1.0340612821459523
MAR,16,1.0471313022109754,1.0307089496960467,1.0340612821459523
MAR,17T18,1.018178947513051,1.023470552308261,1.0340612821459523
MAR,19,0.9412252989645296,1.057976894869933,1.0340612821459523
MAR,20,0.9934958385870312,1.0196417286835733,1.0340612821459523
MAR,21,1.019067567952874,1.0190465210985313,1.0340612821459523
MAR,22,1.0031396662284147,1.0335472569250312,1.0340612821459523
MAR,23,0.733797992867916,1.0557946319930969,1.0340612821459523
MAR,24,1.1250237390889364,1.0392640660321355,1.0340612821459523
MAR,25,1.0209578402111563,1.0363317930512879,1.0340612821459523
MAR,26,1.0131402484116712,1.0276971776133816,1.0340612821459523
MAR,27,1.0313670327232465,1.0254004951637943,1.0340612821459523
MAR,28,1.0247685992990345,1.0271251983463743,1.0340612821459523
MAR,29T30,1.014363222726711,1.0285283002622523,1.0340612821459523
MAR,31T33,1.0232704445108305,1.0208409423575835,1.0340612821459523
MAR,35,0.7383051389742529,1.0269681624873486,1.0340612821459523
MAR,36T39,1.012207023856259,1.0202510419880095,1.0340612821459523
MAR,41T43,1.031985267811204,1.063133903117954,1.0340612821459523
MAR,45T47,1.0142559322808575,1.0179112465033116,1.0340612821459523
MAR,49,1.010240806516586,1.0187324420679078,1.0340612821459523
MAR,50,0.9989693443931499,1.0169830126071442,1.0340612821459523
MAR,51,0.9906636171386467,1.0240250586913244,1.0340612821459523
MAR,52,1.014652918425871,1.0173167027822536,1.0340612821459523
MAR,53,1.027027812026705,1.0165887435756091,1.0340612821459523
MAR,55T56,1.0202343541826084,1.0261637781809532,1.0340612821459523
MAR,58T60,0.987474886404924,1.0289255202772245,1.0340612821459523
MAR,61,1.0217672215159146,1.021796641738407,1.0340612821459523
MAR,62T63,1.0252112160775677,1.0098076417701365,1.0340612821459523
MAR,64T66,1.008334206773583,1.0117483063950257,1.0340612821459523
MAR,68,1.028354511354968,1.0095101061312919,1.0340612821459523
MAR,69T75,1.0206918154766507,1.010055622582402,1.0340612821459523
MAR,77T82,1.0197082990294157,1.0105274250731633,1.0340612821459523
MAR,84,1.0322086643704096,1.018900081718167,1.0340612821459523
MAR,85,1.033204913167771,1.01459700189806,1.0340612821459523
MAR,86T88,1.0328372402235262,1.016738281394876,1.0340612821459523
MAR,90T93,1.0183624748853497,1.0206240254139096,1.0340612821459523
MAR,94T98,1.025210871988774,1.0140285207784014,1.0340612821459523
MEX,01T02,0.8655517864962814,1.0209064131009455,1.019640655399887
MEX,03,1.018119157100974,1.016302168075263,1.019640655399887
MEX,05T06,0.8930553084979501,1.0168544358749878,1.019640655399887
MEX,07T08,0.9907345965463963,1.020179450281553,1.019640655399887
MEX,10T12,1.017565636414046,1.046389787677375,1.019640655399887
MEX,13T15,1.0072391429307541,1.0231844803511123,1.019640655399887
MEX,16,0.9898094332920387,1.0478832228757413,1.019640655399887
MEX,17T18,1.0173715353728645,1.0211426825805565,1.019640655399887
MEX,19,0.9962420883101927,1.0474636393448762,1.019640655399887
MEX,20,0.9886568188088497,1.0299004576620405,1.019640655399887
MEX,21,1.0074149582542742,1.0232683084043488,1.019640655399887
MEX,22,1.004451017244175,1.0294566893843702,1.019640655399887
MEX,23,0.7604348130991173,1.0609246352094623,1.019640655399887
MEX,24,1.0506089432969534,1.029282567892759,1.019640655399887
MEX,25,1.014631912419398,1.035839503333862,1.019640655399887
MEX,26,1.0202011324686993,1.0198717882621036,1.019640655399887
MEX,27,1.0234869991084583,1.0291845387656176,1.019640655399887
MEX,28,1.0217990772813714,1.0217299778372222,1.019640655399887
MEX,29T30,1.017426620875561,1.0232484126296146,1.019640655399887
MEX,31T33,1.012757779105038,1.0227708702188707,1.019640655399887
MEX,35,0.7790962688710144,1.0137180575466822,1.019640655399887
MEX,36T39,1.0044880857177654,1.0496324855720096,1.019640655399887
MEX,41T43,1.0191078838832621,1.0220979573939306,1.019640655399887
MEX,45T47,1.015704029647511,1.0082454536666596,1.019640655399887
MEX,49,1.0134852347181607,1.0119906894914488,1.019640655399887
MEX,50,1.0223583347972722,1.007858071288402,1.019640655399887
MEX,51,1.0154607350657139,1.0197831605563707,1.019640655399887
MEX,52,1.0158679639297543,1.0114181110104223,1.019640655399887
MEX,53,1.0168368531718674,1.0128535162169294,1.019640655399887
MEX,55T56,1.025139945255434,1.0139118206358229,1.019640655399887
MEX,58T60,1.0185978986550632,1.0124722612489259,1.019640655399887
MEX,61,1.018530408928224,1.0077560343007843,1.019640655399887
MEX,62T63,1.018688017926827,1.0097438142443096,1.019640655399887
MEX,64T66,1.0195177095437071,1.0052006005435818,1.019640655399887
MEX,68,1.0190828892522281,1.004151768004306,1.019640655399887
MEX,69T75,1.010404371722756,1.008178068816922,1.019640655399887
MEX,77T82,1.0098854585959647,1.0072363712728005,1.019640655399887
MEX,84,1.0194540851106382,1.0130139444209552,1.019640655399887
MEX,85,1.01992446007695,1.0080878452271467,1.019640655399887
MEX,86T88,1.0197206912811585,1.0114485929266732,1.019640655399887
MEX,90T93,1.0202763182850199,1.0101313370884017,1.019640655399887
MEX,94T98,1.0189543855626775,1.0075171017884303,1.019640655399887
MLT,01T02,1.1068559320123943,1.0202753751151556,1.0227828866428088
MLT,03,1.0280384665102378,1.0156530390398577,1.0227828866428088
MLT,05T06,0.9686884380493678,1.0198806255357302,1.0227828866428088
MLT,07T08,1.0379405001969102,1.0212053600929552,1.0227828866428088
MLT,10T12,1.0629759788732065,1.0253504463121057,1.0227828866428088
MLT,13T15,0.9870105195819352,1.0281117170439737,1.0227828866428088
MLT,16,1.050556983515331,1.0210544009764178,1.0227828866428088
MLT,17T18,1.0646581797256922,1.0191859839047104,1.0227828866428088
MLT,19,1.0302102342738126,1.0211803279447689,1.0227828866428088
MLT,20,1.020181355688068,1.023226546149996,1.0227828866428088
MLT,21,1.0046989006549722,1.0215913364751543,1.0227828866428088
MLT,22,1.0310110710207239,1.0209302956040418,1.0227828866428088
MLT,23,1.0914584685311752,1.0235939274763415,1.0227828866428088
MLT,24,1.3096475152534122,1.0206982953751749,1.0227828866428088
MLT,25,1.0208694114773338,1.0258122622715344,1.0227828866428088
MLT,26,1.0099206504139147,1.028755595765931,1.0227828866428088
MLT,27,1.0403557851646104,1.0193017661549295,1.0227828866428088
MLT,28,1.0207297681174987,1.0243198299321647,1.0227828866428088
MLT,29T30,1.0228116079879288,1.0206272264913436,1.0227828866428088
MLT,31T33,1.0248495585572914,1.019493780024951,1.0227828866428088
MLT,35,0.9162969831457455,1.0683607920318279,1.0227828866428088
MLT,36T39,1.0197732993943847,1.0304460039322931,1.0227828866428088
MLT,41T43,1.0215172199248637,1.0211171346100099,1.0227828866428088
MLT,45T47,1.01720020930655,1.0172785342080108,1.0227828866428088
MLT,49,1.01900356238889,1.018341051362853,1.0227828866428088
MLT,50,1.0101133628742938,1.017692396489446,1.0227828866428088
MLT,51,1.0010154171393773,1.0205698967341785,1.0227828866428088
MLT,52,1.0056579190306845,1.0207018131753534,1.0227828866428088
MLT,53,1.0116410741082573,1.0177024281847649,1.0227828866428088
MLT,55T56,1.0201052804645683,1.0221084966150902,1.0227828866428088
MLT,58T60,1.0051821139753496,1.0157042974996238,1.0227828866428088
MLT,61,1.01145754653193,1.0159941202980167,1.0227828866428088
MLT,62T63,0.9982437177174598,1.0183453519133074,1.0227828866428088
MLT,64T66,1.0103565956837224,1.0158846257448226,1.0227828866428088
MLT,68,1.0153069790904299,1.0182269244948905,1.0227828866428088
MLT,69T75,1.0077894139993666,1.0161954071177879,1.0227828866428088
MLT,77T82,1.0103281881130937,1.016242617999234,1.0227828866428088
MLT,84,1.0210830979616423,1.0170935441861935,1.0227828866428088
MLT,85,1.0205235141926345,1.016817338949285,1.0227828866428088
MLT,86T88,1.0215007463797408,1.0202088887431062,1.0227828866428088
MLT,90T93,1.0134183903946947,1.014151796257416,1.0227828866428088
MLT,94T98,1.0185654870850949,1.018163688698958,1.0227828866428088
MMR,01T02,0.6197087889164006,1.0817869514345564,1.004612072327352
MMR,03,0.9960131026602413,0.9052148215166378,1.004612072327352
MMR,05T06,0.8623513664504996,0.9548058241861473,1.004612072327352
MMR,07T08,1.2026659391510575,0.9566022102618147,1.004612072327352
MMR,10T12,0.8729935043402841,1.131793117888503,1.004612072327352
MMR,13T15,1.0705607184344543,1.0002292030237208,1.004612072327352
MMR,16,0.9992941006404318,1.0482037928081218,1.004612072327352
MMR,17T18,1.0572846453135067,0.986983274033523,1.004612072327352
MMR,19,1.0822835005834377,0.9954997220085907,1.004612072327352
MMR,20,0.9951585256092463,1.0336901755856391,1.004612072327352
MMR,21,0.9823628958180924,1.0262366763416189,1.004612072327352
MMR,22,1.0324570107680249,1.024754296240867,1.004612072327352
MMR,23,0.9672370616131443,0.9668457458137909,1.004612072327352
MMR,24,1.6678530205386923,0.9669920791616216,1.004612072327352
MMR,25,1.1232976134365262,0.9709201022103139,1.004612072327352
MMR,26,1.0390497330067108,0.9639551585904066,1.004612072327352
MMR,27,1.0988923258398868,0.971479870514585,1.004612072327352
MMR,28,1.0911977703903402,0.9659666068300908,1.004612072327352
MMR,29T30,1.103976274790527,0.9648568186097569,1.004612072327352
MMR,31T33,1.050705409265056,0.9784992101089838,1.004612072327352
MMR,35,0.564221223014009,1.0275739214041695,1.004612072327352
MMR,36T39,1.0267674946190422,0.9706710142853953,1.004612072327352
MMR,41T43,1.0045021712880173,0.9810041219182529,1.004612072327352
MMR,45T47,0.9695083695975955,0.991685063490144,1.004612072327352
MMR,49,1.0047067606871911,0.9507345928117908,1.004612072327352
MMR,50,1.0824454539969082,0.9616357241624793,1.004612072327352
MMR,51,1.0531920912800543,0.9632952594721614,1.004612072327352
MMR,52,1.0252156426660095,0.9576420328867503,1.004612072327352
MMR,53,1.0451797345246705,0.9346212125691897,1.004612072327352
MMR,55T56,1.018645216612045,1.011849111482721,1.004612072327352
MMR,58T60,1.114108275310282,0.9589800244463316,1.004612072327352
MMR,61,1.0362109778208524,0.9271188415120803,1.004612072327352
MMR,62T63,1.1897063690562903,0.9395219333299144,1.004612072327352
MMR,64T66,1.016266986278024,0.9234276231714079,1.004612072327352
MMR,68,1.0261804325808732,0.9312853615722314,1.004612072327352
MMR,69T75,1.1294089850229052,0.949653400944107,1.004612072327352
MMR,77T82,1.0478124697164937,0.9619387259003767,1.004612072327352
MMR,84,1.0049904243636691,0.9685158274830387,1.004612072327352
MMR,85,1.0066402459363548,0.9743275515270345,1.004612072327352
MMR,86T88,1.0056380894769645,0.9803935644732357,1.004612072327352
MMR,90T93,1.0072216399598244,1.0134699905736035,1.004612072327352
MMR,94T98,1.0083666253933232,0.9984720029174855,1.004612072327352
NLD,01T02,1.1091502972797544,1.0359807072983502,1.027983721905245
NLD,03,1.0175063993000206,1.021420590343437,1.027983721905245
NLD,05T06,0.9482659277623507,1.0338950803510916,1.027983721905245
NLD,07T08,0.9856650811556878,1.0399436659855663,1.027983721905245
NLD,10T12,1.031996284718064,1.041614635089307,1.027983721905245
NLD,13T15,0.9970783168297719,1.0261710481428648,1.027983721905245
NLD,16,1.055447621264578,1.0258392634468523,1.027983721905245
NLD,17T18,1.0260474457004862,1.0218334605770774,1.027983721905245
NLD,19,0.9971387961178602,1.043723620745677,1.027983721905245
NLD,20,1.0112391473260114,1.0252244349081956,1.027983721905245
NLD,21,1.0170690457593219,1.0197977539518026,1.027983721905245
NLD,22,1.0197735847841005,1.0239714994016182,1.027983721905245
NLD,23,1.0736567706841094,1.0280640435590063,1.027983721905245
NLD,24,0.9631343942906488,1.0435502681542146,1.027983721905245
NLD,25,1.027588185991045,1.031514366145585,1.027983721905245
NLD,26,1.0247935383412554,1.0185750193943368,1.027983721905245
NLD,27,1.0342461333984156,1.0239113443513335,1.027983721905245
NLD,28,1.02606983183568,1.023243055586129,1.027983721905245
NLD,29T30,1.0232939952651632,1.0234200046044217,1.027983721905245
NLD,31T33,1.0131143017872248,1.0224692468958898,1.027983721905245
NLD,35,0.8471567925739782,1.0385866900403224,1.027983721905245
NLD,36T39,1.0225370096958042,1.0221521849930226,1.027983721905245
NLD,41T43,1.0238230422371413,1.024947274830243,1.027983721905245
NLD,45T47,1.0144838940909826,1.0191479603702374,1.027983721905245
NLD,49,1.011005385513666,1.02048337788457,1.027983721905245
NLD,50,0.9987493274577013,1.0191851642995082,1.027983721905245
NLD,51,1.0007370254008499,1.0211409036191927,1.027983721905245
NLD,52,1.007714192150125,1.0196931295235998,1.027983721905245
NLD,53,1.0108938930323628,1.016998962474539,1.027983721905245
NLD,55T56,1.021899396098727,1.024817003945059,1.027983721905245
NLD,58T60,1.0060960163159884,1.0175721914917737,1.027983721905245
NLD,61,1.0119620208617128,1.019336832317582,1.027983721905245
NLD,62T63,1.0068615173581819,1.017568880566736,1.027983721905245
NLD,64T66,1.0169759742550701,1.0175046664323217,1.027983721905245
NLD,68,1.0251590856221835,1.0191504593403136,1.027983721905245
NLD,69T75,1.0079347121577011,1.018277037951652,1.027983721905245
NLD,77T82,1.0088572927585797,1.0182478228659697,1.027983721905245
NLD,84,1.0261987511658024,1.0191137553680185,1.027983721905245
NLD,85,1.025818716769534,1.0187411755774118,1.027983721905245
NLD,86T88,1.0274295542416376,1.0191843440151613,1.027983721905245
NLD,90T93,1.0210301184409607,1.0231178817367217,1.027983721905245
NLD,94T98,1.024055392409929,1.0212224298393324,1.027983721905245
NOR,01T02,0.9876880123933262,1.0253831806248528,1.0170083997360495
NOR,03,1.018189232095318,1.0182565933301548,1.0170083997360495
NOR,05T06,0.9911369610060162,1.0159752289895607,1.0170083997360495
NOR,07T08,1.0092938800791038,1.0200767114555678,1.0170083997360495
NOR,10T12,1.0307144211806287,1.0339602220331177,1.0170083997360495
NOR,13T15,1.021932906186921,1.0181897665477007,1.0170083997360495
NOR,16,1.0533782971998207,1.0269535469078184,1.0170083997360495
NOR,17T18,1.0239766875417948,1.0223212829004555,1.0170083997360495
NOR,19,1.0125626953898477,1.0351922585342,1.0170083997360495
NOR,20,1.019152374859741,1.0201654327420118,1.0170083997360495
NOR,21,1.021329979270712,1.0156772041351505,1.0170083997360495
NOR,22,1.0290628868971972,1.0184318148554055,1.0170083997360495
NOR,23,1.0223909279228771,1.0244713912623802,1.0170083997360495
NOR,24,0.9889893865705588,1.0410270213888393,1.0170083997360495
NOR,25,1.023076179376973,1.030264817663198,1.0170083997360495
NOR,26,1.0206853429805605,1.0172106799367058,1.0170083997360495
NOR,27,1.024894090716237,1.0249392220047076,1.0170083997360495
NOR,28,1.0195096566970163,1.0217672912806504,1.0170083997360495
NOR,29T30,1.0163683214354493,1.023499580481126,1.0170083997360495
NOR,31T33,1.0117490759136436,1.0199087859997864,1.0170083997360495
NOR,35,1.0498169144617573,1.0143793713295397,1.0170083997360495
NOR,36T39,1.0150941563890767,1.0161202460001886,1.0170083997360495
NOR,41T43,1.0168088743512929,1.0189510425880652,1.0170083997360495
NOR,45T47,1.0144342319777482,1.014453680033134,1.0170083997360495
NOR,49,1.015163836671131,1.0144665771392205,1.0170083997360495
NOR,50,1.0098840738806274,1.016763675716156,1.0170083997360495
NOR,51,1.0022617390608457,1.017626779193643,1.0170083997360495
NOR,52,1.0114586176038487,1.0174094874617117,1.0170083997360495
NOR,53,1.0147309645711244,1.0144155677311533,1.0170083997360495
NOR,55T56,1.0206875702355367,1.0183841607967459,1.0170083997360495
NOR,58T60,1.0129678764480394,1.014173392903167,1.0170083997360495
NOR,61,1.0160027731809347,1.0135159625987933,1.0170083997360495
NOR,62T63,1.011278837808666,1.013244269089794,1.0170083997360495
NOR,64T66,1.0107974170715082,1.0122073138007373,1.0170083997360495
NOR,68,1.0165210159689193,1.0136118856970764,1.0170083997360495
NOR,69T75,1.007425393173585,1.0136805664340738,1.0170083997360495
NOR,77T82,1.0118954983354365,1.0145043303623913,1.0170083997360495
NOR,84,1.0167694957735054,1.013916528652865,1.0170083997360495
NOR,85,1.0170866047520868,1.012676413205063,1.0170083997360495
NOR,86T88,1.0170102097046516,1.0130585956177889,1.0170083997360495
NOR,90T93,1.016902435934985,1.01481380876833,1.0170083997360495
NOR,94T98,1.0166560144111372,1.0139029900763832,1.0170083997360495
NZL,01T02,0.8126746590280686,1.032811102658649,1.012996182462608
NZL,03,0.9868528839171334,1.0096056871235186,1.012996182462608
NZL,05T06,0.9263918810201394,1.0202876554858582,1.012996182462608
NZL,07T08,1.006913649965015,0.9983898889252174,1.012996182462608
NZL,10T12,0.979990275793246,1.067834158221508,1.012996182462608
NZL,13T15,1.0089756410905786,1.0232700913145858,1.012996182462608
NZL,16,1.0161079848603543,1.0329651216539573,1.012996182462608
NZL,17T18,1.0068992333976658,1.0198691471884982,1.012996182462608
NZL,19,1.0008903191337073,1.041812852564365,1.012996182462608
NZL,20,1.0063834890780194,1.018080216812744,1.012996182462608
NZL,21,1.00259985865871,1.0107564607098347,1.012996182462608
NZL,22,1.0246075839923525,1.0087106015717457,1.012996182462608
NZL,23,1.0488092054125933,1.0105687749633836,1.012996182462608
NZL,24,0.9616597270824242,1.0172887622045046,1.012996182462608
NZL,25,1.0285138805101945,1.0225837753328537,1.012996182462608
NZL,26,1.0256755014496604,1.0075161839132685,1.012996182462608
NZL,27,1.0543668650014886,1.0096574719861373,1.012996182462608
NZL,28,1.0192927784335506,1.0190776372865067,1.012996182462608
NZL,29T30,1.0456334946097086,1.0083961117728302,1.012996182462608
NZL,31T33,1.0431917309958123,1.0083805547054405,1.012996182462608
NZL,35,0.9738627685142822,1.0191071796261748,1.012996182462608
NZL,36T39,0.9991604679649173,1.0010415860929227,1.012996182462608
NZL,41T43,1.0098363157812416,1.0093738923433933,1.012996182462608
NZL,45T47,1.0059028009374533,1.0032112091850176,1.012996182462608
NZL,49,1.0033177678183904,1.006207191215327,1.012996182462608
NZL,50,1.0019872216000705,1.0081081910314518,1.012996182462608
NZL,51,1.0148817899481943,1.0077136510336613,1.012996182462608
NZL,52,1.0056642917234342,1.000440363314569,1.012996182462608
NZL,53,1.0071613157164074,1.0021802720839263,1.012996182462608
NZL,55T56,1.0239667242481874,1.0107950892178297,1.012996182462608
NZL,58T60,1.0163232067726438,1.0023470543635387,1.012996182462608
NZL,61,1.0152164833106696,1.001346702492977,1.012996182462608
NZL,62T63,1.0147304487311322,0.998969315154803,1.012996182462608
NZL,64T66,1.0029539630814173,0.9984449190734608,1.012996182462608
NZL,68,1.009830101845151,0.999440513136548,1.012996182462608
NZL,69T75,1.0020537513530214,1.0018317318711776,1.012996182462608
NZL,77T82,0.999234159245589,1.0018859320834097,1.012996182462608
NZL,84,1.0118892073626333,1.0019633706689446,1.012996182462608
NZL,85,1.0125105229081477,0.999369566457896,1.012996182462608
NZL,86T88,1.0130496178662496,1.0025262642995556,1.012996182462608
NZL,90T93,1.0127548384813967,1.0042921655466666,1.012996182462608
NZL,94T98,1.0081918868695348,1.000685394298271,1.012996182462608
PER,01T02,0.5763560752147008,1.0332539496786504,1.0369914684619095
PER,03,1.0218984868961214,1.0156455806822486,1.0369914684619095
PER,05T06,0.9564471747665028,1.0191261329271966,1.0369914684619095
PER,07T08,1.0462092439072521,1.012101312556662,1.0369914684619095
PER,10T12,1.0106658449421295,1.1068569408168991,1.0369914684619095
PER,13T15,1.0092825386095774,1.0344102901913133,1.0369914684619095
PER,16,0.97118675880484,1.0636219234478548,1.0369914684619095
PER,17T18,1.0370224780129649,1.0123098995836597,1.0369914684619095
PER,19,1.0242173641046033,1.0484215037317437,1.0369914684619095
PER,20,1.0346914637974072,1.0179006271896627,1.0369914684619095
PER,21,1.0290887056219862,1.0144076151005512,1.0369914684619095
PER,22,1.031821579684388,1.0186431412340142,1.0369914684619095
PER,23,1.0330444388374636,1.0305295898306233,1.0369914684619095
PER,24,1.4058858169129616,1.0259554711169128,1.0369914684619095
PER,25,1.0617501603610604,1.0174191734311515,1.0369914684619095
PER,26,1.041633381082475,1.013573660481025,1.0369914684619095
PER,27,1.0621580650258813,1.0150203319553504,1.0369914684619095
PER,28,1.046083753516418,1.0150003075294398,1.0369914684619095
PER,29T30,1.0509716715119806,1.012453274670935,1.0369914684619095
PER,31T33,1.0163923115850477,1.0285447755201065,1.0369914684619095
PER,35,0.9508230688352635,1.0220493055558342,1.0369914684619095
PER,36T39,1.0575715811710176,1.0130197699496588,1.0369914684619095
PER,41T43,1.0372741326251689,1.0215870707949581,1.0369914684619095
PER,45T47,1.025777434657576,1.0079012164137886,1.0369914684619095
PER,49,1.0308992359635096,1.014420481162845,1.0369914684619095
PER,50,1.0033036604849177,1.0155236085700603,1.0369914684619095
PER,51,1.0087397131574236,1.0216104045994772,1.0369914684619095
PER,52,1.0233448082849173,1.0131535021549065,1.0369914684619095
PER,53,1.0294460907863239,1.0115344514724791,1.0369914684619095
PER,55T56,1.029512156844676,1.0381449167879566,1.0369914684619095
PER,58T60,1.0418936433010797,1.0077439637038492,1.0369914684619095
PER,61,1.0389393347643134,1.0083094954803733,1.0369914684619095
PER,62T63,1.0435380008251423,1.0062025864995343,1.0369914684619095
PER,64T66,1.0508149177775667,1.0059020906868563,1.0369914684619095
PER,68,1.0365489452080354,1.0053901419264235,1.0369914684619095
PER,69T75,1.0404429527438244,1.0078680966367315,1.0369914684619095
PER,77T82,1.0563294094896705,1.0067349198765279,1.0369914684619095
PER,84,1.0368812661115343,1.0114764962766976,1.0369914684619095
PER,85,1.037114164602249,1.0055262361873345,1.0369914684619095
PER,86T88,1.0368414964260824,1.0074920010484294,1.0369914684619095
PER,90T93,1.034351691787154,1.0186251902114156,1.0369914684619095
PER,94T98,1.037441664341466,1.007262522369978,1.0369914684619095
PHL,01T02,0.9461827717947876,1.0204448728644326,1.0293355829194333
PHL,03,1.0229799073002446,1.0129530287611987,1.0293355829194333
PHL,05T06,0.7787368336388927,1.01205167734433,1.0293355829194333
PHL,07T08,1.0769626388653528,1.0129443120273136,1.0293355829194333
PHL,10T12,1.0303606596391688,1.0402843842225074,1.0293355829194333
PHL,13T15,1.0287001443516264,1.0206068759643994,1.0293355829194333
PHL,16,1.027686252592802,1.0353286155547694,1.0293355829194333
PHL,17T18,0.999276751455611,1.0321842822814797,1.0293355829194333
PHL,19,1.0047574792754788,1.0423586132845755,1.0293355829194333
PHL,20,1.0171198896710985,1.0252202864288495,1.0293355829194333
PHL,21,0.9956605140740569,1.0308971122504702,1.0293355829194333
PHL,22,1.0271658657811018,1.0299364189822864,1.0293355829194333
PHL,23,0.7697504011127102,1.0386725425508463,1.0293355829194333
PHL,24,1.195520922515144,1.034042120972683,1.0293355829194333
PHL,25,1.0382090961763442,1.0450557983068127,1.0293355829194333
PHL,26,1.016071773171824,1.0267467547971623,1.0293355829194333
PHL,27,1.0390771395156062,1.0252134911370443,1.0293355829194333
PHL,28,1.0193823941907598,1.0294218277025173,1.0293355829194333
PHL,29T30,1.0129520653068318,1.0290603637084266,1.0293355829194333
PHL,31T33,1.007542739294147,1.0284856326429648,1.0293355829194333
PHL,35,0.8219625703018199,1.0335786187086007,1.0293355829194333
PHL,36T39,1.022710885721391,1.025219246268262,1.0293355829194333
PHL,41T43,1.0263416647757264,1.041785849376937,1.0293355829194333
PHL,45T47,1.0127413149693885,1.0198798028153675,1.0293355829194333
PHL,49,1.0115068214040683,1.0226017375184726,1.0293355829194333
PHL,50,1.0201390589881028,1.0163155352920052,1.0293355829194333
PHL,51,1.0171686909446056,1.0175804696484523,1.0293355829194333
PHL,52,1.0122237676269188,1.0186007222277615,1.0293355829194333
PHL,53,1.0240190778577822,1.015793858363467,1.0293355829194333
PHL,55T56,1.0210938570175363,1.0317809895407704,1.0293355829194333
PHL,58T60,0.9937746066081639,1.0232226079958866,1.0293355829194333
PHL,61,1.0236791713718432,1.0155606807280566,1.0293355829194333
PHL,62T63,0.9970083658775654,1.0174637877354615,1.0293355829194333
PHL,64T66,1.0157682701841568,1.009514412080007,1.0293355829194333
PHL,68,1.0258953300029523,1.0132396431469584,1.0293355829194333
PHL,69T75,1.0078465646241974,1.015692802419798,1.0293355829194333
PHL,77T82,1.0097323241881822,1.0159194221337653,1.0293355829194333
PHL,84,1.0287476335720493,1.010781763735014,1.0293355829194333
PHL,85,1.0250887408448044,1.012428017247685,1.0293355829194333
PHL,86T88,1.025703878453704,1.022370594678837,1.0293355829194333
PHL,90T93,1.0195890607611922,1.0212762105172926,1.0293355829194333
PHL,94T98,1.026815782440739,1.0181741995102962,1.0293355829194333
POL,01T02,0.8949166110983453,1.038021565357603,1.029238743901286
POL,03,1.0172421696471332,1.0177525536724705,1.029238743901286
POL,05T06,0.6843635330052075,1.022468294157691,1.029238743901286
POL,07T08,0.9526756681966462,1.0368075370994323,1.029238743901286
POL,10T12,1.0162462543217758,1.0453463310399667,1.029238743901286
POL,13T15,1.0256111257637772,1.0179620122887756,1.029238743901286
POL,16,1.015704374532421,1.0361257441788758,1.029238743901286
POL,17T18,1.020266767130728,1.0227596959637961,1.029238743901286
POL,19,0.9954605809390352,1.0403945128572352,1.029238743901286
POL,20,0.9983179481630161,1.0278647542591588,1.029238743901286
POL,21,1.0354180009632743,1.0101846051341643,1.029238743901286
POL,22,1.014034713434555,1.024419004239556,1.029238743901286
POL,23,0.9160899226221416,1.0415065852700733,1.029238743901286
POL,24,0.9291106212727184,1.0602076739500632,1.029238743901286
POL,25,1.0195486432166998,1.0317379584554631,1.029238743901286
POL,26,1.020650849306859,1.021432480100315,1.029238743901286
POL,27,1.0242599530566248,1.0276050121696816,1.029238743901286
POL,28,1.015117683689399,1.0266163867492597,1.029238743901286
POL,29T30,1.0222493593070368,1.023270707007421,1.029238743901286
POL,31T33,1.0190408237389739,1.0203137475811457,1.029238743901286
POL,35,0.7455375316423088,1.040387766998544,1.029238743901286
POL,36T39,1.0082487402925049,1.0247544588661524,1.029238743901286
POL,41T43,1.01214098619867,1.0221900074737997,1.029238743901286
POL,45T47,1.0148957164938537,1.0131083656667137,1.029238743901286
POL,49,1.0049372681551847,1.0180684774818411,1.029238743901286
POL,50,1.0039502579009085,1.0155169302866731,1.029238743901286
POL,51,1.0104354343025774,1.016199492429676,1.029238743901286
POL,52,1.0064820635933482,1.0198105433456275,1.029238743901286
POL,53,1.0205899331477435,1.0149724309323753,1.029238743901286
POL,55T56,1.0238503946987614,1.0224845378566427,1.029238743901286
POL,58T60,1.0262097506029226,1.010980633488251,1.029238743901286
POL,61,1.0231197304711268,1.0125421809304187,1.029238743901286
POL,62T63,1.0227166889094075,1.0076785815983351,1.029238743901286
POL,64T66,1.0193802930213578,1.0087976918790604,1.029238743901286
POL,68,1.017297504512147,1.0454959502137042,1.029238743901286
POL,69T75,1.0188215493613715,1.0096455233135289,1.029238743901286
POL,77T82,1.0143060362078105,1.0137534407311062,1.029238743901286
POL,84,1.0281860676195607,1.009231997609408,1.029238743901286
POL,85,1.0282610900975389,1.01213610715403,1.029238743901286
POL,86T88,1.0284175301872882,1.0141724059741177,1.029238743901286
POL,90T93,1.0253950669060674,1.0221548397788585,1.029238743901286
POL,94T98,1.0235014695178106,1.0133785927652568,1.029238743901286
PRT,01T02,1.0251988327125083,1.0332412025541786,1.0276655919119824
PRT,03,1.0216660431871836,1.021462448074918,1.0276655919119824
PRT,05T06,0.4315411697600229,1.033705482989341,1.0276655919119824
PRT,07T08,0.9856562530564025,1.0298183889324855,1.0276655919119824
PRT,10T12,1.0270708841325775,1.0446066828528935,1.0276655919119824
PRT,13T15,1.015101544427106,1.0215365277595136,1.0276655919119824
PRT,16,1.003628680827566,1.0387709331861608,1.0276655919119824
PRT,17T18,0.9936466040295088,1.0345414310689842,1.0276655919119824
PRT,19,0.9918852595518253,1.056874990716648,1.0276655919119824
PRT,20,0.9965928480020647,1.0316889949279882,1.0276655919119824
PRT,21,1.0083640706503652,1.0220981615879676,1.0276655919119824
PRT,22,1.0117344842838087,1.0267555676774294,1.0276655919119824
PRT,23,0.9233566008128417,1.037438872317386,1.0276655919119824
PRT,24,1.1270760225201801,1.0433719231321041,1.0276655919119824
PRT,25,1.0237202500814235,1.0309293470226093,1.0276655919119824
PRT,26,1.017858825938371,1.0228825346690869,1.0276655919119824
PRT,27,1.0194878892890336,1.0307527353713024,1.0276655919119824
PRT,28,1.0125656761613224,1.0299133683568584,1.0276655919119824
PRT,29T30,1.0209356498048119,1.0248065385502536,1.0276655919119824
PRT,31T33,1.0107611788640116,1.0244402956072405,1.0276655919119824
PRT,35,0.9158992690399738,1.0776301347795767,1.0276655919119824
PRT,36T39,1.0412513251063455,1.0266935009428189,1.0276655919119824
PRT,41T43,1.0250408396988884,1.0310782057299726,1.0276655919119824
PRT,45T47,1.0142159032758207,1.02054652560098,1.0276655919119824
PRT,49,1.0027688905013228,1.0242790024508968,1.0276655919119824
PRT,50,0.9858691206886186,1.0227164211548714,1.0276655919119824
PRT,51,0.9904453948687212,1.0237864624349893,1.0276655919119824
PRT,52,1.006596309188598,1.0198033095178238,1.0276655919119824
PRT,53,1.0127936228206076,1.0170586401201607,1.0276655919119824
PRT,55T56,1.0182701686929916,1.0260463704498888,1.0276655919119824
PRT,58T60,1.0102551060244642,1.019346403666715,1.0276655919119824
PRT,61,1.0183199689929359,1.0191908247952686,1.0276655919119824
PRT,62T63,1.0121375204138812,1.0173192331177976,1.0276655919119824
PRT,64T66,1.018124788334337,1.0165790386599003,1.0276655919119824
PRT,68,1.0258478206221557,1.0167354257332288,1.0276655919119824
PRT,69T75,1.012096530398543,1.018268216497735,1.0276655919119824
PRT,77T82,1.0133173880376787,1.0182369763107284,1.0276655919119824
PRT,84,1.0260231071389627,1.0198423442454532,1.0276655919119824
PRT,85,1.026727980056685,1.0173409471987136,1.0276655919119824
PRT,86T88,1.0268526237622042,1.02020735413788,1.0276655919119824
PRT,90T93,1.0222585529548411,1.0211622448022886,1.0276655919119824
PRT,94T98,1.0252607851426165,1.0201140670443996,1.0276655919119824
ROU,01T02,0.9757275440776525,1.0334991507326008,1.0282176766114128
ROU,03,1.027236626346092,1.0254241191047724,1.0282176766114128
ROU,05T06,0.8503129364285495,1.0275829629959274,1.0282176766114128
ROU,07T08,0.895341219654304,1.0263084561182654,1.0282176766114128
ROU,10T12,1.029527465028216,1.0394783267386645,1.0282176766114128
ROU,13T15,1.0272290374629158,1.0187673347212578,1.0282176766114128
ROU,16,1.0135413461005904,1.037019852664217,1.0282176766114128
ROU,17T18,1.014977358436276,1.0253035187701132,1.0282176766114128
ROU,19,1.0011382908815638,1.0453748909906966,1.0282176766114128
ROU,20,0.9911437463148256,1.0308721744752678,1.0282176766114128
ROU,21,1.0080321387605593,1.0205705397148532,1.0282176766114128
ROU,22,1.0145804781204815,1.0233874987368827,1.0282176766114128
ROU,23,0.8383208686536422,1.0334903391510943,1.0282176766114128
ROU,24,0.9295580819120338,1.0401755739120817,1.0282176766114128
ROU,25,1.0050236582412446,1.0315996789263444,1.0282176766114128
ROU,26,1.0190704355451765,1.0233429313746611,1.0282176766114128
ROU,27,1.0234862203129576,1.0271615603191366,1.0282176766114128
ROU,28,1.009963552286745,1.0320755474643426,1.0282176766114128
ROU,29T30,1.0144166327394855,1.0267676952579152,1.0282176766114128
ROU,31T33,1.0160436081417743,1.02246259032813,1.0282176766114128
ROU,35,0.9070500031406301,1.047317710092157,1.0282176766114128
ROU,36T39,1.0234407228283686,1.0235585431609986,1.0282176766114128
ROU,41T43,1.0244040959674399,1.0377799324407346,1.0282176766114128
ROU,45T47,1.0139280126092427,1.017835610992908,1.0282176766114128
ROU,49,1.0068241740015258,1.0202810386636278,1.0282176766114128
ROU,50,1.0134548892725774,1.0160771139203262,1.0282176766114128
ROU,51,1.0107856397067998,1.0208026922498556,1.0282176766114128
ROU,52,1.008299884147783,1.0194488077716626,1.0282176766114128
ROU,53,1.0117897468751451,1.0192114592926511,1.0282176766114128
ROU,55T56,1.022414838369873,1.0202206145587709,1.0282176766114128
ROU,58T60,1.0187940241800713,1.0151972679685721,1.0282176766114128
ROU,61,1.0168557395799953,1.0200112078444608,1.0282176766114128
ROU,62T63,1.0092323324543957,1.0147781171607964,1.0282176766114128
ROU,64T66,1.0121947415306327,1.0136719042929765,1.0282176766114128
ROU,68,1.0251782431493077,1.0124431860705958,1.0282176766114128
ROU,69T75,1.010069848295772,1.0180242170313791,1.0282176766114128
ROU,77T82,1.0132142905659376,1.0169809950052724,1.0282176766114128
ROU,84,1.0267913034370189,1.0118861521833837,1.0282176766114128
ROU,85,1.024626699838409,1.0125976976814273,1.0282176766114128
ROU,86T88,1.0266272747308767,1.0141302049360634,1.0282176766114128
ROU,90T93,1.0258784719124654,1.0178030163530545,1.0282176766114128
ROU,94T98,1.0232211097908153,1.017835397691344,1.0282176766114128
ROW,01T02,0.7516279339953867,1.0181458393075464,1.0123894702669398
ROW,03,1.0128480200548775,0.9787248827137549,1.0123894702669398
ROW,05T06,0.855141952620725,0.9930892892793547,1.0123894702669398
ROW,07T08,1.0071975930587387,0.9850059648268038,1.0123894702669398
ROW,10T12,0.990782729975011,1.0645568485873262,1.0123894702669398
ROW,13T15,1.0696082854265332,0.994886820332558,1.0123894702669398
ROW,16,1.0201530122615374,1.030642728703614,1.0123894702669398
ROW,17T18,1.0273811106469835,1.0095541118217242,1.0123894702669398
ROW,19,1.0059578342002167,1.0273671789626617,1.0123894702669398
ROW,20,1.0117383550437784,1.011667215061831,1.0123894702669398
ROW,21,1.0515554169578587,0.9904067549758082,1.0123894702669398
ROW,22,1.03132596672841,1.008606629990696,1.0123894702669398
ROW,23,0.8327678836429204,1.0167544362378582,1.0123894702669398
ROW,24,1.1072552715070143,1.0259320887731718,1.0123894702669398
ROW,25,1.0595381389259644,1.0122695164409905,1.0123894702669398
ROW,26,1.036733092488712,0.9971899235078707,1.0123894702669398
ROW,27,1.047837068206962,1.008953437055592,1.0123894702669398
ROW,28,1.0408030535005108,1.0038943907774511,1.0123894702669398
ROW,29T30,1.0596220778312209,0.9979712136524789,1.0123894702669398
ROW,31T33,1.0613957812286074,0.997180745244251,1.0123894702669398
ROW,35,0.7403267541845687,1.0361370278942583,1.0123894702669398
ROW,36T39,1.008649207750866,0.9932415916308196,1.0123894702669398
ROW,41T43,1.010593007040418,1.0055753348869307,1.0123894702669398
ROW,45T47,1.0140263880523523,0.9837353745058791,1.0123894702669398
ROW,49,1.0247372973574669,0.9857508931313067,1.0123894702669398
ROW,50,1.0509233189271363,0.9846487373358993,1.0123894702669398
ROW,51,1.0510528952425844,0.9897031445706357,1.0123894702669398
ROW,52,1.032255268110494,0.9844775557630252,1.0123894702669398
ROW,53,1.0295359406854196,0.9793759466983033,1.0123894702669398
ROW,55T56,1.023927656162705,1.0094216874801212,1.0123894702669398
ROW,58T60,1.051558984585976,0.9801875995654744,1.0123894702669398
ROW,61,1.0189415086326752,0.9782999745328143,1.0123894702669398
ROW,62T63,1.0567551002005169,0.9731996556029396,1.0123894702669398
ROW,64T66,1.0329267227521985,0.9714045969402109,1.0123894702669398
ROW,68,1.0181319208872557,0.9713591576020913,1.0123894702669398
ROW,69T75,1.0390414225475368,0.97428413708112,1.0123894702669398
ROW,77T82,1.0280520525558658,0.9764490784725064,1.0123894702669398
ROW,84,1.0124244691352504,0.9811688225382397,1.0123894702669398
ROW,85,1.014038108509063,0.9803930998352073,1.0123894702669398
ROW,86T88,1.013660037656137,0.9824905783915223,1.0123894702669398
ROW,90T93,1.0235752084042433,0.9875796958302244,1.0123894702669398
ROW,94T98,1.014974337938371,0.9826517832097076,1.0123894702669398
RUS,01T02,0.9272230260079101,1.0037615562448572,0.9959064667855939
RUS,03,1.025207871709186,0.9779450658440481,0.9959064667855939
RUS,05T06,0.877552691112175,0.9814984304397224,0.9959064667855939
RUS,07T08,0.909345985679776,0.991883985444343,0.9959064667855939
RUS,10T12,1.0114410754347696,1.0262588506452568,0.9959064667855939
RUS,13T15,1.073768351608958,0.9927196691213307,0.9959064667855939
RUS,16,1.0378393128213106,1.0184145505828872,0.9959064667855939
RUS,17T18,1.0169558000301215,1.0089834913978053,0.9959064667855939
RUS,19,1.0254659616348667,1.0006032870757209,0.9959064667855939
RUS,20,0.9927415357328182,1.0167397700831249,0.9959064667855939
RUS,21,1.0351013439218233,0.9898900045669888,0.9959064667855939
RUS,22,1.001595535390827,1.0114645674416782,0.9959064667855939
RUS,23,0.7860828916819995,1.0506495800322608,0.9959064667855939
RUS,24,0.6569540642879071,1.0554834331987426,0.9959064667855939
RUS,25,0.9733358139475213,1.0429811573005918,0.9959064667855939
RUS,26,1.015396431351436,0.9977284574692333,0.9959064667855939
RUS,27,0.9745841686499125,1.0367759911077112,0.9959064667855939
RUS,28,0.9706069523559022,1.0309413519144297,0.9959064667855939
RUS,29T30,1.006861896543103,1.0121487977189139,0.9959064667855939
RUS,31T33,0.9846460958133008,1.006290722449657,0.9959064667855939
RUS,35,0.653946933916094,1.107427869954327,0.9959064667855939
RUS,36T39,0.8876546413564208,1.046557193596125,0.9959064667855939
RUS,41T43,0.9888894413667091,1.0097075260657806,0.9959064667855939
RUS,45T47,0.9979880992527274,0.9784347678674123,0.9959064667855939
RUS,49,0.9777199482632147,0.9946643730644503,0.9959064667855939
RUS,50,1.0447268682978539,0.9804805056870606,0.9959064667855939
RUS,51,1.0445218869139206,0.9855215854155075,0.9959064667855939
RUS,52,0.987223322889884,0.9857012803285232,0.9959064667855939
RUS,53,1.0085554157852867,0.9789351418045736,0.9959064667855939
RUS,55T56,1.0215907129221071,0.9946815215137523,0.9959064667855939
RUS,58T60,1.057043657498628,0.9789131688120192,0.9959064667855939
RUS,61,1.0042703640925934,0.9832823428487217,0.9959064667855939
RUS,62T63,1.0379783004050473,0.9724597803405246,0.9959064667855939
RUS,64T66,0.9916193694017919,0.9680631336978912,0.9959064667855939
RUS,68,0.9929116111641364,0.9837244511466932,0.9959064667855939
RUS,69T75,1.0051005359407068,0.9782258893399538,0.9959064667855939
RUS,77T82,0.9823423854161132,0.9731016790630824,0.9959064667855939
RUS,84,0.9957180748975185,0.9800643172455004,0.9959064667855939
RUS,85,0.997029470383711,0.9797059557435165,0.9959064667855939
RUS,86T88,0.9962769771563064,0.9842053793367042,0.9959064667855939
RUS,90T93,1.0013713000219977,0.9837031515068231,0.9959064667855939
RUS,94T98,1.0001379407468791,0.9736939459951807,0.9959064667855939
SAU,01T02,1.0960968617662479,1.0047387669245165,1.0077348615358193
SAU,03,1.0032063535791182,1.006567107153831,1.0077348615358193
SAU,05T06,0.9572055336647429,0.9927839415031061,1.0077348615358193
SAU,07T08,1.0056629956366863,0.9952259598783258,1.0077348615358193
SAU,10T12,1.052127053906041,1.0144320662161628,1.0077348615358193
SAU,13T15,1.020169167583967,1.0133403516201678,1.0077348615358193
SAU,16,1.0379799207353515,1.0156518746749825,1.0077348615358193
SAU,17T18,0.9972171691490169,1.0247947496074175,1.0077348615358193
SAU,19,1.0257181800232804,1.0082972901788203,1.0077348615358193
SAU,20,1.0241847043303662,1.0061145999097152,1.0077348615358193
SAU,21,1.0045135834469816,1.0086197238795418,1.0077348615358193
SAU,22,1.0178089177671616,1.0163144599546063,1.0077348615358193
SAU,23,0.8541097083314964,1.022789210438722,1.0077348615358193
SAU,24,1.172411767513534,1.0179800394899574,1.0077348615358193
SAU,25,1.023189508297052,1.0201094002701696,1.0077348615358193
SAU,26,1.0180621796813192,1.0143857701918502,1.0077348615358193
SAU,27,1.0180731422087248,1.0234871781228359,1.0077348615358193
SAU,28,1.0217881061841136,1.0197250844817134,1.0077348615358193
SAU,29T30,1.041961526862063,1.0142900949402354,1.0077348615358193
SAU,31T33,1.0227075351504626,1.0097553167270916,1.0077348615358193
SAU,35,0.6228077703447853,1.005791755490125,1.0077348615358193
SAU,36T39,1.0076085540250743,1.002376665834232,1.0077348615358193
SAU,41T43,1.006246702200752,1.022824360047949,1.0077348615358193
SAU,45T47,1.004371294537934,1.0075512943790006,1.0077348615358193
SAU,49,1.0216745781056702,1.0008027850765482,1.0077348615358193
SAU,50,1.014422011594225,1.0075086734498881,1.0077348615358193
SAU,51,1.0256057719112053,1.002248976388017,1.0077348615358193
SAU,52,1.013692334952799,1.0024233011443915,1.0077348615358193
SAU,53,1.0020238718187549,1.0148857694100866,1.0077348615358193
SAU,55T56,1.0225669069232555,1.011650045496918,1.0077348615358193
SAU,58T60,1.0262098544497003,1.0044203552670616,1.0077348615358193
SAU,61,1.0038376398576094,1.0111114019245564,1.0077348615358193
SAU,62T63,1.004967961940215,1.0019741839470795,1.0077348615358193
SAU,64T66,1.0180535268528943,0.995651282470205,1.0077348615358193
SAU,68,1.0079938104988362,0.9957942051286583,1.0077348615358193
SAU,69T75,1.0031557555877388,1.0188457773154087,1.0077348615358193
SAU,77T82,1.005468967754255,1.015760591060466,1.0077348615358193
SAU,84,1.0078755712588134,0.9953136708751419,1.0077348615358193
SAU,85,1.00837940678926,0.9967919552555871,1.0077348615358193
SAU,86T88,1.0069420868659051,1.005397760190857,1.0077348615358193
SAU,90T93,1.0098055488462465,0.999432044431028,1.0077348615358193
SAU,94T98,1.0086537070452108,0.9968950904806151,1.0077348615358193
SGP,01T02,0.8444490810406793,1.0194729252862984,1.0256012587869243
SGP,03,1.0093795405934882,1.0190575263628014,1.0256012587869243
SGP,05T06,0.8582010456148507,1.0134004148905609,1.0256012587869243
SGP,07T08,0.9968235588244547,1.0179810820235875,1.0256012587869243
SGP,10T12,0.9807078589952261,1.0752777255118433,1.0256012587869243
SGP,13T15,0.9227544050624024,1.0480194378050696,1.0256012587869243
SGP,16,0.9784330756662679,1.0590040233967113,1.0256012587869243
SGP,17T18,0.998767698630282,1.0335694266688773,1.0256012587869243
SGP,19,0.9683875425742343,1.046462626242688,1.0256012587869243
SGP,20,0.995288206887321,1.0281246778310393,1.0256012587869243
SGP,21,1.0512443742488153,1.0059067694569013,1.0256012587869243
SGP,22,0.9855684672836585,1.0441992059098741,1.0256012587869243
SGP,23,0.9944245319836024,1.0551900293727166,1.0256012587869243
SGP,24,1.2069627261793177,1.0523252371955985,1.0256012587869243
SGP,25,1.0304566937698691,1.042500510196266,1.0256012587869243
SGP,26,1.0193104539572386,1.0221198365794346,1.0256012587869243
SGP,27,1.0274249594564127,1.031924463880862,1.0256012587869243
SGP,28,1.035667192622347,1.0191425158857574,1.0256012587869243
SGP,29T30,1.027280517992059,1.0210723978981922,1.0256012587869243
SGP,31T33,1.0211800864897864,1.0202016768968831,1.0256012587869243
SGP,35,0.7080377509851589,1.0742655529245027,1.0256012587869243
SGP,36T39,1.0082520715405232,1.0248206921001162,1.0256012587869243
SGP,41T43,1.0177968267518764,1.028853926475694,1.0256012587869243
SGP,45T47,1.000605005514325,1.0110116836761935,1.0256012587869243
SGP,49,1.0050193727362997,1.0136968539442535,1.0256012587869243
SGP,50,0.993280899456946,1.0144237228320316,1.0256012587869243
SGP,51,1.0067544399375876,1.0140584428288464,1.0256012587869243
SGP,52,1.004033977826482,1.0118301127322311,1.0256012587869243
SGP,53,1.0149274797301688,1.0103363261896072,1.0256012587869243
SGP,55T56,1.014891684460109,1.0290103004889923,1.0256012587869243
SGP,58T60,1.0209537550243588,1.0098163217342948,1.0256012587869243
SGP,61,1.0231220581394833,1.0088091148888683,1.0256012587869243
SGP,62T63,1.012686924371251,1.0074933961864465,1.0256012587869243
SGP,64T66,1.0193291370118465,1.0018287942481041,1.0256012587869243
SGP,68,1.0198981480313252,1.0046891625280483,1.0256012587869243
SGP,69T75,1.0239507458217159,1.0058498311752853,1.0256012587869243
SGP,77T82,1.0218678170451982,1.0037550684693464,1.0256012587869243
SGP,84,1.024211165215696,1.013126371451565,1.0256012587869243
SGP,85,1.0246354881123452,1.008448466705891,1.0256012587869243
SGP,86T88,1.0246103065738286,1.010099552432329,1.0256012587869243
SGP,90T93,1.020564897623538,1.014136401988305,1.0256012587869243
SGP,94T98,1.0257536941900733,0.9983666558818103,1.0256012587869243
SVK,01T02,1.0754627809260902,1.0296131563334716,1.0254143486554308
SVK,03,0.9836324994567067,1.0271115425204833,1.0254143486554308
SVK,05T06,0.5909201117930217,1.02344764888576,1.0254143486554308
SVK,07T08,0.8998746173250264,1.0303071770408205,1.0254143486554308
SVK,10T12,1.047644454460622,1.0334700958718055,1.0254143486554308
SVK,13T15,1.0236816697621822,1.0188243080012835,1.0254143486554308
SVK,16,1.0409845130659419,1.024426062124603,1.0254143486554308
SVK,17T18,1.0159134423624345,1.025550807530226,1.0254143486554308
SVK,19,1.0057972530996613,1.0431977262434864,1.0254143486554308
SVK,20,1.0165700098130976,1.023517947062423,1.0254143486554308
SVK,21,0.9949709392862232,1.021107425361227,1.0254143486554308
SVK,22,1.0150975431388014,1.0251845074296648,1.0254143486554308
SVK,23,0.8009871158780469,1.0432391331958508,1.0254143486554308
SVK,24,0.6400418912371236,1.052417654813058,1.0254143486554308
SVK,25,1.0193918427506914,1.0312923658592659,1.0254143486554308
SVK,26,1.0230345344812315,1.0202368945134277,1.0254143486554308
SVK,27,1.0300089235527403,1.0252647553904215,1.0254143486554308
SVK,28,1.0080748980912309,1.0322999153298384,1.0254143486554308
SVK,29T30,1.026151314333353,1.0217378389053378,1.0254143486554308
SVK,31T33,1.0040023588500029,1.0192320611569576,1.0254143486554308
SVK,35,1.005561924689726,1.0515767089994286,1.0254143486554308
SVK,36T39,1.0158811612862726,1.0183462320661585,1.0254143486554308
SVK,41T43,1.0204982385471952,1.023023224209785,1.0254143486554308
SVK,45T47,1.0087867043926289,1.018467964829455,1.0254143486554308
SVK,49,1.0093976767741333,1.0171402959273834,1.0254143486554308
SVK,50,1.0122964407766375,1.0167863892029965,1.0254143486554308
SVK,51,1.0130129806061166,1.017183272997191,1.0254143486554308
SVK,52,1.008429916992989,1.0172874904266964,1.0254143486554308
SVK,53,1.0177238341528034,1.0147269411485789,1.0254143486554308
SVK,55T56,1.0250426843807423,1.0210406744999274,1.0254143486554308
SVK,58T60,1.0186278586047917,1.0159351534318342,1.0254143486554308
SVK,61,1.0220832278126126,1.0140935483498443,1.0254143486554308
SVK,62T63,1.013189938750819,1.0135064408179613,1.0254143486554308
SVK,64T66,1.0187937671356984,1.0127975227496584,1.0254143486554308
SVK,68,1.0229184297123184,1.013920261691456,1.0254143486554308
SVK,69T75,1.0080904494611371,1.0205549695096618,1.0254143486554308
SVK,77T82,1.0161444464974256,1.015360496030881,1.0254143486554308
SVK,84,1.0245790108090833,1.013920272805246,1.0254143486554308
SVK,85,1.0247661099933087,1.0150859686362281,1.0254143486554308
SVK,86T88,1.0253270163429562,1.0149489914558232,1.0254143486554308
SVK,90T93,1.024099756624534,1.0168266674055049,1.0254143486554308
SVK,94T98,1.022379221402768,1.017728702244616,1.0254143486554308
SVN,01T02,0.9075554640615319,1.0317794129440554,1.0247318399411898
SVN,03,1.0211211272874618,1.020056047556728,1.0247318399411898
SVN,05T06,0.6521366033122689,1.0205989665495856,1.0247318399411898
SVN,07T08,0.9816383627026761,1.027554018290027,1.0247318399411898
SVN,10T12,1.0374665285364768,1.0348109678042292,1.0247318399411898
SVN,13T15,1.0283783298833795,1.0167101072002083,1.0247318399411898
SVN,16,1.0097393167138655,1.035790236064576,1.0247318399411898
SVN,17T18,1.0154601098604443,1.0243108509963572,1.0247318399411898
SVN,19,1.0445137774557516,1.0263978870406725,1.0247318399411898
SVN,20,1.011728132071297,1.0241076612773714,1.0247318399411898
SVN,21,1.0109491795812466,1.0155115525171936,1.0247318399411898
SVN,22,1.023832970798839,1.0217256069419398,1.0247318399411898
SVN,23,0.8109832459964871,1.0306410897059564,1.0247318399411898
SVN,24,1.1528876474918437,1.042858661946817,1.0247318399411898
SVN,25,1.0451206145967458,1.0268162754055286,1.0247318399411898
SVN,26,1.0239199844868083,1.0182828492963734,1.0247318399411898
SVN,27,1.0267505502229164,1.0264296519210931,1.0247318399411898
SVN,28,1.0166137098990888,1.0277539273081442,1.0247318399411898
SVN,29T30,1.02121652410981,1.0253557432224576,1.0247318399411898
SVN,31T33,1.0187850812642214,1.021886286576452,1.0247318399411898
SVN,35,0.8032850089228235,1.035889603484611,1.0247318399411898
SVN,36T39,1.0336737941556582,1.0241698005933855,1.0247318399411898
SVN,41T43,1.0183262629891412,1.0265699827440804,1.0247318399411898
SVN,45T47,1.015145520633167,1.016853497180657,1.0247318399411898
SVN,49,1.0122748639842798,1.0172963176270702,1.0247318399411898
SVN,50,1.023560601248572,1.0146578506373067,1.0247318399411898
SVN,51,1.0131176456736994,1.0178083834674618,1.0247318399411898
SVN,52,1.0168401668922618,1.01557103177177,1.0247318399411898
SVN,53,1.0136604761781818,1.0140254975996985,1.0247318399411898
SVN,55T56,1.023960473908422,1.0218578998687395,1.0247318399411898
SVN,58T60,1.0111403183469567,1.0140833437339152,1.0247318399411898
SVN,61,1.0166864659515022,1.01304025821007,1.0247318399411898
SVN,62T63,1.0058176640404364,1.012674723014015,1.0247318399411898
SVN,64T66,1.014434302223671,1.012657839406522,1.0247318399411898
SVN,68,1.0241576713533906,1.0133323299170267,1.0247318399411898
SVN,69T75,1.0111982104038433,1.0164448417673213,1.0247318399411898
SVN,77T82,1.0139315296624172,1.0140585875847756,1.0247318399411898
SVN,84,1.0238717469581284,1.014669745865352,1.0247318399411898
SVN,85,1.0229861847131148,1.014779644793277,1.0247318399411898
SVN,86T88,1.024161581553571,1.0148035942429139,1.0247318399411898
SVN,90T93,1.0237279200047262,1.0164798379541709,1.0247318399411898
SVN,94T98,1.0183807453769507,1.0160728392837082,1.0247318399411898
SWE,01T02,0.8054807219817206,1.0612701435276315,1.023881939169155
SWE,03,1.0202117420037495,1.0199511034273185,1.023881939169155
SWE,05T06,0.9097224695272664,1.0249670686845713,1.023881939169155
SWE,07T08,1.0837812177583992,1.019426233591002,1.023881939169155
SWE,10T12,1.018713618471001,1.0411422237734729,1.023881939169155
SWE,13T15,1.0135067084095488,1.0209696847554375,1.023881939169155
SWE,16,0.9581674991446288,1.0669299681269233,1.023881939169155
SWE,17T18,0.9705853450205294,1.0413543168759423,1.023881939169155
SWE,19,0.992956269317681,1.042805759227739,1.023881939169155
SWE,20,1.0179528638747626,1.0217421534473476,1.023881939169155
SWE,21,1.0169681481125477,1.0182627888118083,1.023881939169155
SWE,22,1.024351233831818,1.0212472479261583,1.023881939169155
SWE,23,1.0147732092026838,1.0284402958998529,1.023881939169155
SWE,24,1.1762677167960331,1.0288588899666231,1.023881939169155
SWE,25,1.0370893001990484,1.0286473017562128,1.023881939169155
SWE,26,1.0215620432265289,1.0192332285799306,1.023881939169155
SWE,27,1.0331534422829636,1.0240516688153818,1.023881939169155
SWE,28,1.025077890166668,1.0212910505311272,1.023881939169155
SWE,29T30,1.0262108098493214,1.021189984664891,1.023881939169155
SWE,31T33,1.0141905906125164,1.0227054073399677,1.023881939169155
SWE,35,1.030488694329226,1.0234305843601605,1.023881939169155
SWE,36T39,1.0419575960095968,1.0198414297419667,1.023881939169155
SWE,41T43,1.0223684773812873,1.023794255622664,1.023881939169155
SWE,45T47,1.0134268340904924,1.0176284712442194,1.023881939169155
SWE,49,1.0134135080331392,1.0193724476658617,1.023881939169155
SWE,50,1.0075895575169533,1.0208088948653091,1.023881939169155
SWE,51,1.0047745229142124,1.0209310041754152,1.023881939169155
SWE,52,1.0132392537998884,1.0192612769011997,1.023881939169155
SWE,53,1.0129411923109384,1.0173308300761827,1.023881939169155
SWE,55T56,1.0202891799387284,1.023026743549504,1.023881939169155
SWE,58T60,1.0088503773402764,1.0173183384006832,1.023881939169155
SWE,61,1.014075538163017,1.0170886741279932,1.023881939169155
SWE,62T63,1.0053277185567693,1.0163631218495586,1.023881939169155
SWE,64T66,1.0106424012545747,1.0167109392755571,1.023881939169155
SWE,68,1.021564743302175,1.0188509606947918,1.023881939169155
SWE,69T75,1.0157848536516203,1.01718758685268,1.023881939169155
SWE,77T82,1.0149896278748927,1.0178960712470024,1.023881939169155
SWE,84,1.022677441954673,1.0178522766544285,1.023881939169155
SWE,85,1.023160970163763,1.017597370592426,1.023881939169155
SWE,86T88,1.0234754408093671,1.017600959227273,1.023881939169155
SWE,90T93,1.0208552087561495,1.0202255689187614,1.023881939169155
SWE,94T98,1.0213179281875537,1.0181374461897614,1.023881939169155
THA,01T02,0.9256075587113808,1.0160615064616447,1.0366406860490696
THA,03,1.0227987450697107,1.0150915545838168,1.0366406860490696
THA,05T06,0.7817225090715797,1.01477086409982,1.0366406860490696
THA,07T08,0.9342205455558164,1.0172969529516787,1.0366406860490696
THA,10T12,1.0196639777939907,1.0561291525422276,1.0366406860490696
THA,13T15,1.0284836520584661,1.0193789518759617,1.0366406860490696
THA,16,1.0256259254103233,1.0336857296906716,1.0366406860490696
THA,17T18,1.0270399671010217,1.017600120791226,1.0366406860490696
THA,19,0.9670797216887765,1.067718475987463,1.0366406860490696
THA,20,0.9838216015684527,1.030279927875916,1.0366406860490696
THA,21,1.0172510708926379,1.023707217483697,1.0366406860490696
THA,22,0.978372459404445,1.041263324219946,1.0366406860490696
THA,23,0.7868566760973819,1.0578848761241886,1.0366406860490696
THA,24,0.8943296637196891,1.05100944225859,1.0366406860490696
THA,25,0.9991568924116492,1.048468954406684,1.0366406860490696
THA,26,1.0261388629318524,1.0194775787094994,1.0366406860490696
THA,27,1.0097714115147645,1.0396544965609429,1.0366406860490696
THA,28,1.0084140317258867,1.0343522168113306,1.0366406860490696
THA,29T30,1.0029960807871254,1.0316707166920598,1.0366406860490696
THA,31T33,1.0063990319165015,1.0281435348777137,1.0366406860490696
THA,35,0.9195488520283139,1.0514478187279839,1.0366406860490696
THA,36T39,1.0209737151246139,1.0171652672846487,1.0366406860490696
THA,41T43,1.0351688979431428,1.0693700692563435,1.0366406860490696
THA,45T47,1.0162904826011243,1.0045350551795003,1.0366406860490696
THA,49,0.9705074174880307,1.041306716949925,1.0366406860490696
THA,50,1.0049309334427823,1.0158353614981572,1.0366406860490696
THA,51,0.9927641128551409,1.0226349818239646,1.0366406860490696
THA,52,0.9666541518660515,1.0302162091627032,1.0366406860490696
THA,53,1.0181754369929803,1.0050116986881383,1.0366406860490696
THA,55T56,1.0144088717705406,1.036376021591447,1.0366406860490696
THA,58T60,1.0102058584158518,1.0133036329745473,1.0366406860490696
THA,61,1.0266239823922472,1.0073375874057087,1.0366406860490696
THA,62T63,0.9925451387855613,1.011495678851345,1.0366406860490696
THA,64T66,1.010291626244205,1.0030811843223917,1.0366406860490696
THA,68,1.0259740317931765,1.0041914358293131,1.0366406860490696
THA,69T75,1.0041586059723047,1.0092147521508557,1.0366406860490696
THA,77T82,1.002800943483305,1.0102140535119621,1.0366406860490696
THA,84,1.03669293570409,1.0080607364945293,1.0366406860490696
THA,85,1.0366865776693166,1.0061791809659981,1.0366406860490696
THA,86T88,1.0316113921765275,1.015058891707736,1.0366406860490696
THA,90T93,1.028797096039033,1.0099277375626963,1.0366406860490696
THA,94T98,1.0187076842920773,1.0173667370843043,1.0366406860490696
TUN,01T02,0.9761692374348823,1.013692094884466,1.0317074768788574
TUN,03,1.0162645427574233,1.0053442911918278,1.0317074768788574
TUN,05T06,0.7735848019613856,1.0576409339016652,1.0317074768788574
TUN,07T08,0.9076677862702386,1.0603206966359764,1.0317074768788574
TUN,10T12,1.0076821565168639,1.0667780173513237,1.0317074768788574
TUN,13T15,1.0035508177515742,1.0234828079147695,1.0317074768788574
TUN,16,1.0438834436344564,1.0249089766308481,1.0317074768788574
TUN,17T18,1.017239429972957,1.022226777331758,1.0317074768788574
TUN,19,0.8799514468674074,1.1057040117316388,1.0317074768788574
TUN,20,0.9905983786095939,1.0271446106171145,1.0317074768788574
TUN,21,1.0143379959628802,1.0159289673021594,1.0317074768788574
TUN,22,1.0205100798065652,1.023467193816578,1.0317074768788574
TUN,23,0.5757016571665621,1.1001606952082974,1.0317074768788574
TUN,24,1.028633834266583,1.0750264321466467,1.0317074768788574
TUN,25,0.9908536765895066,1.0425832120412897,1.0317074768788574
TUN,26,1.0107768307101777,1.0320353410005492,1.0317074768788574
TUN,27,1.0082287686298124,1.0368796779176017,1.0317074768788574
TUN,28,1.014394424408262,1.0318909222694501,1.0317074768788574
TUN,29T30,1.012527231701792,1.0285826073835593,1.0317074768788574
TUN,31T33,1.0192671498044044,1.0232579406836126,1.0317074768788574
TUN,35,0.6282357311472034,1.085255871954932,1.0317074768788574
TUN,36T39,1.0183163170695215,1.062559292884067,1.0317074768788574
TUN,41T43,1.0244664776611418,1.080230385149576,1.0317074768788574
TUN,45T47,1.019127007847295,1.0095467485763217,1.0317074768788574
TUN,49,0.9793901390950022,1.011562842799931,1.0317074768788574
TUN,50,1.0070300109342951,1.0149073790925687,1.0317074768788574
TUN,51,1.001247714346119,1.0200484370256526,1.0317074768788574
TUN,52,0.9818005727138772,1.0072834041652772,1.0317074768788574
TUN,53,1.0172164788481641,1.0092736011119867,1.0317074768788574
TUN,55T56,1.024664183760704,1.0209979451699058,1.0317074768788574
TUN,58T60,1.0246753788163379,1.012479443297991,1.0317074768788574
TUN,61,1.0220813118237266,1.0080346214525222,1.0317074768788574
TUN,62T63,1.0065306180777387,1.0103654299101923,1.0317074768788574
TUN,64T66,1.0078322413746708,1.0031448221272439,1.0317074768788574
TUN,68,1.0291522982273282,1.0080409026952577,1.0317074768788574
TUN,69T75,1.0139579608403397,1.0123569795179195,1.0317074768788574
TUN,77T82,1.0155120749994326,1.011591881641973,1.0317074768788574
TUN,84,1.031573663386347,1.0026327881429944,1.0317074768788574
TUN,85,1.02955714295828,1.0052851735008166,1.0317074768788574
TUN,86T88,1.0258691612133368,1.0108126949033802,1.0317074768788574
TUN,90T93,1.0144842202110964,1.018506827259476,1.0317074768788574
TUN,94T98,1.029702743532588,1.0052964290493145,1.0317074768788574
TUR,01T02,1.0307983476288851,1.0351585186691747,1.033230647631504
TUR,03,1.025626724701307,1.01706061321654,1.033230647631504
TUR,05T06,0.7842740231125797,1.0283978011236912,1.033230647631504
TUR,07T08,0.9655820662918551,1.0189886909811519,1.033230647631504
TUR,10T12,1.0310025250876238,1.0456829000585082,1.033230647631504
TUR,13T15,1.0090299609500908,1.0209872259849462,1.033230647631504
TUR,16,1.0121798508910602,1.0371747661636275,1.033230647631504
TUR,17T18,1.0116735087081834,1.022538840464446,1.033230647631504
TUR,19,0.9828858393793367,1.0433898545452298,1.033230647631504
TUR,20,1.0112770697726707,1.0214859255942546,1.033230647631504
TUR,21,1.0183696711114014,1.021042629846783,1.033230647631504
TUR,22,1.011603451114663,1.027699331169811,1.033230647631504
TUR,23,0.7736549132652881,1.0653148712113383,1.033230647631504
TUR,24,0.9586419864350816,1.0486828194137416,1.033230647631504
TUR,25,1.0121525108667628,1.0391017654502033,1.033230647631504
TUR,26,1.0276992826154616,1.0167219365425975,1.033230647631504
TUR,27,1.009221412401528,1.038110108899443,1.033230647631504
TUR,28,1.0102757934375388,1.0344107013484156,1.033230647631504
TUR,29T30,1.0147361973406799,1.0281696520000323,1.033230647631504
TUR,31T33,1.0151240134905064,1.026181116548869,1.033230647631504
TUR,35,0.7441612757100109,1.23248030080199,1.033230647631504
TUR,36T39,0.9916710030315531,1.034333211250681,1.033230647631504
TUR,41T43,1.0290619819828637,1.0446949517121196,1.033230647631504
TUR,45T47,1.010021052685911,1.0178593726843839,1.033230647631504
TUR,49,1.0145351151653756,1.0172824879732532,1.033230647631504
TUR,50,1.0069547740101357,1.0126320099466941,1.033230647631504
TUR,51,1.0000070859028563,1.0150057636709078,1.033230647631504
TUR,52,1.0087657421154708,1.0127272031653967,1.033230647631504
TUR,53,1.0145758282107349,1.0163972941090347,1.033230647631504
TUR,55T56,1.0233582105558638,1.0255272898826482,1.033230647631504
TUR,58T60,1.0170221492028133,1.0171896625172916,1.033230647631504
TUR,61,1.0253028127801602,1.020276308145039,1.033230647631504
TUR,62T63,1.0139820170203373,1.0101840571109655,1.033230647631504
TUR,64T66,1.0030069669586092,1.0137208389177579,1.033230647631504
TUR,68,1.0249650170512294,1.0307665429864972,1.033230647631504
TUR,69T75,1.0138319796343314,1.015347961927552,1.033230647631504
TUR,77T82,1.0167283599377661,1.0138519276274354,1.033230647631504
TUR,84,1.0297192474754762,1.020489447542971,1.033230647631504
TUR,85,1.031481711398124,1.0143167551474357,1.033230647631504
TUR,86T88,1.0322654967731997,1.020925321691336,1.033230647631504
TUR,90T93,1.0244018304071345,1.0182148210419546,1.033230647631504
TUR,94T98,1.0292689703837965,1.019646585884513,1.033230647631504
TWN,01T02,1.0895413250735755,1.0200765093113997,1.030206675427535
TWN,03,1.021055487359059,1.0261252950720867,1.030206675427535
TWN,05T06,0.803456421599383,1.024769090240314,1.030206675427535
TWN,07T08,0.8869540531504208,1.0275108029212727,1.030206675427535
TWN,10T12,1.0511715378162818,1.0300495523387811,1.030206675427535
TWN,13T15,0.9870029297023606,1.0299689035208985,1.030206675427535
TWN,16,1.0412451496427413,1.0348143288819085,1.030206675427535
TWN,17T18,1.0039172647437602,1.0320119343088103,1.030206675427535
TWN,19,0.9553400384201802,1.0524787254353603,1.030206675427535
TWN,20,0.9610487747011256,1.0457940117229594,1.030206675427535
TWN,21,1.0207666266364073,1.0205949038844169,1.030206675427535
TWN,22,0.9991881448286702,1.033946863932321,1.030206675427535
TWN,23,0.9649164093870692,1.0588387643860253,1.030206675427535
TWN,24,0.7797926849134521,1.0798569269563254,1.030206675427535
TWN,25,0.9629270918872097,1.0616734198621967,1.030206675427535
TWN,26,1.01104521116243,1.027532368771842,1.030206675427535
TWN,27,1.0118577201106782,1.0396258204471798,1.030206675427535
TWN,28,0.9888277679537737,1.0475946802897118,1.030206675427535
TWN,29T30,1.0067225184324289,1.0323167273915903,1.030206675427535
TWN,31T33,0.9773019098341418,1.030729296099353,1.030206675427535
TWN,35,0.7036210981725226,1.0537689858646921,1.030206675427535
TWN,36T39,0.9477200122203822,1.0334226717242927,1.030206675427535
TWN,41T43,1.0235663357868083,1.0482526221103572,1.030206675427535
TWN,45T47,1.0094121108170517,1.0128245877003033,1.030206675427535
TWN,49,0.9920621584621306,1.0224137638403086,1.030206675427535
TWN,50,0.9829454015521228,1.0221827012730247,1.030206675427535
TWN,51,0.9808958380566026,1.0268853202709856,1.030206675427535
TWN,52,1.0002541592078011,1.015087062952375,1.030206675427535
TWN,53,1.0161047985036205,1.0134919526177282,1.030206675427535
TWN,55T56,1.0254886921771014,1.021846674529517,1.030206675427535
TWN,58T60,1.0129793905737101,1.015489220070093,1.030206675427535
TWN,61,1.0209635988658414,1.0150294267250073,1.030206675427535
TWN,62T63,1.0113850577482961,1.0110698214104208,1.030206675427535
TWN,64T66,1.0193819693927861,1.0078525395105646,1.030206675427535
TWN,68,1.026915250355391,1.0095232636644917,1.030206675427535
TWN,69T75,1.010167616916077,1.013906616669951,1.030206675427535
TWN,77T82,1.00919224768563,1.0109606028079374,1.030206675427535
TWN,84,1.0285572487100603,1.0114146062292382,1.030206675427535
TWN,85,1.0297169083392899,1.0124379425770424,1.030206675427535
TWN,86T88,1.0279676322201,1.0169942582346685,1.030206675427535
TWN,90T93,1.023259084298335,1.0162596584937293,1.030206675427535
TWN,94T98,1.0281706532226054,1.0142928480918454,1.030206675427535
USA,01T02,0.9573474041347344,1.0410861717828486,1.021121842905153
USA,03,1.0166757261022783,1.0145509438982636,1.021121842905153
USA,05T06,0.928851954891993,1.0246812935014746,1.021121842905153
USA,07T08,1.014071040988182,1.0247486956713647,1.021121842905153
USA,10T12,1.021089417735045,1.0457553740809429,1.021121842905153
USA,13T15,1.0089432375394063,1.022309050535545,1.021121842905153
USA,16,1.033045265308849,1.032789896853213,1.021121842905153
USA,17T18,1.0169221305056966,1.0244980186128396,1.021121842905153
USA,19,1.0005721017912328,1.0490217633804566,1.021121842905153
USA,20,1.009870014999332,1.024553150026909,1.021121842905153
USA,21,1.0221419428402025,1.015635154520939,1.021121842905153
USA,22,1.0221603794159235,1.0229084371300619,1.021121842905153
USA,23,0.995068117126715,1.0282140525659926,1.021121842905153
USA,24,1.069521289095562,1.0370855435552482,1.021121842905153
USA,25,1.0317300130739848,1.0274459317923517,1.021121842905153
USA,26,1.0264969003848659,1.0148881075013831,1.021121842905153
USA,27,1.0384629843758482,1.0229362791195495,1.021121842905153
USA,28,1.0213356465134857,1.0222380241707791,1.021121842905153
USA,29T30,1.02344376698706,1.02142691036543,1.021121842905153
USA,31T33,1.0270694435899936,1.0189934845754403,1.021121842905153
USA,35,0.7971006349933728,1.027833903408049,1.021121842905153
USA,36T39,1.0116951909000105,1.0165827817232602,1.021121842905153
USA,41T43,1.0193515870864382,1.0217523473373307,1.021121842905153
USA,45T47,1.0137907576975709,1.0179648492063837,1.021121842905153
USA,49,1.0091265894205794,1.0174579219356898,1.021121842905153
USA,50,1.0110167439847013,1.0180375620123039,1.021121842905153
USA,51,1.010959437849366,1.0172646789303579,1.021121842905153
USA,52,1.004451586648302,1.0243795615049651,1.021121842905153
USA,53,1.0123709299537837,1.018029628819407,1.021121842905153
USA,55T56,1.0193703423459626,1.0211743956360724,1.021121842905153
USA,58T60,1.0172112300288423,1.014617378164234,1.021121842905153
USA,61,1.0173370234165953,1.015666982917072,1.021121842905153
USA,62T63,1.0128802222450275,1.0142992705167875,1.021121842905153
USA,64T66,1.014701772313163,1.0142275452478526,1.021121842905153
USA,68,1.0188114080426973,1.0196204230252714,1.021121842905153
USA,69T75,1.0138004370114346,1.0153340308147492,1.021121842905153
USA,77T82,1.0131043504780342,1.0152484117896692,1.021121842905153
USA,84,1.0193221276220266,1.0174579781937476,1.021121842905153
USA,85,1.0201721804317814,1.016836105313705,1.021121842905153
USA,86T88,1.0209918184613316,1.0156506894162243,1.021121842905153
USA,90T93,1.019383658639917,1.0168937113156262,1.021121842905153
USA,94T98,1.0200556381282841,1.0160045060130936,1.021121842905153
VNM,01T02,0.9601702500435851,1.0380982321839403,1.036621392263
VNM,03,1.011890227607575,1.02781656504242,1.036621392263
VNM,05T06,0.9032117683882319,1.0177241685968141,1.036621392263
VNM,07T08,0.8514775878796987,1.0538859128506926,1.036621392263
VNM,10T12,1.0011219832628953,1.064518948075996,1.036621392263
VNM,13T15,1.0301482079971982,1.0190822493561338,1.036621392263
VNM,16,0.9165815251129339,1.0829355291135951,1.036621392263
VNM,17T18,0.9848567671102071,1.0301318356259404,1.036621392263
VNM,19,0.9827211983375641,1.0384500965197512,1.036621392263
VNM,20,0.9583166199374364,1.036127437706458,1.036621392263
VNM,21,1.0297703323475853,1.0139949158035106,1.036621392263
VNM,22,0.9718445209115559,1.0415208034541925,1.036621392263
VNM,23,0.7032709660461356,1.0900689384056519,1.036621392263
VNM,24,0.8351692150543247,1.0882923601816554,1.036621392263
VNM,25,0.9005393918180216,1.0736617769102053,1.036621392263
VNM,26,1.0179846140600273,1.0206939858517616,1.036621392263
VNM,27,0.987420940225408,1.0462389032607395,1.036621392263
VNM,28,1.013826940206864,1.0280816052663138,1.036621392263
VNM,29T30,1.0217435668777612,1.028876567243739,1.036621392263
VNM,31T33,0.9428834730062433,1.0428887472540058,1.036621392263
VNM,35,0.5459425022284262,1.0401108245650916,1.036621392263
VNM,36T39,1.0033000151826204,1.0244830636625686,1.036621392263
VNM,41T43,1.0321129153258486,1.0763787535360045,1.036621392263
VNM,45T47,0.9972798543673005,1.011501284212771,1.036621392263
VNM,49,0.983145650714851,1.017829224994121,1.036621392263
VNM,50,0.9800923266977717,1.0202236863822922,1.036621392263
VNM,51,0.9882315421192002,1.0215743045946648,1.036621392263
VNM,52,0.9992768699089125,1.0042549052320098,1.036621392263
VNM,53,1.0053351669976913,1.009931273333167,1.036621392263
VNM,55T56,1.016881294172556,1.0335401132557307,1.036621392263
VNM,58T60,1.0190044297601375,1.011896116197283,1.036621392263
VNM,61,1.023534888175609,1.0193825675153116,1.036621392263
VNM,62T63,1.0409136906335457,0.9945442126329256,1.036621392263
VNM,64T66,1.0070072743188314,0.9958167614641684,1.036621392263
VNM,68,1.0259987818917522,1.0143659078880098,1.036621392263
VNM,69T75,1.006851096484524,1.0043599824455378,1.036621392263
VNM,77T82,1.0149756901641647,1.0036315915946787,1.036621392263
VNM,84,1.0334124149295283,1.007051028231348,1.036621392263
VNM,85,1.0336188268510673,0.9992995895753577,1.036621392263
VNM,86T88,1.0351612571660413,1.0044235339747032,1.036621392263
VNM,90T93,1.0367899306778388,0.9999448453667524,1.036621392263
VNM,94T98,1.0308699127600827,1.0167275412927932,1.036621392263
ZAF,01T02,0.8941824561964714,1.009031816566385,0.9867243940958708
ZAF,03,1.0097904542670175,0.9730559116769448,0.9867243940958708
ZAF,05T06,0.8458429641574614,0.9951111186711062,0.9867243940958708
ZAF,07T08,0.8733827431588471,1.0239222627786413,0.9867243940958708
ZAF,10T12,1.0161220331182108,1.0239250228453305,0.9867243940958708
ZAF,13T15,1.026212127938209,1.004404914881987,0.9867243940958708
ZAF,16,1.0156431237875554,1.0152928304024034,0.9867243940958708
ZAF,17T18,1.0127257809324788,0.994912926065719,0.9867243940958708
ZAF,19,0.9412182360881967,1.017530244703931,0.9867243940958708
ZAF,20,0.9358916749007772,1.0300929735826216,0.9867243940958708
ZAF,21,0.9878521387919009,1.007599581172149,0.9867243940958708
ZAF,22,0.9953614712691651,1.0048893213246584,0.9867243940958708
ZAF,23,0.778828140271298,1.0421095337768105,0.9867243940958708
ZAF,24,0.2579625890165169,1.1010091695939603,0.9867243940958708
ZAF,25,0.8526048609191276,1.1040651301736861,0.9867243940958708
ZAF,26,1.0120550846396381,1.0029194524424025,0.9867243940958708
ZAF,27,0.910281692382253,1.0538639510717485,0.9867243940958708
ZAF,28,0.9697035432139033,1.0323732473039444,0.9867243940958708
ZAF,29T30,0.9658001909137564,1.039360157842262,0.9867243940958708
ZAF,31T33,1.0065627553244407,1.0154620077265588,0.9867243940958708
ZAF,35,0.4680779412855012,1.0459367788446405,0.9867243940958708
ZAF,36T39,0.9696509679077633,0.973659302104272,0.9867243940958708
ZAF,41T43,0.9823134948337143,1.0122739653771973,0.9867243940958708
ZAF,45T47,0.978033826463221,0.9689301710833081,0.9867243940958708
ZAF,49,0.9712574013627372,0.9766285571173549,0.9867243940958708
ZAF,50,1.0254463966841731,0.9714627529165311,0.9867243940958708
ZAF,51,1.0120180679618374,0.9814004727894207,0.9867243940958708
ZAF,52,0.9249562043159687,0.9808870902258943,0.9867243940958708
ZAF,53,0.9776326521813575,0.9730915811094973,0.9867243940958708
ZAF,55T56,1.009799534919206,0.9771610974552787,0.9867243940958708
ZAF,58T60,0.996757402658972,0.9768894508839315,0.9867243940958708
ZAF,61,0.9935867225810794,0.9793017896656621,0.9867243940958708
ZAF,62T63,0.9681433439672866,0.9771288257554921,0.9867243940958708
ZAF,64T66,0.9826746338990421,0.9587618139431499,0.9867243940958708
ZAF,68,0.9849722265055775,0.9709991951039151,0.9867243940958708
ZAF,69T75,0.9774374717948932,0.9749173645760765,0.9867243940958708
ZAF,77T82,0.9709752589010517,0.9773736719433683,0.9867243940958708
ZAF,84,0.9867464344454185,0.9660153317402141,0.9867243940958708
ZAF,85,0.9840301985644041,0.9602967319389123,0.9867243940958708
ZAF,86T88,0.9832166616692151,0.9688939518827098,0.9867243940958708
ZAF,90T93,0.9521452774621182,0.9744952194755329,0.9867243940958708
ZAF,94T98,0.9822315505900973,0.9545108729432584,0.9867243940958708
