country,sector,output_hat,price_hat,spending_hat
ARG,01T02,0.720366088928771,1.0519644266932973,1.0186067947037734
ARG,03,1.0053235992215857,0.9931519873022155,1.0186067947037734
ARG,05T06,0.8480973061741854,1.0105789544337769,1.0186067947037734
ARG,07T08,1.008618477151965,0.9959473871906456,1.0186067947037734
ARG,10T12,0.9859431603649478,1.1036293589425827,1.0186067947037734
ARG,13T15,1.022856945412494,1.0209031488463332,1.0186067947037734
ARG,16,1.024522829676978,1.012401334223792,1.0186067947037734
ARG,17T18,1.0293782047343403,1.0035181557727222,1.0186067947037734
ARG,19,0.9458046335413566,1.0665931455976654,1.0186067947037734
ARG,20,1.005992703895255,1.0177996948026653,1.0186067947037734
ARG,21,1.0287072542753117,1.000643501513858,1.0186067947037734
ARG,22,0.9765956356147906,1.0163944339926108,1.0186067947037734
ARG,23,0.9242647567461998,1.0125055096437166,1.0186067947037734
ARG,24,0.9873890595802441,1.024465220889032,1.0186067947037734
ARG,25,1.0473088510045672,1.0143254339985313,1.0186067947037734
ARG,26,1.0313413704065977,1.0137011783024779,1.0186067947037734
ARG,27,1.0395786149617074,1.0175924196943247,1.0186067947037734
ARG,28,1.0323727244870053,1.0093907480731201,1.0186067947037734
ARG,29T30,1.0071884088513068,1.0152376583168834,1.0186067947037734
ARG,31T33,1.0195551208925968,1.002495193001983,1.0186067947037734
ARG,35,0.8885137257356281,1.040450314516651,1.0186067947037734
ARG,36T39,1.0111965111795447,0.9979929578390149,1.0186067947037734
ARG,41T43,1.0141638960945205,1.005518076534302,1.0186067947037734
ARG,45T47,1.0060426968096414,0.9894983532182627,1.0186067947037734
ARG,49,0.9731180771311146,0.9995989974095564,1.0186067947037734
ARG,50,0.9260686805855388,1.0008445836590525,1.0186067947037734
ARG,51,0.9293812372864846,1.0219909619008123,1.0186067947037734
ARG,52,0.9980669497017278,1.0049815570401397,1.0186067947037734
ARG,53,1.0268808334151955,0.9947965645301049,1.0186067947037734
ARG,55T56,1.019957880415914,1.0161342370796063,1.0186067947037734
ARG,58T60,1.0285270082695523,0.9939229920345,1.0186067947037734
ARG,61,1.022476051121115,0.9922554380974314,1.0186067947037734
ARG,62T63,1.0344786808983093,0.9925094571380809,1.0186067947037734
ARG,64T66,1.0133814779962318,0.9887023400359828,1.0186067947037734
ARG,68,1.0212063076444347,0.9849055835056748,1.0186067947037734
ARG,69T75,1.0202996540677665,0.9909849528231975,1.0186067947037734
ARG,77T82,1.0103173063615034,0.9886273517157014,1.0186067947037734
ARG,84,1.0178936727365402,0.9913422852909858,1.0186067947037734
ARG,85,1.0188428014983038,0.9884145790383218,1.0186067947037734
ARG,86T88,1.0184521319042683,0.9893387777110125,1.0186067947037734
ARG,90T93,1.0233306261145956,0.9945014050031615,1.0186067947037734
ARG,94T98,1.017723822561003,0.9920874883984352,1.0186067947037734
AUS,01T02,0.7813452975540109,1.0400544082791683,1.0122242829871457
AUS,03,0.9817359934107406,1.041964618809945,1.0122242829871457
AUS,05T06,0.8826010077601895,1.0065863148004746,1.0122242829871457
AUS,07T08,1.0449337760448387,1.0116479197674995,1.0122242829871457
AUS,10T12,0.9842164448420392,1.0774065319273514,1.0122242829871457
AUS,13T15,0.9508148898043743,1.0490350963200856,1.0122242829871457
AUS,16,1.01782163477393,1.040331063220525,1.0122242829871457
AUS,17T18,1.0188977519895799,1.0194515048587025,1.0122242829871457
AUS,19,0.8282710353379987,1.0277129340817481,1.0122242829871457
AUS,20,0.9160597378895053,1.0310719372817219,1.0122242829871457
AUS,21,1.0177678453343264,1.0202152356274672,1.0122242829871457
AUS,22,1.0594701877818269,1.029599542901528,1.0122242829871457
AUS,23,0.9945557878604084,1.0222787921978496,1.0122242829871457
AUS,24,1.1585146499773133,1.0349051118525072,1.0122242829871457
AUS,25,1.034179582446257,1.028900088368936,1.0122242829871457
AUS,26,1.0348186447112007,1.0092963750027975,1.0122242829871457
AUS,27,1.0557464947116224,1.0176486715849016,1.0122242829871457
AUS,28,1.0301250447188544,1.016333999918352,1.0122242829871457
AUS,29T30,1.0323795150497201,1.0200488923980642,1.0122242829871457
AUS,31T33,1.0266401534638425,1.013538302060779,1.0122242829871457
AUS,35,0.7683894880502486,1.0857065521876599,1.0122242829871457
AUS,36T39,0.9939883811872016,1.0057426692690097,1.0122242829871457
AUS,41T43,1.0065301787319814,1.0144140045009409,1.0122242829871457
AUS,45T47,1.0012996966378112,1.0080242251994744,1.0122242829871457
AUS,49,0.9666918186973729,1.0131101472851658,1.0122242829871457
AUS,50,0.9756746216430499,1.0118016545592787,1.0122242829871457
AUS,51,0.9594966097027585,1.0151479149584444,1.0122242829871457
AUS,52,0.9955818405675302,1.0036068983052566,1.0122242829871457
AUS,53,1.0005714817671738,1.0114882781481562,1.0122242829871457
AUS,55T56,1.0157802928368034,1.0165858454529701,1.0122242829871457
AUS,58T60,1.0207305576650123,1.0035525728058696,1.0122242829871457
AUS,61,1.0097536804301595,1.004214801979098,1.0122242829871457
AUS,62T63,1.007090726473219,0.9985196437395344,1.0122242829871457
AUS,64T66,0.9962163586781579,0.9952639353870971,1.0122242829871457
AUS,68,1.0102724643459555,0.9954414689521432,1.0122242829871457
AUS,69T75,1.0000902243771665,0.9998938412304361,1.0122242829871457
AUS,77T82,0.9999680200083264,1.0019725992185966,1.0122242829871457
AUS,84,1.0102415432634326,1.0056136070101216,1.0122242829871457
AUS,85,1.014967144928492,0.9985197821787127,1.0122242829871457
AUS,86T88,1.0122339639858362,0.9994332016607583,1.0122242829871457
AUS,90T93,1.0135367905694888,1.0001771630799743,1.0122242829871457
AUS,94T98,1.0106499694939695,0.9994415638585177,1.0122242829871457
AUT,01T02,1.018180092166887,1.0455676013189668,1.0393527577854749
AUT,03,1.0244041739527237,1.0361940982209623,1.0393527577854749
AUT,05T06,0.8232642262758337,1.038821441797688,1.0393527577854749
AUT,07T08,0.9899770290146988,1.0419258121847705,1.0393527577854749
AUT,10T12,1.0487274384399983,1.0452199274538105,1.0393527577854749
AUT,13T15,1.0134163579740842,1.032977246106756,1.0393527577854749
AUT,16,1.0279911635247927,1.045673363404054,1.0393527577854749
AUT,17T18,1.0081583551990145,1.0397894321197159,1.0393527577854749
AUT,19,1.0066999905876837,1.0563349418379664,1.0393527577854749
AUT,20,1.0286269790012208,1.0459920761066293,1.0393527577854749
AUT,21,1.0118155404774918,1.032943747992326,1.0393527577854749
AUT,22,1.0617584358683145,1.038966674007817,1.0393527577854749
AUT,23,1.0310524451520504,1.0416428196764873,1.0393527577854749
AUT,24,1.0395877374422733,1.0530437591605508,1.0393527577854749
AUT,25,1.0297213563523604,1.0418879517245316,1.0393527577854749
AUT,26,1.0262764681975103,1.0324525557906652,1.0393527577854749
AUT,27,1.0359188418806564,1.036591737444319,1.0393527577854749
AUT,28,1.0268720702472656,1.0349618538827614,1.0393527577854749
AUT,29T30,1.0250035713850993,1.0350893703422068,1.0393527577854749
AUT,31T33,1.0381610398645853,1.0385727282653283,1.0393527577854749
AUT,35,1.0344352589146923,1.0570323879594405,1.0393527577854749
AUT,36T39,1.0318251874155713,1.0319964826299495,1.0393527577854749
AUT,41T43,1.0358111565073629,1.0358401990550103,1.0393527577854749
AUT,45T47,1.0193716577263883,1.03012626793621,1.0393527577854749
AUT,49,1.002265054338423,1.0326201481097617,1.0393527577854749
AUT,50,1.0466588372411825,1.0342364587911064,1.0393527577854749
AUT,51,0.9970701393102278,1.0324470851303893,1.0393527577854749
AUT,52,1.0132015194741868,1.0297675782259599,1.0393527577854749
AUT,53,1.0155805322168998,1.027652435055046,1.0393527577854749
AUT,55T56,1.0346705574563075,1.03203503001735,1.0393527577854749
AUT,58T60,1.0119100987902896,1.0294655979576521,1.0393527577854749
AUT,61,1.0164034617931859,1.028697886066279,1.0393527577854749
AUT,62T63,1.0030018047038411,1.0265593590839903,1.0393527577854749
AUT,64T66,1.0164044595337731,1.027854767404981,1.0393527577854749
AUT,68,1.0344781047490132,1.0294290131408028,1.0393527577854749
AUT,69T75,1.014875901557241,1.0289098312809775,1.0393527577854749
AUT,77T82,1.0252457482368846,1.0296382466987422,1.0393527577854749
AUT,84,1.0380927334388674,1.0297765728239785,1.0393527577854749
AUT,85,1.037672397381165,1.0294001092939125,1.0393527577854749
AUT,86T88,1.038587266806306,1.030514280650867,1.0393527577854749
AUT,90T93,1.0337983306228686,1.030107502061615,1.0393527577854749
AUT,94T98,1.035762811835772,1.0299087214392872,1.0393527577854749
BEL,01T02,0.9797776259212109,1.0465726320880324,1.0351810205992207
BEL,03,1.0225546433268498,1.031891861609484,1.0351810205992207
BEL,05T06,0.009142288583890264,1.1316827858727696,1.0351810205992207
BEL,07T08,0.9901483906866739,1.0320086426452302,1.0351810205992207
BEL,10T12,1.0277126495451196,1.050585032951623,1.0351810205992207
BEL,13T15,1.0077054199619961,1.033293700514139,1.0351810205992207
BEL,16,1.0412599526316955,1.04043111919349,1.0351810205992207
BEL,17T18,1.0194029798241304,1.0359706085080354,1.0351810205992207
BEL,19,1.0051796096541135,1.0502946993025166,1.0351810205992207
BEL,20,0.9950691112813285,1.0404159539797704,1.0351810205992207
BEL,21,1.0227904479840146,1.0273199317395705,1.0351810205992207
BEL,22,1.0533926582802402,1.0432937640867035,1.0351810205992207
BEL,23,1.0010424827915,1.0355472643687236,1.0351810205992207
BEL,24,1.1585130433258035,1.051310421178118,1.0351810205992207
BEL,25,1.0388711125948793,1.0396813258731596,1.0351810205992207
BEL,26,1.0270346952513756,1.0310810532744914,1.0351810205992207
BEL,27,1.0323109644847506,1.0384493555002328,1.0351810205992207
BEL,28,1.027154853715955,1.0346203337443776,1.0351810205992207
BEL,29T30,1.0317479368255895,1.0322734567947207,1.0351810205992207
BEL,31T33,1.0658555105852552,1.029686547454809,1.0351810205992207
BEL,35,0.9830203149733234,1.0409263243669262,1.0351810205992207
BEL,36T39,1.0598394376656464,1.0304896282210503,1.0351810205992207
BEL,41T43,1.0325352403471677,1.0335530076015218,1.0351810205992207
BEL,45T47,1.0190864831495063,1.027013800178778,1.0351810205992207
BEL,49,1.0201379703631255,1.0295540193545851,1.0351810205992207
BEL,50,0.7324213748095096,1.0428524955957157,1.0351810205992207
BEL,51,1.0066310765944229,1.0389643643486863,1.0351810205992207
BEL,52,1.0004431530508227,1.0301662819627209,1.0351810205992207
BEL,53,1.0101479018415602,1.0301940813898616,1.0351810205992207
BEL,55T56,1.0282825357719707,1.0328373600647098,1.0351810205992207
BEL,58T60,1.0083254410668596,1.0255653532042535,1.0351810205992207
BEL,61,1.0125827583636575,1.023995710733145,1.0351810205992207
BEL,62T63,1.009834948835647,1.0248164306644911,1.0351810205992207
BEL,64T66,1.0120054090556343,1.0206442834805505,1.0351810205992207
BEL,68,1.0309573539260144,1.0245860533025943,1.0351810205992207
BEL,69T75,1.01487834289772,1.0249955656174892,1.0351810205992207
BEL,77T82,1.0187724475011135,1.0281411985135185,1.0351810205992207
BEL,84,1.0345291507032368,1.0250112414514367,1.0351810205992207
BEL,85,1.0340305580064928,1.0244516365325391,1.0351810205992207
BEL,86T88,1.0348227977374362,1.0266994477194447,1.0351810205992207
BEL,90T93,1.0288614005549304,1.027522521549795,1.0351810205992207
BEL,94T98,1.0309591304605528,1.0269278316369665,1.0351810205992207
BGR,01T02,0.7919276771972779,1.0412678447125805,1.0420057858109193
BGR,03,1.01574919821934,1.0479636658765237,1.0420057858109193
BGR,05T06,0.8868990200101857,1.0618965600024004,1.0420057858109193
BGR,07T08,0.9749127352003994,1.0365981677079197,1.0420057858109193
BGR,10T12,1.0257462183604862,1.0524821337174781,1.0420057858109193
BGR,13T15,1.0462050222372516,1.023102628411687,1.0420057858109193
BGR,16,0.978615855901469,1.0576614775752218,1.0420057858109193
BGR,17T18,1.0116561134894664,1.0342868953010422,1.0420057858109193
BGR,19,0.9392589704574881,1.0412313367086543,1.0420057858109193
BGR,20,0.6505498160686968,1.0569424518948825,1.0420057858109193
BGR,21,0.9493301413142766,1.0497193152935633,1.0420057858109193
BGR,22,1.0807127896832904,1.0377094209692943,1.0420057858109193
BGR,23,0.78838012094231,1.0551025283390236,1.0420057858109193
BGR,24,1.200390977036866,1.0621893444156374,1.0420057858109193
BGR,25,1.0459793226794034,1.0350986793857735,1.0420057858109193
BGR,26,1.0342780179007482,1.0267329171635349,1.0420057858109193
BGR,27,1.0370358560966666,1.036166127088656,1.0420057858109193
BGR,28,1.0280927627773238,1.0338627423858533,1.0420057858109193
BGR,29T30,1.0381200235983263,1.0290056868789275,1.0420057858109193
BGR,31T33,1.079505075171725,1.0235722496525277,1.0420057858109193
BGR,35,0.6876484459642557,1.0307693172559123,1.0420057858109193
BGR,36T39,1.024342091396747,1.0473025189407315,1.0420057858109193
BGR,41T43,1.0339809057680176,1.0367788922164298,1.0420057858109193
BGR,45T47,1.0094707194422203,1.0177377443352038,1.0420057858109193
BGR,49,0.9403195627565465,1.0270590870513625,1.0420057858109193
BGR,50,0.9035619857267245,1.031010554318553,1.0420057858109193
BGR,51,1.0819199408007867,1.0298173797995063,1.0420057858109193
BGR,52,0.9945581733568624,1.0247140109569355,1.0420057858109193
BGR,53,1.0285435517142434,1.0129035040598773,1.0420057858109193
BGR,55T56,1.02648855027327,1.0241982843316062,1.0420057858109193
BGR,58T60,1.0436174005914842,1.007761863554804,1.0420057858109193
BGR,61,1.030544990914282,1.0167543567944928,1.0420057858109193
BGR,62T63,1.0286142601111812,1.007345682193959,1.0420057858109193
BGR,64T66,1.0170102698141261,1.0054074137711706,1.0420057858109193
BGR,68,1.0352891962903252,1.011123671790417,1.0420057858109193
BGR,69T75,1.0276996487767969,1.0088998742112152,1.0420057858109193
BGR,77T82,1.0256507875353986,1.0136484551526392,1.0420057858109193
BGR,84,1.0401756341704649,1.011673722610857,1.0420057858109193
BGR,85,1.040198985209978,1.0024960132979932,1.0420057858109193
BGR,86T88,1.0390780655345275,1.0140907544969302,1.0420057858109193
BGR,90T93,1.0341830723110856,1.0121771682782446,1.0420057858109193
BGR,94T98,1.0297266194441514,1.0184008546295773,1.0420057858109193
BRA,01T02,0.4582922922991276,1.0081258472178327,0.9887606146848428
BRA,03,0.9861577124144992,0.9646936639370111,0.9887606146848428
BRA,05T06,0.8652861533175285,0.98602029843693,0.9887606146848428
BRA,07T08,1.0234061685916498,0.9779229248826847,0.9887606146848428
BRA,10T12,0.9380728702767307,1.1220151819428068,0.9887606146848428
BRA,13T15,1.0202518157870923,0.9950635357882156,0.9887606146848428
BRA,16,1.0154989285598028,1.0197362362220863,0.9887606146848428
BRA,17T18,1.0222940725109606,1.0063428956298572,0.9887606146848428
BRA,19,0.9146366962730968,1.035410853963699,0.9887606146848428
BRA,20,0.8744637293275161,1.038674943922047,0.9887606146848428
BRA,21,1.0154558248410293,0.9751916391190426,0.9887606146848428
BRA,22,1.0071045131935628,1.0078924560576834,0.9887606146848428
BRA,23,0.8246570275612115,0.9984334028588988,0.9887606146848428
BRA,24,0.9230686718807753,1.0094948348271384,0.9887606146848428
BRA,25,1.0060623450327673,1.0050422179670402,0.9887606146848428
BRA,26,1.0226344009302633,0.984339726381909,0.9887606146848428
BRA,27,1.0257630709601886,0.9990771824905599,0.9887606146848428
BRA,28,1.0297802388612594,0.9898261021389312,0.9887606146848428
BRA,29T30,1.043708423455744,0.9932317020475256,0.9887606146848428
BRA,31T33,1.0083199343181837,0.985670819629902,0.9887606146848428
BRA,35,0.9210047452411889,0.9855787862143429,0.9887606146848428
BRA,36T39,0.9809872096974439,0.9706280460638314,0.9887606146848428
BRA,41T43,0.9883595584974975,0.9918704567646616,0.9887606146848428
BRA,45T47,0.9880735447352679,0.9691285579086931,0.9887606146848428
BRA,49,0.9428874129702475,0.9853012312105728,0.9887606146848428
BRA,50,0.9060091828971534,0.986051354579777,0.9887606146848428
BRA,51,0.9386384894877537,0.9921863557642785,0.9887606146848428
BRA,52,1.0000946879480082,0.9690806844932888,0.9887606146848428
BRA,53,0.9897823940694338,0.9675947362719353,0.9887606146848428
BRA,55T56,0.995530600135907,0.9995677078189604,0.9887606146848428
BRA,58T60,1.035892117925547,0.9807824012826014,0.9887606146848428
BRA,61,0.9952884905765489,0.9657725948135503,0.9887606146848428
BRA,62T63,1.027350637392575,0.9632666495492904,0.9887606146848428
BRA,64T66,0.9830976593545379,0.9615735195767035,0.9887606146848428
BRA,68,0.9916576159352043,0.9588464322553152,0.9887606146848428
BRA,69T75,1.0087607165372996,0.9646107788913773,0.9887606146848428
BRA,77T82,0.9977539338802222,0.9664711795677158,0.9887606146848428
BRA,84,0.9891276757661379,0.9630048414194157,0.9887606146848428
BRA,85,0.9893576803651196,0.9620209550586839,0.9887606146848428
BRA,86T88,0.9893400186306676,0.967003776016399,0.9887606146848428
BRA,90T93,1.004618142914647,0.9675656790991274,0.9887606146848428
BRA,94T98,0.9884835929421003,0.9761319325790604,0.9887606146848428
BRN,01T02,0.7445405774912492,0.9965061802543086,0.9733250824583274
BRN,03,1.0233348897081143,0.9792161119481171,0.9733250824583274
BRN,05T06,0.9058703260925299,0.9644462476998015,0.9733250824583274
BRN,07T08,1.1596934087155817,0.9496672348260323,0.9733250824583274
BRN,10T12,1.1024706629354544,1.019279029322836,0.9733250824583274
BRN,13T15,1.0572195021629298,1.012646047202021,0.9733250824583274
BRN,16,1.194883784021501,0.9966318725918993,0.9733250824583274
BRN,17T18,1.0304806998884168,1.002115294644288,0.9733250824583274
BRN,19,0.9409451483854362,0.9860661952738334,0.9733250824583274
BRN,20,1.2123350867152125,0.9981123784895836,0.9733250824583274
BRN,21,1.0280459911912074,1.0032976548780885,0.9733250824583274
BRN,22,0.35911268960924353,1.0275795156914964,0.9733250824583274
BRN,23,0.9552293400639921,1.0016603998296398,0.9733250824583274
BRN,24,1.962691453244197,0.9726730783575331,0.9733250824583274
BRN,25,1.0895102048295064,1.0343258010826866,0.9733250824583274
BRN,26,1.0071600011005228,1.0029631039563727,0.9733250824583274
BRN,27,1.0820542043959667,0.997968529800384,0.9733250824583274
BRN,28,1.0599168729457806,1.000817953290158,0.9733250824583274
BRN,29T30,1.0324247564324598,0.9932752019069658,0.9733250824583274
BRN,31T33,0.26671366370498156,1.0233419943489062,0.9733250824583274
BRN,35,0.5151509723900981,0.9875106217658541,0.9733250824583274
BRN,36T39,0.9696081076658983,0.9702012612719692,0.9733250824583274
BRN,41T43,0.9732426252597253,1.0088667406750378,0.9733250824583274
BRN,45T47,0.9834182422983163,0.9827781079482796,0.9733250824583274
BRN,49,0.9580396201461004,0.9818981552957584,0.9733250824583274
BRN,50,0.8199083652517013,0.9812157216881628,0.9733250824583274
BRN,51,0.9384016851892739,0.9681578313726819,0.9733250824583274
BRN,52,1.0636503109137179,0.9791004175023187,0.9733250824583274
BRN,53,1.0114805279206707,0.996279268243839,0.9733250824583274
BRN,55T56,1.0055674036065365,1.012577283069956,0.9733250824583274
BRN,58T60,1.0632469502782447,0.9690815726181858,0.9733250824583274
BRN,61,0.964526630543797,0.9855383271882374,0.9733250824583274
BRN,62T63,1.0261495172038575,0.9831939656316913,0.9733250824583274
BRN,64T66,0.9811106064942697,0.9594823783877972,0.9733250824583274
BRN,68,1.001929507146315,0.952811060893301,0.9733250824583274
BRN,69T75,0.9915719553990557,0.9788316795370026,0.9733250824583274
BRN,77T82,0.9901906192406009,0.9962668416240454,0.9733250824583274
BRN,84,0.9733037831707712,0.9818873453403504,0.9733250824583274
BRN,85,0.9746696992476661,0.9750746716373426,0.9733250824583274
BRN,86T88,0.9720759478498688,0.9868093191282464,0.9733250824583274
BRN,90T93,0.9643051837211566,1.0403317589940473,0.9733250824583274
BRN,94T98,1.0248580100659876,0.9687122224890048,0.9733250824583274
CAN,01T02,0.7243989050038083,1.054174925578041,1.0147612430674189
CAN,03,0.9912448784044899,1.0208817625047164,1.0147612430674189
CAN,05T06,0.8548666625077898,1.0165647332727858,1.0147612430674189
CAN,07T08,1.0217586593406156,1.0162261531156258,1.0147612430674189
CAN,10T12,0.9879203689211538,1.0689813667315777,1.0147612430674189
CAN,13T15,1.066577413850618,1.0160997743309228,1.0147612430674189
CAN,16,0.946587897526932,1.0809121692032524,1.0147612430674189
CAN,17T18,1.0163670487356615,1.031997909749074,1.0147612430674189
CAN,19,0.8540686848404004,1.059667671711482,1.0147612430674189
CAN,20,0.929926915228382,1.0339172529715823,1.0147612430674189
CAN,21,1.0401302899469271,1.016463379447564,1.0147612430674189
CAN,22,1.0125718333476987,1.0292480979240661,1.0147612430674189
CAN,23,0.9783161930543459,1.0335855493536363,1.0147612430674189
CAN,24,1.0895746029294104,1.0438260816004254,1.0147612430674189
CAN,25,1.0670112047372042,1.0263113374342878,1.0147612430674189
CAN,26,1.0398021502936279,1.0127766307906618,1.0147612430674189
CAN,27,1.0489711266843027,1.0265446596526644,1.0147612430674189
CAN,28,1.034154211974415,1.0198283852896426,1.0147612430674189
CAN,29T30,1.0417816583909874,1.0219073211552638,1.0147612430674189
CAN,31T33,1.0280639462387595,1.0184790507245087,1.0147612430674189
CAN,35,0.931974303453282,1.0065954446307974,1.0147612430674189
CAN,36T39,1.0069585882582612,1.0080059383597313,1.0147612430674189
CAN,41T43,1.0117241191138502,1.0213622279323193,1.0147612430674189
CAN,45T47,1.0190376147940492,1.0046204176996785,1.0147612430674189
CAN,49,0.9399110456351338,1.016267833669284,1.0147612430674189
CAN,50,0.8519404934186293,1.0369255204391965,1.0147612430674189
CAN,51,0.830022952556239,1.0197219468441274,1.0147612430674189
CAN,52,0.9829448205921067,1.013376970642177,1.0147612430674189
CAN,53,1.0181010159492319,1.013956722013866,1.0147612430674189
CAN,55T56,1.0169859398042018,1.0201911351195145,1.0147612430674189
CAN,58T60,1.0293929459370312,1.0078776131586709,1.0147612430674189
CAN,61,1.0132877929108839,1.004633401688904,1.0147612430674189
CAN,62T63,1.0171887714852297,1.003565748210949,1.0147612430674189
CAN,64T66,1.0088507146649015,1.0032845423727705,1.0147612430674189
CAN,68,1.0150456014071405,1.0014080606171012,1.0147612430674189
CAN,69T75,1.0071559962541545,1.005244283772417,1.0147612430674189
CAN,77T82,1.0096326966576525,1.0065684230024412,1.0147612430674189
CAN,84,1.0144369473179509,1.0059375359199019,1.0147612430674189
CAN,85,1.0169778752437904,1.0037876889470752,1.0147612430674189
CAN,86T88,1.0147665503214984,1.004812965212254,1.0147612430674189
CAN,90T93,1.0177829833270835,1.0090453320080461,1.0147612430674189
CAN,94T98,1.0124953288712077,1.0082770781589474,1.0147612430674189
CHE,01T02,1.0755451519422736,1.0436641608077428,1.0398717843581209
CHE,03,1.006045443145475,1.0242757358542818,1.0398717843581209
CHE,05T06,0.9765524965923696,1.0372197348361443,1.0398717843581209
CHE,07T08,1.0664610467478142,1.0364723755634198,1.0398717843581209
CHE,10T12,1.0474041972182337,1.0453849853475023,1.0398717843581209
CHE,13T15,1.0211521325297916,1.0314312428004155,1.0398717843581209
CHE,16,1.059596248317607,1.035645021921664,1.0398717843581209
CHE,17T18,1.0235189205112016,1.0341027563916958,1.0398717843581209
CHE,19,1.038715310223277,1.0449652420361941,1.0398717843581209
CHE,20,1.0770085974832728,1.037732641564778,1.0398717843581209
CHE,21,1.0112163529407914,1.0315130731635433,1.0398717843581209
CHE,22,1.0676293511861217,1.037647726935345,1.0398717843581209
CHE,23,1.0385974357897603,1.0426173174055728,1.0398717843581209
CHE,24,1.3273854640696472,1.0465895076478429,1.0398717843581209
CHE,25,1.0528915610418028,1.0358046100136493,1.0398717843581209
CHE,26,1.0234068652812796,1.0333125692061436,1.0398717843581209
CHE,27,1.0370880847297923,1.037254634536697,1.0398717843581209
CHE,28,1.0269295612761797,1.0343140316703419,1.0398717843581209
CHE,29T30,1.0237358877056228,1.0333091390960678,1.0398717843581209
CHE,31T33,1.0773705850867694,1.0341762755226007,1.0398717843581209
CHE,35,1.0828484522415611,1.0368049880638528,1.0398717843581209
CHE,36T39,1.0432833811209148,1.0335671532183834,1.0398717843581209
CHE,41T43,1.038871129201482,1.0357173641033752,1.0398717843581209
CHE,45T47,1.0179368771047486,1.0330093637888027,1.0398717843581209
CHE,49,1.0327901072914902,1.034907722746829,1.0398717843581209
CHE,50,1.0379599330193998,1.0424820209986652,1.0398717843581209
CHE,51,0.9908542452147874,1.0390724715034578,1.0398717843581209
CHE,52,1.0051531026402412,1.036890668431912,1.0398717843581209
CHE,53,1.0196698489137537,1.0307957551124978,1.0398717843581209
CHE,55T56,1.0258057269204695,1.0351268594061906,1.0398717843581209
CHE,58T60,0.9963296542753624,1.0296277025422729,1.0398717843581209
CHE,61,1.0227590573002732,1.029450429363353,1.0398717843581209
CHE,62T63,1.0014134761262339,1.0264396466698988,1.0398717843581209
CHE,64T66,1.0098371266003123,1.0285816464593747,1.0398717843581209
CHE,68,1.0356361298451804,1.029384835024159,1.0398717843581209
CHE,69T75,1.0209940898079746,1.0297004888652095,1.0398717843581209
CHE,77T82,1.025823513537097,1.0302337235871395,1.0398717843581209
CHE,84,1.0358767854709914,1.0307031503011073,1.0398717843581209
CHE,85,1.031590386175458,1.0324920096273513,1.0398717843581209
CHE,86T88,1.0390338277908948,1.030455814153854,1.0398717843581209
CHE,90T93,1.0267491582921617,1.0305267333824994,1.0398717843581209
CHE,94T98,1.0348109192059698,1.030060212369635,1.0398717843581209
CHL,01T02,1.0428550348744916,1.056858068304351,1.058485295939776
CHL,03,1.0429817417548535,1.050776285595916,1.058485295939776
CHL,05T06,0.624658511861089,1.0472828770176057,1.058485295939776
CHL,07T08,0.9312879884847072,1.054498805739485,1.058485295939776
CHL,10T12,1.0489619697996977,1.0605408108699212,1.058485295939776
CHL,13T15,0.9868837263272774,1.048369537636902,1.058485295939776
CHL,16,0.9933407014580717,1.0649137740754673,1.058485295939776
CHL,17T18,0.966317134198256,1.0652113480996594,1.058485295939776
CHL,19,0.9747258672371475,1.082352896333215,1.058485295939776
CHL,20,0.9970142924152253,1.0637005447013024,1.058485295939776
CHL,21,1.0129737785776785,1.0474633536133222,1.058485295939776
CHL,22,0.9174691942306864,1.0599736167246299,1.058485295939776
CHL,23,0.9770314755323468,1.0773400257117236,1.058485295939776
CHL,24,1.3126436869083,1.0616800853986548,1.058485295939776
CHL,25,1.032722542885213,1.059337500930737,1.058485295939776
CHL,26,1.0379507346493932,1.0480734162695946,1.058485295939776
CHL,27,1.0130309032025673,1.0573630089246981,1.058485295939776
CHL,28,1.012246344071895,1.0563521170267542,1.058485295939776
CHL,29T30,1.0043691850668721,1.0493762659977235,1.058485295939776
CHL,31T33,0.987990906198779,1.0507304280850496,1.058485295939776
CHL,35,0.9001953017478841,1.1094843318696914,1.058485295939776
CHL,36T39,1.0498728498174816,1.0499431121772185,1.058485295939776
CHL,41T43,1.0548371134834926,1.0534713004789291,1.058485295939776
CHL,45T47,1.0196759875651709,1.04534359763196,1.058485295939776
CHL,49,0.9867452416082766,1.0519498066271948,1.058485295939776
CHL,50,0.799212343779332,1.049387020414439,1.058485295939776
CHL,51,0.8168093798080324,1.0486372474650616,1.058485295939776
CHL,52,0.9994489843274339,1.0443091279738237,1.058485295939776
CHL,53,1.0201607276293865,1.049817231451373,1.058485295939776
CHL,55T56,1.0397563901699969,1.05042546268108,1.058485295939776
CHL,58T60,1.0167280293824073,1.045412506827304,1.058485295939776
CHL,61,1.0454678520893008,1.0462781510803847,1.058485295939776
CHL,62T63,1.0176405052966178,1.0411320024288326,1.058485295939776
CHL,64T66,1.0340600412167746,1.0409335315921862,1.058485295939776
CHL,68,1.0458312882722858,1.0414856101243315,1.058485295939776
CHL,69T75,1.0366233197205805,1.0413009501592998,1.058485295939776
CHL,77T82,1.0186240892769032,1.0415672607820763,1.058485295939776
CHL,84,1.0556922948225211,1.0437367552461583,1.058485295939776
CHL,85,1.057225044505985,1.0425213206567727,1.058485295939776
CHL,86T88,1.0571463972516935,1.0438508903517212,1.058485295939776
CHL,90T93,1.0467785155465026,1.0416894572956974,1.058485295939776
CHL,94T98,1.044588657859807,1.0427181238452512,1.058485295939776
CHN,01T02,0.9784567803745762,1.0357817811004424,1.0379723734335922
CHN,03,1.0229222262766626,1.0210955254165865,1.0379723734335922
CHN,05T06,0.7899795038347749,1.054257469275469,1.0379723734335922
CHN,07T08,0.8038201979982176,1.072212701888932,1.0379723734335922
CHN,10T12,1.01589155328732,1.0475556523208676,1.0379723734335922
CHN,13T15,0.9973353965655003,1.0382906503385978,1.0379723734335922
CHN,16,0.997517718634207,1.0504035610110936,1.0379723734335922
CHN,17T18,1.0025317393436657,1.0427509666219756,1.0379723734335922
CHN,19,0.8813315604674066,1.0460769587446552,1.0379723734335922
CHN,20,0.9277197435820708,1.064534369893814,1.0379723734335922
CHN,21,1.026665305335772,1.0302779679385154,1.0379723734335922
CHN,22,0.9671736905668535,1.0597829647736818,1.0379723734335922
CHN,23,0.8993232903010456,1.0774921932214496,1.0379723734335922
CHN,24,0.8525096442552396,1.093794299928756,1.0379723734335922
CHN,25,0.9815434996473581,1.0784198779333194,1.0379723734335922
CHN,26,1.011588588003305,1.0360196639634605,1.0379723734335922
CHN,27,0.9843334012461498,1.0664263273871162,1.0379723734335922
CHN,28,0.9946693554171645,1.057410025014824,1.0379723734335922
CHN,29T30,1.017832659143479,1.0412293748394004,1.0379723734335922
CHN,31T33,0.9839422216716782,1.039826787500906,1.0379723734335922
CHN,35,0.6808971739561053,1.1133358512130127,1.0379723734335922
CHN,36T39,0.9630069089755903,1.043356828754959,1.0379723734335922
CHN,41T43,1.0375065060161297,1.0731917772969244,1.0379723734335922
CHN,45T47,1.0083637585226546,1.001972132829706,1.0379723734335922
CHN,49,0.9746875037431735,1.0255478501348576,1.0379723734335922
CHN,50,0.8179911573852097,1.0432444060963293,1.0379723734335922
CHN,51,0.952305099734651,1.0296324593618904,1.0379723734335922
CHN,52,0.9763165463568141,1.0298900902838373,1.0379723734335922
CHN,53,0.9932884582982417,1.016305586640987,1.0379723734335922
CHN,55T56,1.0169703019309604,1.0242845594136567,1.0379723734335922
CHN,58T60,1.0307478608395255,1.0115388687900988,1.0379723734335922
CHN,61,1.020653566030001,1.0157800269920008,1.0379723734335922
CHN,62T63,1.0320124020338863,0.997253390801453,1.0379723734335922
CHN,64T66,0.9941316644050628,0.9898092666996606,1.0379723734335922
CHN,68,1.031734150603865,0.9909891433782536,1.0379723734335922
CHN,69T75,1.0079916557480726,1.0141301805199257,1.0379723734335922
CHN,77T82,1.0038577329031135,1.0127527817260316,1.0379723734335922
CHN,84,1.0374172687700853,0.9988763456016901,1.0379723734335922
CHN,85,1.0385407353805116,0.9973969756333204,1.0379723734335922
CHN,86T88,1.0369281733637905,1.0013034261568974,1.0379723734335922
CHN,90T93,1.033407093523371,1.0003659285344437,1.0379723734335922
CHN,94T98,1.0296149040293532,1.0037130351290322,1.0379723734335922
COL,01T02,0.6692124323498722,1.0149440002840164,1.0134023985506846
COL,03,1.0126094458564407,1.0353871769928862,1.0134023985506846
COL,05T06,0.9089693277051873,1.004950677650448,1.0134023985506846
COL,07T08,0.9656747874258144,0.9962068272500706,1.0134023985506846
COL,10T12,0.9645003232792267,1.100543772326608,1.0134023985506846
COL,13T15,1.0536260559367336,1.0031636411238132,1.0134023985506846
COL,16,0.9847481818313002,1.0528096275911873,1.0134023985506846
COL,17T18,1.0248507176325998,1.0060882218219236,1.0134023985506846
COL,19,0.9308093429397792,1.0305984899858482,1.0134023985506846
COL,20,1.0530864101728907,1.0145264812650028,1.0134023985506846
COL,21,1.0496021657615988,0.9990511001722124,1.0134023985506846
COL,22,1.071389675257473,1.0181743706404214,1.0134023985506846
COL,23,0.95584373633087,1.012109544782326,1.0134023985506846
COL,24,1.0937973356698307,1.0292557557446933,1.0134023985506846
COL,25,1.0420484483462036,1.0177537381781596,1.0134023985506846
COL,26,1.0369706222276018,1.011010208452397,1.0134023985506846
COL,27,1.0480287620817954,1.01657580534216,1.0134023985506846
COL,28,1.0342295434535775,1.0139951700622916,1.0134023985506846
COL,29T30,1.0563663181967289,1.006099340030514,1.0134023985506846
COL,31T33,1.0313575159316828,1.0035898088846786,1.0134023985506846
COL,35,0.9341093881520015,1.0147725013468345,1.0134023985506846
COL,36T39,1.0084565460057493,0.9938640179446202,1.0134023985506846
COL,41T43,1.0121614608658625,1.0121835413535152,1.0134023985506846
COL,45T47,1.0068454026624296,0.9897590762420626,1.0134023985506846
COL,49,0.9687484033894351,1.0010814267478838,1.0134023985506846
COL,50,0.9553533280165629,1.0001569401804242,1.0134023985506846
COL,51,0.982647551673289,1.0070942724709284,1.0134023985506846
COL,52,1.005801358708354,0.986897936171503,1.0134023985506846
COL,53,1.0182622013065765,0.9939848332856388,1.0134023985506846
COL,55T56,1.0139533755109829,1.0216610313113563,1.0134023985506846
COL,58T60,1.043031416565242,0.9894345714502821,1.0134023985506846
COL,61,1.0158392802924825,0.984623321833076,1.0134023985506846
COL,62T63,1.02651947815024,0.9834524634335527,1.0134023985506846
COL,64T66,1.016861974847595,0.9847119002286701,1.0134023985506846
COL,68,1.0142148652630134,0.9801605096178743,1.0134023985506846
COL,69T75,1.0158992601264603,0.9841659749945443,1.0134023985506846
COL,77T82,1.0105311551720515,0.9828954303822116,1.0134023985506846
COL,84,1.0135508151773112,0.9887097093049265,1.0134023985506846
COL,85,1.0143167789819059,0.9845268169611938,1.0134023985506846
COL,86T88,1.0132399745968867,0.9888239071560939,1.0134023985506846
COL,90T93,1.0175625407947217,0.9866305534167745,1.0134023985506846
COL,94T98,1.014192454003768,0.9868771682540782,1.0134023985506846
CRI,01T02,1.036018631776704,1.0403280922650444,1.0382152001960172
CRI,03,1.0183736389765097,1.0398861081119712,1.0382152001960172
CRI,05T06,1.0408112402135432,1.03609467372522,1.0382152001960172
CRI,07T08,0.9988975335940458,1.0352538055013878,1.0382152001960172
CRI,10T12,1.0292858558542977,1.053755034833244,1.0382152001960172
CRI,13T15,1.0027427917190195,1.0301641369666237,1.0382152001960172
CRI,16,1.0184579990082652,1.0454828007527202,1.0382152001960172
CRI,17T18,1.0035193979331456,1.0334624323735688,1.0382152001960172
CRI,19,1.0202370828061387,1.0407903735507962,1.0382152001960172
CRI,20,1.1006988689137036,1.0406203165015906,1.0382152001960172
CRI,21,0.9602847208953902,1.0337620108600396,1.0382152001960172
CRI,22,1.1038729292071907,1.0455948989243098,1.0382152001960172
CRI,23,0.9641603498461878,1.0432563517784852,1.0382152001960172
CRI,24,1.1823979191160734,1.0570057384758442,1.0382152001960172
CRI,25,1.0182447406717778,1.0428498595523559,1.0382152001960172
CRI,26,1.0227553506235403,1.0310789707871517,1.0382152001960172
CRI,27,1.0285185271841768,1.040292338724775,1.0382152001960172
CRI,28,1.0147444540498944,1.0401636804101664,1.0382152001960172
CRI,29T30,1.0292936324670552,1.0373318120849746,1.0382152001960172
CRI,31T33,1.0426109929985263,1.034602454602261,1.0382152001960172
CRI,35,1.0440432072485288,1.0290114595267343,1.0382152001960172
CRI,36T39,1.0383858008858569,1.029815989891814,1.0382152001960172
CRI,41T43,1.035923554845484,1.0446191628851857,1.0382152001960172
CRI,45T47,1.0134302113411215,1.0300705287270404,1.0382152001960172
CRI,49,0.9980746652955665,1.0319915468990768,1.0382152001960172
CRI,50,0.8650531377141852,1.0399707309961352,1.0382152001960172
CRI,51,1.113097781361307,1.0358925975155153,1.0382152001960172
CRI,52,1.0075756737862835,1.033759036488255,1.0382152001960172
CRI,53,1.027802846692165,1.029261686137811,1.0382152001960172
CRI,55T56,1.0212163769350349,1.0368891628482373,1.0382152001960172
CRI,58T60,1.0123743553828306,1.0315582188648988,1.0382152001960172
CRI,61,1.0216932347328775,1.0287208053233434,1.0382152001960172
CRI,62T63,1.010989677836786,1.0279075262477888,1.0382152001960172
CRI,64T66,1.0247788347940514,1.0276681719753973,1.0382152001960172
CRI,68,1.0344196241188268,1.0294537159045734,1.0382152001960172
CRI,69T75,1.0177328981978253,1.0287720919346077,1.0382152001960172
CRI,77T82,1.02260236222147,1.0286807083252283,1.0382152001960172
CRI,84,1.0375178484328285,1.0285460371941388,1.0382152001960172
CRI,85,1.0364418802628546,1.0293925056327193,1.0382152001960172
CRI,86T88,1.037040800904461,1.029725936666199,1.0382152001960172
CRI,90T93,1.020634615895759,1.0301038149487038,1.0382152001960172
CRI,94T98,1.0331227133271725,1.030255497856438,1.0382152001960172
CYP,01T02,1.0704171480431186,1.0306175448283486,1.0263072276071215
CYP,03,1.0203740677529534,1.0212237604804983,1.0263072276071215
CYP,05T06,0.8869331792937144,1.0433839678044419,1.0263072276071215
CYP,07T08,0.9136500703618754,1.0563658200121302,1.0263072276071215
CYP,10T12,1.0360333224662557,1.0421242605216803,1.0263072276071215
CYP,13T15,1.0416225740946923,1.022798867925583,1.0263072276071215
CYP,16,1.0430268692315172,1.027088470086234,1.0263072276071215
CYP,17T18,1.019117774231154,1.0264108743932776,1.0263072276071215
CYP,19,0.4003948841123439,1.0194604314517264,1.0263072276071215
CYP,20,1.1156871055979807,1.030993587710677,1.0263072276071215
CYP,21,1.01671919439592,1.027445261621648,1.0263072276071215
CYP,22,1.0324606496359243,1.0422735099717613,1.0263072276071215
CYP,23,0.6776279838545491,1.0916547834635626,1.0263072276071215
CYP,24,1.1968170927754094,1.0462822659525903,1.0263072276071215
CYP,25,1.0199894530263078,1.042359754952081,1.0263072276071215
CYP,26,1.0014581488632721,1.0487772666046744,1.0263072276071215
CYP,27,1.0486707491689655,1.0281692309174224,1.0263072276071215
CYP,28,1.032046955100702,1.0282168439520094,1.0263072276071215
CYP,29T30,1.0349663084911178,1.0278856832012258,1.0263072276071215
CYP,31T33,1.0258154350156459,1.0269093178162123,1.0263072276071215
CYP,35,0.777087542097156,1.0306758852454438,1.0263072276071215
CYP,36T39,1.0166505791284737,1.0413045413566229,1.0263072276071215
CYP,41T43,1.0156938055599185,1.0383528940882931,1.0263072276071215
CYP,45T47,1.0102396040435697,1.021809125381038,1.0263072276071215
CYP,49,0.9920799835205197,1.0228855690386636,1.0263072276071215
CYP,50,1.1564299249443464,1.0161520048432195,1.0263072276071215
CYP,51,0.9150783793566175,1.0247556802408804,1.0263072276071215
CYP,52,0.9979996220388496,1.0181278438088401,1.0263072276071215
CYP,53,1.0097960475807983,1.020713157726246,1.0263072276071215
CYP,55T56,1.0087516715106284,1.0285914505880551,1.0263072276071215
CYP,58T60,1.002761332065057,1.0163920862525415,1.0263072276071215
CYP,61,1.0023070413993058,1.0198678623105157,1.0263072276071215
CYP,62T63,0.9764939871958719,1.011692065429556,1.0263072276071215
CYP,64T66,0.9886040473669377,1.012103561319037,1.0263072276071215
CYP,68,1.0179134554107443,1.0142485744974596,1.0263072276071215
CYP,69T75,1.008348387233333,1.0144074705387787,1.0263072276071215
CYP,77T82,1.0053931313448585,1.0159675415749287,1.0263072276071215
CYP,84,1.0247936765749122,1.0179459474820085,1.0263072276071215
CYP,85,1.0235500029807785,1.0145023061257479,1.0263072276071215
CYP,86T88,1.0230253835469065,1.0203557812821227,1.0263072276071215
CYP,90T93,1.0190371958950444,1.0198252183379053,1.0263072276071215
CYP,94T98,1.0197394797273356,1.017686636357126,1.0263072276071215
CZE,01T02,1.0095578729459656,1.039339432999598,1.0435615324835064
CZE,03,0.9764840428326342,1.0559664725838651,1.0435615324835064
CZE,05T06,0.7761699137646316,1.036013275564749,1.0435615324835064
CZE,07T08,0.9496265940107647,1.0424081635916107,1.0435615324835064
CZE,10T12,1.0254969212904304,1.051799281719847,1.0435615324835064
CZE,13T15,0.9908197971395801,1.03826363007343,1.0435615324835064
CZE,16,1.0125297435351976,1.0495062445814654,1.0435615324835064
CZE,17T18,1.0072971990055986,1.0398681010143813,1.0435615324835064
CZE,19,0.8964086410564013,1.0699032428204247,1.0435615324835064
CZE,20,0.9658865339695121,1.0426829308921293,1.0435615324835064
CZE,21,1.0245027850932802,1.0295504793884096,1.0435615324835064
CZE,22,1.051963830031691,1.0396001839524667,1.0435615324835064
CZE,23,0.9291799545468912,1.0573461546552059,1.0435615324835064
CZE,24,0.9497179583320818,1.0592131173634984,1.0435615324835064
CZE,25,1.0259083924486305,1.0406238330590896,1.0435615324835064
CZE,26,1.0188025237072966,1.0381399109168705,1.0435615324835064
CZE,27,1.0236120698541138,1.0410015755852826,1.0435615324835064
CZE,28,1.013170147900548,1.0419465242495483,1.0435615324835064
CZE,29T30,1.0257459958002717,1.03453318397942,1.0435615324835064
CZE,31T33,1.034854711387657,1.0325771849038967,1.0435615324835064
CZE,35,0.7885338253739468,1.0714126978911698,1.0435615324835064
CZE,36T39,1.0064004473831365,1.033340106378165,1.0435615324835064
CZE,41T43,1.034171613947971,1.0323641198528777,1.0435615324835064
CZE,45T47,1.0161749529454702,1.0249849335678916,1.0435615324835064
CZE,49,0.9767780939383969,1.030035222006302,1.0435615324835064
CZE,50,0.9102653287766316,1.0371252312248185,1.0435615324835064
CZE,51,1.0411466300001095,1.0403295320540529,1.0435615324835064
CZE,52,1.0009925275929705,1.0315718381894596,1.0435615324835064
CZE,53,1.0177019273473236,1.0223712940695688,1.0435615324835064
CZE,55T56,1.0311731812945586,1.0306734797273462,1.0435615324835064
CZE,58T60,1.0244066074475668,1.021813064930156,1.0435615324835064
CZE,61,1.02522581561398,1.0213684583225273,1.0435615324835064
CZE,62T63,1.023284398363052,1.0174541322266102,1.0435615324835064
CZE,64T66,1.0200059248913325,1.018928749129859,1.0435615324835064
CZE,68,1.0351039590131001,1.028928436911854,1.0435615324835064
CZE,69T75,1.019435919254884,1.023323984036001,1.0435615324835064
CZE,77T82,1.020145831359638,1.027909020961961,1.0435615324835064
CZE,84,1.0401638402776658,1.0233163482805818,1.0435615324835064
CZE,85,1.040857742873694,1.022308381534755,1.0435615324835064
CZE,86T88,1.042514631682149,1.0248421250960404,1.0435615324835064
CZE,90T93,1.0369701221172885,1.0264537751646592,1.0435615324835064
CZE,94T98,1.0357001619055868,1.0239447281785463,1.0435615324835064
DEU,01T02,0.9656135939730689,1.0412712304071243,1.0411600459441253
DEU,03,1.0180057126735615,1.0310366356076026,1.0411600459441253
DEU,05T06,0.8619824272072041,1.040752597880152,1.0411600459441253
DEU,07T08,0.9907162938135922,1.0317493514073148,1.0411600459441253
DEU,10T12,1.034339587973584,1.0515109519560988,1.0411600459441253
DEU,13T15,1.0043854281370237,1.0352728568264147,1.0411600459441253
DEU,16,1.0218179467058208,1.0499246238072546,1.0411600459441253
DEU,17T18,1.021492131835265,1.0371681278038896,1.0411600459441253
DEU,19,0.9773353001459594,1.0473579958822985,1.0411600459441253
DEU,20,1.0303486727743287,1.04067606658606,1.0411600459441253
DEU,21,1.012575819954578,1.0319993731016703,1.0411600459441253
DEU,22,1.0544732952647502,1.0393513928267257,1.0411600459441253
DEU,23,1.0214379019374227,1.0431269707423718,1.0411600459441253
DEU,24,0.9931496540001551,1.0588430894625431,1.0411600459441253
DEU,25,1.0406114023183595,1.0396522004959154,1.0411600459441253
DEU,26,1.0260561785718953,1.0323404747914189,1.0411600459441253
DEU,27,1.0398701854809518,1.035177096695845,1.0411600459441253
DEU,28,1.0276167664038378,1.0348421839453688,1.0411600459441253
DEU,29T30,1.0281185805263586,1.0343340929428968,1.0411600459441253
DEU,31T33,1.0453683101101434,1.0346495486148566,1.0411600459441253
DEU,35,0.9190226493707304,1.0524915675075552,1.0411600459441253
DEU,36T39,1.0304968628272873,1.0316904246832783,1.0411600459441253
DEU,41T43,1.035893731290316,1.0359934871988783,1.0411600459441253
DEU,45T47,1.017558493500829,1.0305870905099226,1.0411600459441253
DEU,49,1.0231263912675508,1.0331879131052228,1.0411600459441253
DEU,50,1.0617697711536025,1.0448035626597765,1.0411600459441253
DEU,51,0.926836477078735,1.0377899545378813,1.0411600459441253
DEU,52,1.0174729222140533,1.0317340143932383,1.0411600459441253
DEU,53,1.0206265458343482,1.0314188783625244,1.0411600459441253
DEU,55T56,1.0288526252700732,1.035204302782043,1.0411600459441253
DEU,58T60,1.0182725859165298,1.0285539563593336,1.0411600459441253
DEU,61,1.0270061533225898,1.0295531998529757,1.0411600459441253
DEU,62T63,1.01315241206246,1.0259665632998414,1.0411600459441253
DEU,64T66,1.023867029488711,1.027353311550511,1.0411600459441253
DEU,68,1.0345961854680408,1.0278693743448777,1.0411600459441253
DEU,69T75,1.020411457891774,1.028072922257967,1.0411600459441253
DEU,77T82,1.024377261109651,1.0303386991836045,1.0411600459441253
DEU,84,1.0356218639292183,1.029373423780768,1.0411600459441253
DEU,85,1.0392932014353664,1.0274704896407878,1.0411600459441253
DEU,86T88,1.0407751755798982,1.0296870820735298,1.0411600459441253
DEU,90T93,1.035383780265479,1.0290859749113768,1.0411600459441253
DEU,94T98,1.037739873737794,1.0291249699070426,1.0411600459441253
DNK,01T02,0.9603259586169103,1.044812913063119,1.0343391536427935
DNK,03,1.0183272321324155,1.030569997369031,1.0343391536427935
DNK,05T06,0.9491007509430068,1.0293999008381705,1.0343391536427935
DNK,07T08,0.983903510655212,1.03971408138988,1.0343391536427935
DNK,10T12,1.0312700112166397,1.0475340165758482,1.0343391536427935
DNK,13T15,1.016877754759254,1.031117102670387,1.0343391536427935
DNK,16,1.0595368132778196,1.0401468636890325,1.0343391536427935
DNK,17T18,1.0420212981907362,1.0304465732658878,1.0343391536427935
DNK,19,0.9869294339339345,1.0475432641821245,1.0343391536427935
DNK,20,1.0942259196288548,1.032844861680949,1.0343391536427935
DNK,21,1.020136853121108,1.025901140548975,1.0343391536427935
DNK,22,1.0722672368559178,1.0341254177758774,1.0343391536427935
DNK,23,0.9961356542858189,1.039247830621414,1.0343391536427935
DNK,24,1.2331525661792908,1.0461731542776507,1.0343391536427935
DNK,25,1.0443851764826408,1.036032341258176,1.0343391536427935
DNK,26,1.0271629733569372,1.028997466456512,1.0343391536427935
DNK,27,1.046292222594896,1.0311270903800098,1.0343391536427935
DNK,28,1.028627876375478,1.032394955431914,1.0343391536427935
DNK,29T30,1.0271800646865048,1.0332226959860422,1.0343391536427935
DNK,31T33,1.0594506218904478,1.0307723301235292,1.0343391536427935
DNK,35,0.9448601517108803,1.0346497057263961,1.0343391536427935
DNK,36T39,1.029661684852203,1.027212031324701,1.0343391536427935
DNK,41T43,1.03001603866156,1.0326583461874983,1.0343391536427935
DNK,45T47,1.0181918372483405,1.0260273579807477,1.0343391536427935
DNK,49,1.0007266267149735,1.0377141031489059,1.0343391536427935
DNK,50,0.9785251412071404,1.0305852101299842,1.0343391536427935
DNK,51,1.005069802617729,1.0299611916942182,1.0343391536427935
DNK,52,0.9906173115660813,1.0279155811213623,1.0343391536427935
DNK,53,1.0156480088296662,1.0278510749173626,1.0343391536427935
DNK,55T56,1.0264546501620424,1.0320157368524707,1.0343391536427935
DNK,58T60,1.0168560661443393,1.024875890936651,1.0343391536427935
DNK,61,1.0180991856677635,1.0260373552657551,1.0343391536427935
DNK,62T63,1.0125223206014362,1.0245964284258835,1.0343391536427935
DNK,64T66,1.0201716748579734,1.0236552977531475,1.0343391536427935
DNK,68,1.0303444369518795,1.024761005777971,1.0343391536427935
DNK,69T75,1.0182595466130566,1.0251185339430104,1.0343391536427935
DNK,77T82,1.0180804037392353,1.030133105755569,1.0343391536427935
DNK,84,1.0330046773643693,1.0254065588588368,1.0343391536427935
DNK,85,1.0333572248453011,1.0249838420493322,1.0343391536427935
DNK,86T88,1.0339842239792143,1.0255632485538697,1.0343391536427935
DNK,90T93,1.0311787966006543,1.026223641512393,1.0343391536427935
DNK,94T98,1.0292310497838617,1.02543198103429,1.0343391536427935
ESP,01T02,1.0607806087121645,1.03721362628366,1.0390507967964426
ESP,03,1.0254312810930652,1.0338447835050915,1.0390507967964426
ESP,05T06,0.567425189700052,1.0299984784231049,1.0390507967964426
ESP,07T08,0.966970971217867,1.040993431329046,1.0390507967964426
ESP,10T12,1.0340984398343644,1.054025192134086,1.0390507967964426
ESP,13T15,1.0125567473660868,1.032859204775028,1.0390507967964426
ESP,16,1.0373742693951935,1.0393459523442496,1.0390507967964426
ESP,17T18,1.0205884351801757,1.0378317769830645,1.0390507967964426
ESP,19,0.9735842569923083,1.0559172313418004,1.0390507967964426
ESP,20,1.012878189640399,1.0460851618686677,1.0390507967964426
ESP,21,1.0011458748209572,1.035998163207707,1.0390507967964426
ESP,22,1.0506898204947601,1.0409665765161282,1.0390507967964426
ESP,23,0.9645971782911329,1.0493989363109284,1.0390507967964426
ESP,24,1.0969211300775776,1.0497125700068688,1.0390507967964426
ESP,25,1.0252296880442302,1.045256164457647,1.0390507967964426
ESP,26,1.0248728208934013,1.0330379046523317,1.0390507967964426
ESP,27,1.0265731772605362,1.0417156792712885,1.0390507967964426
ESP,28,1.0188604743245706,1.0386822660650015,1.0390507967964426
ESP,29T30,1.0200474328950064,1.0378779598234764,1.0390507967964426
ESP,31T33,1.0423816125593126,1.0334246100443143,1.0390507967964426
ESP,35,0.9558880731292062,1.0463481631175164,1.0390507967964426
ESP,36T39,1.0386857617096,1.033506420935607,1.0390507967964426
ESP,41T43,1.0349338130571564,1.0359404589306584,1.0390507967964426
ESP,45T47,1.020551609702451,1.0300403589416924,1.0390507967964426
ESP,49,0.9910668156595894,1.035831530278143,1.0390507967964426
ESP,50,0.5994439437025745,1.033562598184287,1.0390507967964426
ESP,51,0.9178064698490792,1.0381474709964633,1.0390507967964426
ESP,52,1.0066520956404597,1.034200871409503,1.0390507967964426
ESP,53,1.0194712887708284,1.030536256871127,1.0390507967964426
ESP,55T56,1.0307394445285583,1.0339325453890922,1.0390507967964426
ESP,58T60,1.0131231851004576,1.0288850258555435,1.0390507967964426
ESP,61,1.0204466383494475,1.03199208962236,1.0390507967964426
ESP,62T63,1.0067184501209157,1.028769390006035,1.0390507967964426
ESP,64T66,1.0239228178315403,1.0265456815008431,1.0390507967964426
ESP,68,1.0340539477325204,1.0261727430971967,1.0390507967964426
ESP,69T75,1.0191366940240312,1.028936846439319,1.0390507967964426
ESP,77T82,1.016172294001813,1.030284772799727,1.0390507967964426
ESP,84,1.0344582102205544,1.0288639260363825,1.0390507967964426
ESP,85,1.0362245943749333,1.0271472709080638,1.0390507967964426
ESP,86T88,1.037618333526373,1.0289433211474497,1.0390507967964426
ESP,90T93,1.0327917662243165,1.0289840704993802,1.0390507967964426
ESP,94T98,1.0340856426386258,1.027531276921161,1.0390507967964426
EST,01T02,0.7929556537647268,1.0529323363179355,1.0257245484353699
EST,03,1.0211118683273992,1.014210917617817,1.0257245484353699
EST,05T06,0.5014513901030279,1.0266578570315525,1.0257245484353699
EST,07T08,0.6985246734913776,1.0306927824531174,1.0257245484353699
EST,10T12,1.0030045893887019,1.0591506892405937,1.0257245484353699
EST,13T15,1.0421504631859848,1.022928850446491,1.0257245484353699
EST,16,0.943478810652455,1.0681824348357427,1.0257245484353699
EST,17T18,0.9741484579230456,1.0539229719851837,1.0257245484353699
EST,19,0.22489266187338386,1.0811705239533793,1.0257245484353699
EST,20,1.04018771563563,1.0471969740006608,1.0257245484353699
EST,21,1.0369383765320577,1.0161042095681305,1.0257245484353699
EST,22,1.054593603389709,1.0339243855371854,1.0257245484353699
EST,23,0.9708957325246736,1.043963998199854,1.0257245484353699
EST,24,1.1657537451401623,1.0656435221006832,1.0257245484353699
EST,25,1.0241985998804093,1.03643528503257,1.0257245484353699
EST,26,1.022207275323763,1.0235542798392654,1.0257245484353699
EST,27,1.0532257916003906,1.0257055097656635,1.0257245484353699
EST,28,1.02429623141346,1.0282200341709626,1.0257245484353699
EST,29T30,1.0448958396193218,1.0219855671189042,1.0257245484353699
EST,31T33,1.0345920100446364,1.0270699682335152,1.0257245484353699
EST,35,0.6577510943896538,1.0684413743769565,1.0257245484353699
EST,36T39,1.0295037058771794,1.033754233689455,1.0257245484353699
EST,41T43,1.020288096426329,1.0258464778974867,1.0257245484353699
EST,45T47,1.01156318196356,1.008649082915449,1.0257245484353699
EST,49,0.9876891411567599,1.0107925453608904,1.0257245484353699
EST,50,0.9594846662016944,1.0159814668773872,1.0257245484353699
EST,51,1.148192670929932,1.0295152620667452,1.0257245484353699
EST,52,0.987564694948498,1.0212320493240172,1.0257245484353699
EST,53,1.0288159601409228,1.0080545380063397,1.0257245484353699
EST,55T56,1.0268773762734524,1.0238622996327025,1.0257245484353699
EST,58T60,1.034510406518911,1.007580776970669,1.0257245484353699
EST,61,1.031779131772956,1.003112371025828,1.0257245484353699
EST,62T63,1.0349299714375846,0.9990133048967644,1.0257245484353699
EST,64T66,1.021428155097325,0.9978751052751433,1.0257245484353699
EST,68,1.019527957577162,1.005028500089522,1.0257245484353699
EST,69T75,1.0216874041166601,1.0043893142022706,1.0257245484353699
EST,77T82,1.01227147069754,1.0056580187524928,1.0257245484353699
EST,84,1.0248582038363474,1.0035892854780994,1.0257245484353699
EST,85,1.0254514929863658,1.0069565701242793,1.0257245484353699
EST,86T88,1.0259034157168487,1.0056405224900133,1.0257245484353699
EST,90T93,1.0238269072736634,1.0139925188835834,1.0257245484353699
EST,94T98,1.0187916587580579,1.017600850135753,1.0257245484353699
FIN,01T02,0.942723626496003,1.0370525489948272,1.0321202651663737
FIN,03,1.0213393736846743,1.0244193343047376,1.0321202651663737
FIN,05T06,0.4420131588605908,1.0404807759515224,1.0321202651663737
FIN,07T08,1.0085726585131392,1.0396496788394134,1.0321202651663737
FIN,10T12,1.0283492250962416,1.0489702088238462,1.0321202651663737
FIN,13T15,1.0217836491517116,1.0280325376482213,1.0321202651663737
FIN,16,0.979562767163411,1.0645380242551001,1.0321202651663737
FIN,17T18,0.9790163538499993,1.0483656987286925,1.0321202651663737
FIN,19,0.9903809892911318,1.0356533271106216,1.0321202651663737
FIN,20,1.0008898063630212,1.0427145165722695,1.0321202651663737
FIN,21,1.0353552386577083,1.0209078670495026,1.0321202651663737
FIN,22,1.049057220381174,1.0379828045311372,1.0321202651663737
FIN,23,1.0327748565706611,1.0386891661078461,1.0321202651663737
FIN,24,1.0944458522963718,1.051230226014501,1.0321202651663737
FIN,25,1.0381783943526819,1.037999843402925,1.0321202651663737
FIN,26,1.0266857869633437,1.0228135271395364,1.0321202651663737
FIN,27,1.0397220787106423,1.031428127014816,1.0321202651663737
FIN,28,1.0271730554345377,1.028100524645778,1.0321202651663737
FIN,29T30,1.0289844513852244,1.0316353390439563,1.0321202651663737
FIN,31T33,1.0337983183564718,1.0266481468872801,1.0321202651663737
FIN,35,0.9296452088549904,1.0501440156433504,1.0321202651663737
FIN,36T39,1.037573080728,1.026769479709378,1.0321202651663737
FIN,41T43,1.0283690897376918,1.031619656136631,1.0321202651663737
FIN,45T47,1.0124176779001381,1.0233454277855036,1.0321202651663737
FIN,49,1.0085409555583125,1.025993909469025,1.0321202651663737
FIN,50,0.9442438666085092,1.0280960964882506,1.0321202651663737
FIN,51,0.9534962601564005,1.029231060717794,1.0321202651663737
FIN,52,1.0080181354120659,1.0282844724899074,1.0321202651663737
FIN,53,1.013083862540813,1.02480611587469,1.0321202651663737
FIN,55T56,1.02091001599266,1.0294105638904905,1.0321202651663737
FIN,58T60,1.0092284408115244,1.022453261358626,1.0321202651663737
FIN,61,1.0197149700423958,1.0212897403891363,1.0321202651663737
FIN,62T63,1.00282884477456,1.0203025960363385,1.0321202651663737
FIN,64T66,1.0162856569097283,1.020958006046385,1.0321202651663737
FIN,68,1.0281828423042616,1.021625361345799,1.0321202651663737
FIN,69T75,1.0118545114857087,1.0216667584714851,1.0321202651663737
FIN,77T82,1.0154433113580594,1.0234280095195243,1.0321202651663737
FIN,84,1.027909408923866,1.0236933117807139,1.0321202651663737
FIN,85,1.030968685903768,1.0212899245651885,1.0321202651663737
FIN,86T88,1.0316261029732423,1.0219182952648749,1.0321202651663737
FIN,90T93,1.027561280396187,1.0272416200241454,1.0321202651663737
FIN,94T98,1.0273279014286805,1.0279164951987738,1.0321202651663737
FRA,01T02,0.9947325552740143,1.0430356153215403,1.0321767166436184
FRA,03,1.018082529362284,1.0332409998376075,1.0321767166436184
FRA,05T06,0.30542591475553754,1.0264994165336787,1.0321767166436184
FRA,07T08,0.9877569738751225,1.036368926152391,1.0321767166436184
FRA,10T12,1.0332575464300815,1.0463438570024204,1.0321767166436184
FRA,13T15,1.02103673426468,1.0301767526744567,1.0321767166436184
FRA,16,1.0288221420051735,1.044345485982009,1.0321767166436184
FRA,17T18,1.0307862504042533,1.0314169271225624,1.0321767166436184
FRA,19,1.0196738510271637,1.0431226270600695,1.0321767166436184
FRA,20,1.0391832829838512,1.0361053120626347,1.0321767166436184
FRA,21,1.0153292175004376,1.0297129218785774,1.0321767166436184
FRA,22,1.06241053570086,1.035488641416528,1.0321767166436184
FRA,23,1.014005222925103,1.039190258662318,1.0321767166436184
FRA,24,0.9435741205548063,1.044558010897004,1.0321767166436184
FRA,25,1.0385751710527305,1.037872049618495,1.0321767166436184
FRA,26,1.0249294749809033,1.030649662897718,1.0321767166436184
FRA,27,1.037977536479939,1.0353045682874642,1.0321767166436184
FRA,28,1.0255346802946659,1.0342202066240176,1.0321767166436184
FRA,29T30,1.0275771437047678,1.0326715361813132,1.0321767166436184
FRA,31T33,1.0483011625067442,1.0325584533074017,1.0321767166436184
FRA,35,1.0131190846512081,1.0399578121480217,1.0321767166436184
FRA,36T39,1.02320764917225,1.0302380652234968,1.0321767166436184
FRA,41T43,1.0315181652699814,1.0336473888281974,1.0321767166436184
FRA,45T47,1.0192870696283172,1.0273509181525653,1.0321767166436184
FRA,49,1.0226680907438015,1.0288665193204292,1.0321767166436184
FRA,50,1.0151478432813257,1.03659518248368,1.0321767166436184
FRA,51,0.9674248075852153,1.0343670156949327,1.0321767166436184
FRA,52,1.017790039135325,1.0270281529233598,1.0321767166436184
FRA,53,1.018017386778595,1.026054567936843,1.0321767166436184
FRA,55T56,1.0270545477552173,1.0317819135716866,1.0321767166436184
FRA,58T60,1.016576730074227,1.028333943416239,1.0321767166436184
FRA,61,1.0193859619382126,1.0270041457642907,1.0321767166436184
FRA,62T63,1.0207399179272736,1.0256898343274827,1.0321767166436184
FRA,64T66,1.0198152472805133,1.0254533756807251,1.0321767166436184
FRA,68,1.029076641199423,1.0254040912159024,1.0321767166436184
FRA,69T75,1.021258239762729,1.026408581823389,1.0321767166436184
FRA,77T82,1.0195938826297375,1.02647409591218,1.0321767166436184
FRA,84,1.0310715400128054,1.026559430304549,1.0321767166436184
FRA,85,1.0301809042030752,1.0264115056020722,1.0321767166436184
FRA,86T88,1.0317333199292475,1.0264547346075477,1.0321767166436184
FRA,90T93,1.029403291898255,1.0281322462918767,1.0321767166436184
FRA,94T98,1.029110200858512,1.0270060156752328,1.0321767166436184
GBR,01T02,0.9643173440645888,1.0433025568095677,1.027201744558932
GBR,03,1.0152640502952817,1.0298106295502292,1.027201744558932
GBR,05T06,0.9242907310903619,1.0280752047382542,1.027201744558932
GBR,07T08,1.0189855486952233,1.0360419570139503,1.027201744558932
GBR,10T12,1.0361538211441026,1.0440292273933258,1.027201744558932
GBR,13T15,1.034744411998626,1.0245177847580123,1.027201744558932
GBR,16,1.0456876127015995,1.0397629058417777,1.027201744558932
GBR,17T18,1.0283363190068155,1.029956378295223,1.027201744558932
GBR,19,0.9628227426324493,1.0462911751989417,1.027201744558932
GBR,20,1.0243593993413043,1.0350917377249649,1.027201744558932
GBR,21,1.0256594691149736,1.0251167323754193,1.027201744558932
GBR,22,1.0425991694602803,1.034407828439237,1.027201744558932
GBR,23,1.02383634599516,1.0336020622317537,1.027201744558932
GBR,24,1.0033498000594339,1.043551178874281,1.027201744558932
GBR,25,1.0451732056304135,1.0316404734753866,1.027201744558932
GBR,26,1.0254873807549547,1.0253019694409344,1.027201744558932
GBR,27,1.0437795089212976,1.030577903272699,1.027201744558932
GBR,28,1.02571497778941,1.0297864821156344,1.027201744558932
GBR,29T30,1.0296424037006011,1.0312769111292632,1.027201744558932
GBR,31T33,1.0339991550161078,1.0275612515955905,1.027201744558932
GBR,35,0.9739948511754404,1.0559209928601878,1.027201744558932
GBR,36T39,1.0236249139959257,1.0238978196148747,1.027201744558932
GBR,41T43,1.0253393721761916,1.026864069730131,1.027201744558932
GBR,45T47,1.020742308398651,1.0236608469084472,1.027201744558932
GBR,49,1.0119440927913623,1.0255825160529046,1.027201744558932
GBR,50,1.044092560444203,1.027695880588419,1.027201744558932
GBR,51,0.8966305992553353,1.0386542905946885,1.027201744558932
GBR,52,1.0171920972085409,1.0268705591827982,1.027201744558932
GBR,53,1.017630176278397,1.0224078511200743,1.027201744558932
GBR,55T56,1.02550200355644,1.0263814945949994,1.027201744558932
GBR,58T60,1.0191440339805409,1.0222454364158728,1.027201744558932
GBR,61,1.0171471097625104,1.021387731568773,1.027201744558932
GBR,62T63,1.0159092913536236,1.0212370780172042,1.027201744558932
GBR,64T66,1.0106964053501035,1.0218861536722188,1.027201744558932
GBR,68,1.0256783754281176,1.020719243161807,1.027201744558932
GBR,69T75,1.014884227066035,1.022146697279313,1.027201744558932
GBR,77T82,1.0158026206233153,1.0241527967601602,1.027201744558932
GBR,84,1.026386507336843,1.022684644347014,1.027201744558932
GBR,85,1.0248052022869667,1.0217904818466048,1.027201744558932
GBR,86T88,1.0269722024411325,1.022697960425052,1.027201744558932
GBR,90T93,1.023359239731475,1.0231405915946454,1.027201744558932
GBR,94T98,1.0260528285296902,1.0215694879803765,1.027201744558932
GRC,01T02,1.0704879447982703,1.0350341823997633,1.0392274557473073
GRC,03,1.0302229782727048,1.0189793010330854,1.0392274557473073
GRC,05T06,0.3934038367489019,1.0295909356569188,1.0392274557473073
GRC,07T08,0.9603584219718098,1.0353754099497774,1.0392274557473073
GRC,10T12,1.040888686405561,1.0457709903864847,1.0392274557473073
GRC,13T15,1.001357635913866,1.0339778227638137,1.0392274557473073
GRC,16,1.0479169718611305,1.0360063251580485,1.0392274557473073
GRC,17T18,1.0328860400817852,1.0287714230655338,1.0392274557473073
GRC,19,0.9350305461991487,1.049490862981255,1.0392274557473073
GRC,20,1.035219590413515,1.0342496498809852,1.0392274557473073
GRC,21,1.0283692292366713,1.0280269415171999,1.0392274557473073
GRC,22,1.0444616837961718,1.0389227839103297,1.0392274557473073
GRC,23,0.7308727240577054,1.0683374832046684,1.0392274557473073
GRC,24,0.9726815237528015,1.0817659175762562,1.0392274557473073
GRC,25,1.0168020901855372,1.045119738227059,1.0392274557473073
GRC,26,1.029476472472653,1.0297534765012384,1.0392274557473073
GRC,27,0.9887628267702882,1.0585439696981218,1.0392274557473073
GRC,28,1.0181361113654712,1.037557883687175,1.0392274557473073
GRC,29T30,1.040925507347604,1.0308561875739577,1.0392274557473073
GRC,31T33,1.0449000153236576,1.0323149265630778,1.0392274557473073
GRC,35,0.8574075575118892,1.0663436797109662,1.0392274557473073
GRC,36T39,1.0340311876140127,1.0597446973011173,1.0392274557473073
GRC,41T43,1.035646256462961,1.0517627401810083,1.0392274557473073
GRC,45T47,1.0171132135974466,1.0209878566729982,1.0392274557473073
GRC,49,1.0175520020395648,1.0273972542631196,1.0392274557473073
GRC,50,0.7986762048815095,1.0721036644115345,1.0392274557473073
GRC,51,1.031814169471165,1.032165970471242,1.0392274557473073
GRC,52,0.9915838183598438,1.0309527184416185,1.0392274557473073
GRC,53,1.0213531154294122,1.0235645681841326,1.0392274557473073
GRC,55T56,1.0297912736530275,1.0295986657799219,1.0392274557473073
GRC,58T60,1.0183665914138142,1.023977577512349,1.0392274557473073
GRC,61,1.030422330633663,1.0206810193993563,1.0392274557473073
GRC,62T63,1.0224283842817472,1.0187422960311492,1.0392274557473073
GRC,64T66,1.022070967185518,1.015110173750039,1.0392274557473073
GRC,68,1.028894139189036,1.0155114852659517,1.0392274557473073
GRC,69T75,1.0150963156804216,1.0186654254702943,1.0392274557473073
GRC,77T82,1.0267914461511913,1.0223526699489238,1.0392274557473073
GRC,84,1.037243167576456,1.0176425433499126,1.0392274557473073
GRC,85,1.0376577210775755,1.0165811616783795,1.0392274557473073
GRC,86T88,1.038115613641892,1.0214459250795296,1.0392274557473073
GRC,90T93,1.033504863517407,1.0227092948227796,1.0392274557473073
GRC,94T98,1.0331847791440238,1.0253239315812055,1.0392274557473073
HRV,01T02,0.9617887100500757,1.0415301242991188,1.0356764148874555
HRV,03,1.0227508037546544,1.0405344520970496,1.0356764148874555
HRV,05T06,0.6743349171182536,1.062718535379129,1.0356764148874555
HRV,07T08,0.9856017189129056,1.0397357490369,1.0356764148874555
HRV,10T12,1.02955153304864,1.0458561036491725,1.0356764148874555
HRV,13T15,1.0153562070303312,1.0325847630894036,1.0356764148874555
HRV,16,1.025688823270451,1.0404868574293658,1.0356764148874555
HRV,17T18,1.01367477621632,1.0340380192015517,1.0356764148874555
HRV,19,0.9760590741839329,1.0489458995841394,1.0356764148874555
HRV,20,0.6193866168872668,1.0486923445992338,1.0356764148874555
HRV,21,1.0154017410256984,1.0310297841217133,1.0356764148874555
HRV,22,1.0457608935981324,1.0398295750487436,1.0356764148874555
HRV,23,0.8398481452041014,1.0386278315436699,1.0356764148874555
HRV,24,1.1082869491777227,1.0438878242708398,1.0356764148874555
HRV,25,1.04037221681788,1.032108537307146,1.0356764148874555
HRV,26,1.0336481059893592,1.0229806054985708,1.0356764148874555
HRV,27,1.0405376258378183,1.0328227562530123,1.0356764148874555
HRV,28,1.0345882967730609,1.0300063735687208,1.0356764148874555
HRV,29T30,1.0255503436872697,1.0316644754044475,1.0356764148874555
HRV,31T33,1.0415344791608505,1.0385357579417838,1.0356764148874555
HRV,35,1.0078878960305429,1.0317429079190619,1.0356764148874555
HRV,36T39,1.0252010472646633,1.0298147966941216,1.0356764148874555
HRV,41T43,1.0304646602723109,1.040177587704131,1.0356764148874555
HRV,45T47,1.015515531485294,1.0286600490743405,1.0356764148874555
HRV,49,1.006388800583148,1.0268734735057845,1.0356764148874555
HRV,50,0.7632121014252748,1.0457521668841447,1.0356764148874555
HRV,51,1.128121504311728,1.0265802810938396,1.0356764148874555
HRV,52,1.0174467369786617,1.032402563135881,1.0356764148874555
HRV,53,1.0195496024726152,1.0256637056215199,1.0356764148874555
HRV,55T56,1.0309336391640072,1.028860501577308,1.0356764148874555
HRV,58T60,1.0106360627945232,1.023027279846894,1.0356764148874555
HRV,61,1.0261606367299616,1.0227315805348896,1.0356764148874555
HRV,62T63,1.0105862804679775,1.0218367339555288,1.0356764148874555
HRV,64T66,1.0176050799871765,1.0199769745676182,1.0356764148874555
HRV,68,1.030659760964606,1.027376675596936,1.0356764148874555
HRV,69T75,1.0154119218985307,1.024688189329304,1.0356764148874555
HRV,77T82,1.0229554711536797,1.0267989474882027,1.0356764148874555
HRV,84,1.034052356671386,1.0247218402764768,1.0356764148874555
HRV,85,1.0327083538997528,1.0214024771670391,1.0356764148874555
HRV,86T88,1.0342258798502142,1.0258208584462822,1.0356764148874555
HRV,90T93,1.0298667858427437,1.0263391298269395,1.0356764148874555
HRV,94T98,1.0270288379956485,1.0258599376954036,1.0356764148874555
HUN,01T02,0.9115825022348704,1.046749170859592,1.0362643272291172
HUN,03,1.0198694311635388,1.036983365087299,1.0362643272291172
HUN,05T06,0.5029457989452174,1.051131289568642,1.0362643272291172
HUN,07T08,0.9678121125299829,1.0605451127481464,1.0362643272291172
HUN,10T12,1.0015868898798437,1.0610702255969988,1.0362643272291172
HUN,13T15,1.0252239565934944,1.0291357255128315,1.0362643272291172
HUN,16,1.0133978873783593,1.0447232078470972,1.0362643272291172
HUN,17T18,1.0242132315912114,1.0316978866385638,1.0362643272291172
HUN,19,0.9912119555186308,1.0438342554053828,1.0362643272291172
HUN,20,0.9025071660714847,1.0445603353011381,1.0362643272291172
HUN,21,1.0168071693084668,1.0273598862795716,1.0362643272291172
HUN,22,1.054978710319153,1.0404331757644156,1.0362643272291172
HUN,23,0.9873635100458192,1.0472688387903848,1.0362643272291172
HUN,24,1.070064125972867,1.0511659929099613,1.0362643272291172
HUN,25,1.0304406618263577,1.0403443780154922,1.0362643272291172
HUN,26,1.028646297364513,1.028419701992337,1.0362643272291172
HUN,27,1.0302885157439434,1.0383919287050392,1.0362643272291172
HUN,28,1.0260575016038946,1.0335971811732636,1.0362643272291172
HUN,29T30,1.0315626217869822,1.031881226437051,1.0362643272291172
HUN,31T33,1.050448453974286,1.0281904343709816,1.0362643272291172
HUN,35,0.8015062484694194,1.0352011056346322,1.0362643272291172
HUN,36T39,1.027097478510512,1.0279990936291818,1.0362643272291172
HUN,41T43,1.0331620677370326,1.0356128437553973,1.0362643272291172
HUN,45T47,1.0106563790093086,1.0260630213474173,1.0362643272291172
HUN,49,0.9839893424723137,1.0267451737849713,1.0362643272291172
HUN,50,0.8185052782275003,1.0319651947740862,1.0362643272291172
HUN,51,0.9154430974474914,1.0322126986303548,1.0362643272291172
HUN,52,1.0108950774748104,1.0232329337121133,1.0362643272291172
HUN,53,1.0215721735678802,1.0208531949892032,1.0362643272291172
HUN,55T56,1.0279219211890414,1.033091633628291,1.0362643272291172
HUN,58T60,1.0265841027751528,1.0198582476668003,1.0362643272291172
HUN,61,1.0302316763952615,1.018400741380292,1.0362643272291172
HUN,62T63,1.0193962048785834,1.016912683771201,1.0362643272291172
HUN,64T66,1.0220012377216803,1.01636514620701,1.0362643272291172
HUN,68,1.029660556944814,1.019130505653436,1.0362643272291172
HUN,69T75,1.0200443979340976,1.0201076075149547,1.0362643272291172
HUN,77T82,1.0161418113242873,1.0226619123159373,1.0362643272291172
HUN,84,1.0345051745366185,1.0189377648925952,1.0362643272291172
HUN,85,1.0353678911934268,1.0184343433534029,1.0362643272291172
HUN,86T88,1.0355404253228466,1.0215064197405144,1.0362643272291172
HUN,90T93,1.032456789189149,1.0234028332650547,1.0362643272291172
HUN,94T98,1.029622394794251,1.0207015414577294,1.0362643272291172
IDN,01T02,0.6033799721601181,0.9874571733701805,1.0160390914979982
IDN,03,1.010471438727176,0.9536537792599301,1.0160390914979982
IDN,05T06,0.7928415056639679,0.9930121618241532,1.0160390914979982
IDN,07T08,1.0208987752089742,0.9696913041307118,1.0160390914979982
IDN,10T12,0.9563541760998093,1.1212239232701293,1.0160390914979982
IDN,13T15,1.1459142154185793,0.9842348443650336,1.0160390914979982
IDN,16,0.9595323003671182,1.089077132802732,1.0160390914979982
IDN,17T18,1.048993487672767,1.0037357539625942,1.0160390914979982
IDN,19,0.9267994136198492,1.0333736784201226,1.0160390914979982
IDN,20,0.8784746952845829,1.0290278494580545,1.0160390914979982
IDN,21,1.0000727348632756,1.0325178876754482,1.0160390914979982
IDN,22,0.8542021218372197,1.1016725408312225,1.0160390914979982
IDN,23,0.7302109637855585,1.0334388113743396,1.0160390914979982
IDN,24,1.1633181404489064,0.9934018943815143,1.0160390914979982
IDN,25,1.0305157206168691,1.017027836826309,1.0160390914979982
IDN,26,1.038372057156729,1.0084307043749825,1.0160390914979982
IDN,27,1.0741054433079962,1.008201413258899,1.0160390914979982
IDN,28,1.0409213430885604,1.0204136733479905,1.0160390914979982
IDN,29T30,1.0679046165097925,0.9826498507262541,1.0160390914979982
IDN,31T33,0.9252593064961275,1.0103885950600338,1.0160390914979982
IDN,35,0.6613108521389583,1.178206429134273,1.0160390914979982
IDN,36T39,1.0089200560460692,0.99360225134909,1.0160390914979982
IDN,41T43,1.0107030976706655,1.0101744380988322,1.0160390914979982
IDN,45T47,1.014149417484608,0.9688507730648592,1.0160390914979982
IDN,49,0.9607042346089553,0.9733001981447142,1.0160390914979982
IDN,50,0.7938653681600574,1.0009234996126442,1.0160390914979982
IDN,51,1.008370464662769,0.9833214773887127,1.0160390914979982
IDN,52,1.000900742637145,0.982757562754915,1.0160390914979982
IDN,53,1.0290823232093045,0.9847692076071591,1.0160390914979982
IDN,55T56,1.0130264356302767,1.0323627092790915,1.0160390914979982
IDN,58T60,1.023527014327129,0.9856431242607557,1.0160390914979982
IDN,61,1.0077180830417936,0.9626001170141272,1.0160390914979982
IDN,62T63,1.0194676256536366,0.9902760770869194,1.0160390914979982
IDN,64T66,0.9816718609599072,0.9513433400104463,1.0160390914979982
IDN,68,1.016910785719111,0.956270576009282,1.0160390914979982
IDN,69T75,1.1490543066733165,0.9615643110745817,1.0160390914979982
IDN,77T82,0.9978408881555747,0.9606096482282176,1.0160390914979982
IDN,84,1.0132654678057975,0.978593990883172,1.0160390914979982
IDN,85,1.0164531791371065,0.964065813806812,1.0160390914979982
IDN,86T88,1.0145592192852493,0.994434362978648,1.0160390914979982
IDN,90T93,1.0316753318126162,0.9771295570732247,1.0160390914979982
IDN,94T98,1.013014911861894,0.9645837223160485,1.0160390914979982
IND,01T02,0.9262138404764341,1.0007557628741206,1.034334898667218
IND,03,1.0335290683748437,0.9853725760663828,1.034334898667218
IND,05T06,0.7770838362379197,1.0060379072395405,1.034334898667218
IND,07T08,0.7204498122486844,1.0225958284263623,1.034334898667218
IND,10T12,1.0306354611966455,1.0576836971289763,1.034334898667218
IND,13T15,1.0101292273368574,1.0316885846608637,1.034334898667218
IND,16,0.9936507999744485,1.0241014487397986,1.034334898667218
IND,17T18,0.9903496005462276,1.0289891994417748,1.034334898667218
IND,19,0.9187656293478299,1.033741845123868,1.034334898667218
IND,20,0.9516166234450145,1.034571251814775,1.034334898667218
IND,21,1.023652052760855,1.0078011210098736,1.034334898667218
IND,22,0.8670984113914718,1.0409395415651397,1.034334898667218
IND,23,0.8247936553579039,1.0425594460018592,1.034334898667218
IND,24,0.6228854104080614,1.0707240178330237,1.034334898667218
IND,25,0.9445258085615091,1.0673804312659738,1.034334898667218
IND,26,0.9927675261768311,1.0595099495392828,1.034334898667218
IND,27,0.9726725067291593,1.0916767218597665,1.034334898667218
IND,28,0.9916846291492235,1.0654498919336794,1.034334898667218
IND,29T30,0.9970166371755622,1.0827102548620287,1.034334898667218
IND,31T33,0.766597909736999,1.0496173293477145,1.034334898667218
IND,35,0.652724327016224,1.020391215222946,1.034334898667218
IND,36T39,0.9759508323588423,1.015979831815151,1.034334898667218
IND,41T43,1.0266582791830743,1.0524318136849686,1.034334898667218
IND,45T47,1.0010140618960166,0.9935907458930805,1.034334898667218
IND,49,0.9596400351814546,1.0127995448653784,1.034334898667218
IND,50,0.8355974561961659,1.0256741427252039,1.034334898667218
IND,51,0.8981777005242698,1.0436017671950315,1.034334898667218
IND,52,0.9622081839777317,1.025856489800717,1.034334898667218
IND,53,0.9895018639637526,0.9999700511517383,1.034334898667218
IND,55T56,1.0065888077490495,1.0476281194536414,1.034334898667218
IND,58T60,1.0171622898663781,1.0153614161577522,1.034334898667218
IND,61,0.9996152304988255,1.0494358257928447,1.034334898667218
IND,62T63,1.0653043985056367,0.9878450814830126,1.034334898667218
IND,64T66,1.007947064768583,1.0080786231187526,1.034334898667218
IND,68,1.0325426416611916,0.9862141711222788,1.034334898667218
IND,69T75,1.0353090771746245,1.005153185219439,1.034334898667218
IND,77T82,0.997493894211404,0.9998175249651333,1.034334898667218
IND,84,1.034426667397705,0.9988866871277793,1.034334898667218
IND,85,1.0339399058573207,0.9858464135276938,1.034334898667218
IND,86T88,1.0347274483498996,0.9924616606074158,1.034334898667218
IND,90T93,1.0347057318110846,0.9997333246696244,1.034334898667218
IND,94T98,1.0333081231696832,1.0138458251249312,1.034334898667218
IRL,01T02,0.7350515006071469,1.047323835979015,1.0449734829694202
IRL,03,0.9950507981124064,1.04429144026101,1.0449734829694202
IRL,05T06,0.43320363629322906,1.050212590360017,1.0449734829694202
IRL,07T08,0.9781244574450062,1.049276388972314,1.0449734829694202
IRL,10T12,1.028272603599526,1.048225477732286,1.0449734829694202
IRL,13T15,1.0310031517702865,1.0263447796681358,1.0449734829694202
IRL,16,0.988494489728664,1.0548473054732297,1.0449734829694202
IRL,17T18,1.0368022007120163,1.0260918301948077,1.0449734829694202
IRL,19,1.0794695127311449,1.0308606941817358,1.0449734829694202
IRL,20,1.1016457162161093,1.0290171767471876,1.0449734829694202
IRL,21,1.026918628829138,1.0245390789690145,1.0449734829694202
IRL,22,1.0948371473852545,1.0303354955344945,1.0449734829694202
IRL,23,0.9475362899708493,1.0396430714161173,1.0449734829694202
IRL,24,1.0038856085441874,1.038446235562423,1.0449734829694202
IRL,25,1.0688509259251961,1.0297083409662076,1.0449734829694202
IRL,26,1.0267236916287696,1.027601080745253,1.0449734829694202
IRL,27,1.0501542644974233,1.0318559669928942,1.0449734829694202
IRL,28,1.031346131405815,1.028225468995141,1.0449734829694202
IRL,29T30,1.0289635265338726,1.031997508765948,1.0449734829694202
IRL,31T33,1.0806258719015123,1.0258147302219063,1.0449734829694202
IRL,35,0.9454103897906541,1.0294226765176042,1.0449734829694202
IRL,36T39,1.0343807537326022,1.0272990856662028,1.0449734829694202
IRL,41T43,1.0350301885027193,1.0336873677306821,1.0449734829694202
IRL,45T47,1.0041520677083775,1.0259018391903114,1.0449734829694202
IRL,49,1.0333269666433342,1.0266891520959016,1.0449734829694202
IRL,50,0.9836005586676008,1.0431264881716795,1.0449734829694202
IRL,51,0.5676445706372527,1.0314839250104157,1.0449734829694202
IRL,52,1.003895710954416,1.0276246820814592,1.0449734829694202
IRL,53,1.0157705323351505,1.0247616285539425,1.0449734829694202
IRL,55T56,1.0381406403874525,1.026892650825743,1.0449734829694202
IRL,58T60,1.0172371555552404,1.0236087957574915,1.0449734829694202
IRL,61,1.016088601745859,1.0248507451783235,1.0449734829694202
IRL,62T63,1.0069750158752282,1.024622020384599,1.0449734829694202
IRL,64T66,0.9981335087406711,1.0230696397473764,1.0449734829694202
IRL,68,1.0229822469942138,1.0232188602406034,1.0449734829694202
IRL,69T75,1.0074954816997361,1.0242957791320504,1.0449734829694202
IRL,77T82,1.0013427913216284,1.02488321522109,1.0449734829694202
IRL,84,1.0413194028902377,1.0255662972326829,1.0449734829694202
IRL,85,1.0410578323822803,1.0238217346244534,1.0449734829694202
IRL,86T88,1.0440234667782358,1.0242765955625106,1.0449734829694202
IRL,90T93,1.0280376559071498,1.0261572829330357,1.0449734829694202
IRL,94T98,1.0317106037947503,1.0248126485358309,1.0449734829694202
ISL,01T02,0.9616434427831682,1.0368940091510648,1.03065065292525
ISL,03,1.025462139706176,1.0263260139837327,1.03065065292525
ISL,05T06,1.0076350345331175,1.0295694115630916,1.03065065292525
ISL,07T08,1.0011295085981269,1.0284272899417788,1.03065065292525
ISL,10T12,1.0683692079922673,1.0352090452783425,1.03065065292525
ISL,13T15,1.0187363660099118,1.0287993381437384,1.03065065292525
ISL,16,1.0810196622173815,1.0369407518203113,1.03065065292525
ISL,17T18,1.0393936038695857,1.0273153831080553,1.03065065292525
ISL,19,1.0512283381889578,1.0243359435353812,1.03065065292525
ISL,20,1.0783849795935696,1.0335831468900147,1.03065065292525
ISL,21,0.9840458406443362,1.0430694210346392,1.03065065292525
ISL,22,1.0725140284083354,1.033363467375026,1.03065065292525
ISL,23,1.0792525288452313,1.0309884041076098,1.03065065292525
ISL,24,0.9289465328561921,1.0473317195588718,1.03065065292525
ISL,25,1.039758631118111,1.0346469868655745,1.03065065292525
ISL,26,1.0254527723699325,1.0302703066149093,1.03065065292525
ISL,27,1.000027027063696,1.0328960930062852,1.03065065292525
ISL,28,1.0261592790342606,1.0301330709503036,1.03065065292525
ISL,29T30,1.0141110014262864,1.030557022295027,1.03065065292525
ISL,31T33,1.0399062701187165,1.0295467334576571,1.03065065292525
ISL,35,1.0052337651609458,1.0248176490354535,1.03065065292525
ISL,36T39,1.005996935092872,1.0263446814125217,1.03065065292525
ISL,41T43,1.030288726104199,1.030516822600023,1.03065065292525
ISL,45T47,1.0125796957851694,1.0310786744451697,1.03065065292525
ISL,49,1.012367232089039,1.0294137383297635,1.03065065292525
ISL,50,0.95888901498556,1.0356715310990299,1.03065065292525
ISL,51,0.9496366538298946,1.0394797864295655,1.03065065292525
ISL,52,0.9958801235353464,1.0263659705393793,1.03065065292525
ISL,53,1.0160344147037281,1.0237298591923822,1.03065065292525
ISL,55T56,1.0295387089164956,1.0268961670605776,1.03065065292525
ISL,58T60,1.0068166794507043,1.025309097032768,1.03065065292525
ISL,61,1.01055867790068,1.0234159541836865,1.03065065292525
ISL,62T63,1.0121153818083026,1.0222053806037656,1.03065065292525
ISL,64T66,1.0076867027876089,1.021566222643283,1.03065065292525
ISL,68,1.0278625832089554,1.0214106090795951,1.03065065292525
ISL,69T75,1.0145942205281524,1.0226210282509713,1.03065065292525
ISL,77T82,1.0181386671336752,1.030491303928348,1.03065065292525
ISL,84,1.0294536338077982,1.0231405766851294,1.03065065292525
ISL,85,1.0300240010491866,1.0215313425925763,1.03065065292525
ISL,86T88,1.0303147216156052,1.0216333297570281,1.03065065292525
ISL,90T93,1.0238815782535955,1.0231690839029994,1.03065065292525
ISL,94T98,1.0257055723139166,1.0230620983221221,1.03065065292525
ISR,01T02,1.1407804161180117,1.0494829803716732,1.0379603201512788
ISR,03,1.0285881152000804,1.0369872962301836,1.0379603201512788
ISR,05T06,0.49441237837079655,1.035008045392093,1.0379603201512788
ISR,07T08,0.9715481361067707,1.031377756009617,1.0379603201512788
ISR,10T12,1.046469811776354,1.0429249648537677,1.0379603201512788
ISR,13T15,1.010486215984226,1.032679271165454,1.0379603201512788
ISR,16,1.0602859662957276,1.0340394546716885,1.0379603201512788
ISR,17T18,1.0349376645572834,1.032327555352524,1.0379603201512788
ISR,19,0.9962348876422125,1.0480639762843138,1.0379603201512788
ISR,20,1.071871157383219,1.0352556987445265,1.0379603201512788
ISR,21,1.0156544571119137,1.0314762552149657,1.0379603201512788
ISR,22,0.9886409310055255,1.0380072182229645,1.0379603201512788
ISR,23,1.0154276200117625,1.04117735487919,1.0379603201512788
ISR,24,1.204854149001418,1.0571510008977163,1.0379603201512788
ISR,25,1.0535464282581422,1.0367963890727998,1.0379603201512788
ISR,26,1.030573750052867,1.0289190730846856,1.0379603201512788
ISR,27,1.0507865941776748,1.03366257745325,1.0379603201512788
ISR,28,1.0326098057189153,1.0335711676346708,1.0379603201512788
ISR,29T30,1.0296539775856226,1.0344145100840871,1.0379603201512788
ISR,31T33,0.9933731118945908,1.026597965194732,1.0379603201512788
ISR,35,0.8774256229680624,1.0458691017256168,1.0379603201512788
ISR,36T39,1.037903665376698,1.0348594604399834,1.0379603201512788
ISR,41T43,1.036705947442468,1.0349335801162367,1.0379603201512788
ISR,45T47,1.0169651513540607,1.027267028065623,1.0379603201512788
ISR,49,1.014595793596749,1.0313368702118042,1.0379603201512788
ISR,50,0.9611411907882907,1.0409167802141013,1.0379603201512788
ISR,51,1.0554760197962496,1.0350289789403677,1.0379603201512788
ISR,52,0.9802708040744551,1.0303695501862966,1.0379603201512788
ISR,53,1.0269647439718137,1.0277790676620282,1.0379603201512788
ISR,55T56,1.024898913815957,1.0360408506672159,1.0379603201512788
ISR,58T60,1.0089107321983493,1.0272053916268666,1.0379603201512788
ISR,61,1.0237589584070355,1.025894128455265,1.0379603201512788
ISR,62T63,0.9927633853877562,1.0251619679936155,1.0379603201512788
ISR,64T66,1.0131755057722391,1.026367425932939,1.0379603201512788
ISR,68,1.03373239299015,1.02534432807752,1.0379603201512788
ISR,69T75,1.0224642415344485,1.0267197949659916,1.0379603201512788
ISR,77T82,1.024442072181671,1.025239622525384,1.0379603201512788
ISR,84,1.037713642988801,1.030815675194598,1.0379603201512788
ISR,85,1.0370434888939186,1.026739773892664,1.0379603201512788
ISR,86T88,1.0371702394151965,1.0273290843941383,1.0379603201512788
ISR,90T93,1.0337370932286947,1.0257033663227488,1.0379603201512788
ISR,94T98,1.0308802030940116,1.0317933613460686,1.0379603201512788
ITA,01T02,1.054012594663089,1.0400920555128845,1.0417383122267512
ITA,03,1.0267514419269652,1.0382027877853808,1.0417383122267512
ITA,05T06,0.9245644743190239,1.0373934576979975,1.0417383122267512
ITA,07T08,1.0098223016266406,1.03044198858665,1.0417383122267512
ITA,10T12,1.0427581900684513,1.0481138072831262,1.0417383122267512
ITA,13T15,1.012348567868427,1.0340719184936813,1.0417383122267512
ITA,16,1.0394560641700665,1.0413375775245464,1.0417383122267512
ITA,17T18,1.0236436844621006,1.0375989816150109,1.0417383122267512
ITA,19,1.0043726608501944,1.0492269056012222,1.0417383122267512
ITA,20,1.0385966569682987,1.0455391283515845,1.0417383122267512
ITA,21,1.0083721016851295,1.0371152482447996,1.0417383122267512
ITA,22,1.0517542500823087,1.0427871461058147,1.0417383122267512
ITA,23,1.0241360473193128,1.0495341218426069,1.0417383122267512
ITA,24,1.1079632148807743,1.056772949894521,1.0417383122267512
ITA,25,1.0302621702855694,1.04139907038583,1.0417383122267512
ITA,26,1.0225501801938244,1.037753010630522,1.0417383122267512
ITA,27,1.025707498814769,1.041439699079661,1.0417383122267512
ITA,28,1.021008374558642,1.0383324021379754,1.0417383122267512
ITA,29T30,1.0212820625918941,1.0378783346790443,1.0417383122267512
ITA,31T33,1.0498566540860979,1.0377274182586351,1.0417383122267512
ITA,35,0.9470824271213658,1.0665008841644577,1.0417383122267512
ITA,36T39,1.0400547591721494,1.0371570213701142,1.0417383122267512
ITA,41T43,1.038711650765964,1.0362380644620008,1.0417383122267512
ITA,45T47,1.0188490064236304,1.0332565668508016,1.0417383122267512
ITA,49,1.014761228412447,1.0372500550218964,1.0417383122267512
ITA,50,0.857520078095003,1.0374227754984313,1.0417383122267512
ITA,51,1.0119807279940185,1.0360261742012684,1.0417383122267512
ITA,52,1.0166106483736592,1.0356265211638613,1.0417383122267512
ITA,53,1.0115353982446267,1.0426608171891973,1.0417383122267512
ITA,55T56,1.032454316579548,1.0365982993071883,1.0417383122267512
ITA,58T60,1.011580005821033,1.031980727571427,1.0417383122267512
ITA,61,1.0209284662264773,1.0310267644639814,1.0417383122267512
ITA,62T63,1.021481501275675,1.0303773850707172,1.0417383122267512
ITA,64T66,1.0226603948293738,1.0298173342522,1.0417383122267512
ITA,68,1.0365357495939609,1.0297129763520578,1.0417383122267512
ITA,69T75,1.0240881229422212,1.0320885643221889,1.0417383122267512
ITA,77T82,1.0248688862582396,1.03363349168232,1.0417383122267512
ITA,84,1.0402267532052365,1.0323061125703277,1.0417383122267512
ITA,85,1.0395299705299013,1.0309511710916333,1.0417383122267512
ITA,86T88,1.0405868765695967,1.0331924362256535,1.0417383122267512
ITA,90T93,1.0336944278122704,1.0328998081802898,1.0417383122267512
ITA,94T98,1.0380258989714004,1.0345789238747383,1.0417383122267512
JPN,01T02,1.065934492571478,1.0415714078735097,1.0394981913784407
JPN,03,1.030582399561164,1.0337466243214724,1.0394981913784407
JPN,05T06,0.8230404568897586,1.0374252813785219,1.0394981913784407
JPN,07T08,0.9569823867107285,1.0395898230517513,1.0394981913784407
JPN,10T12,1.043445024220862,1.0412213047031917,1.0394981913784407
JPN,13T15,1.0171873080274165,1.0351796968851015,1.0394981913784407
JPN,16,1.0428099896561962,1.0421330752824804,1.0394981913784407
JPN,17T18,1.0211527191541412,1.0383790185673418,1.0394981913784407
JPN,19,0.9643111637759477,1.0596347084509306,1.0394981913784407
JPN,20,0.9996904517562938,1.0482455935253798,1.0394981913784407
JPN,21,1.0236526310644936,1.036326626286478,1.0394981913784407
JPN,22,1.0521206573820774,1.0427665945473477,1.0394981913784407
JPN,23,0.971182135088772,1.0377642665674205,1.0394981913784407
JPN,24,1.0485084563199636,1.0517879283998892,1.0394981913784407
JPN,25,1.0372748414385156,1.0496874335905857,1.0394981913784407
JPN,26,1.0223298749355747,1.0374388017040352,1.0394981913784407
JPN,27,1.0337234713930878,1.0420162124141552,1.0394981913784407
JPN,28,1.0263871321548927,1.0391880031645078,1.0394981913784407
JPN,29T30,1.0085782262389371,1.0414414828508953,1.0394981913784407
JPN,31T33,1.0324784262427134,1.0366385250822612,1.0394981913784407
JPN,35,0.8752096804812843,1.0686853922510204,1.0394981913784407
JPN,36T39,1.029462665421704,1.0302304266902604,1.0394981913784407
JPN,41T43,1.0384150784150845,1.0404433442987033,1.0394981913784407
JPN,45T47,1.0173085289935264,1.032428257016719,1.0394981913784407
JPN,49,1.023318677977235,1.032294655074964,1.0394981913784407
JPN,50,0.8697944784153407,1.0639791226421125,1.0394981913784407
JPN,51,0.9613422602663106,1.0418910625140507,1.0394981913784407
JPN,52,1.0101155289949542,1.0309256453601578,1.0394981913784407
JPN,53,1.0189354754370374,1.0308260429981477,1.0394981913784407
JPN,55T56,1.0309643126549832,1.0383809500248589,1.0394981913784407
JPN,58T60,1.0191350060422872,1.030572981511764,1.0394981913784407
JPN,61,1.034008091862039,1.0297814088741535,1.0394981913784407
JPN,62T63,1.0197691989242097,1.0288454369484918,1.0394981913784407
JPN,64T66,1.024621993897184,1.0284857757737613,1.0394981913784407
JPN,68,1.0357037040022508,1.0266055796911566,1.0394981913784407
JPN,69T75,1.0181357897662537,1.0299137580207298,1.0394981913784407
JPN,77T82,1.0138806301969836,1.029622976886822,1.0394981913784407
JPN,84,1.0393260707884227,1.0300802127168793,1.0394981913784407
JPN,85,1.0373225554307601,1.0294377020213785,1.0394981913784407
JPN,86T88,1.0391462812142802,1.0307321215729874,1.0394981913784407
JPN,90T93,1.0348206911141293,1.0352600878546598,1.0394981913784407
JPN,94T98,1.0352277911897065,1.032865233884765,1.0394981913784407
KAZ,01T02,0.8764432064596723,0.9816821267693686,0.9865677065368418
KAZ,03,0.9934212705759704,0.9503362050153288,0.9865677065368418
KAZ,05T06,0.8495062173381238,0.9732496428405426,0.9865677065368418
KAZ,07T08,0.7976306265614812,0.9917896082282589,0.9865677065368418
KAZ,10T12,1.0168879412329226,1.0023229137973357,0.9865677065368418
KAZ,13T15,1.0826829761327041,0.9926298373241094,0.9865677065368418
KAZ,16,1.0434054035794746,1.0125928420234074,0.9865677065368418
KAZ,17T18,1.0508243726272684,0.9841812014869887,0.9865677065368418
KAZ,19,0.8682249599349044,0.9923944478037539,0.9865677065368418
KAZ,20,0.8530912302697687,0.9903101618909124,0.9865677065368418
KAZ,21,1.0916721063875308,0.9631104831285899,0.9865677065368418
KAZ,22,0.9743242355429134,1.0011707118114386,0.9865677065368418
KAZ,23,0.5350374058365915,1.005380049989989,0.9865677065368418
KAZ,24,0.9396328712708258,0.9851110773996377,0.9865677065368418
KAZ,25,1.0524412337341602,0.997120384986212,0.9865677065368418
KAZ,26,1.0253826481432151,0.9778809645757074,0.9865677065368418
KAZ,27,1.0800422528019014,0.9890428763350586,0.9865677065368418
KAZ,28,1.048453750107183,0.9898927966843991,0.9865677065368418
KAZ,29T30,1.1082411656034106,0.970604458314364,0.9865677065368418
KAZ,31T33,1.0137915063382559,0.9876285924508449,0.9865677065368418
KAZ,35,0.35758827180646025,1.007382687050417,0.9865677065368418
KAZ,36T39,0.9677980220225152,1.0220077022523202,0.9865677065368418
KAZ,41T43,0.9797101634035028,1.0111336973514111,0.9865677065368418
KAZ,45T47,0.9981411706687129,0.960977092371946,0.9865677065368418
KAZ,49,0.9518410001240488,0.9706917432166525,0.9865677065368418
KAZ,50,1.1252083175645904,0.9856420850489555,0.9865677065368418
KAZ,51,1.0148803735088672,0.9664626626685658,0.9865677065368418
KAZ,52,1.0107980861128423,0.9659490101151903,0.9865677065368418
KAZ,53,1.0168565110104,0.9602085552676284,0.9865677065368418
KAZ,55T56,1.0403422319143567,0.9740846355509891,0.9865677065368418
KAZ,58T60,1.013682676381108,0.9890904019766141,0.9865677065368418
KAZ,61,0.995880793044171,0.971578249307786,0.9865677065368418
KAZ,62T63,0.984433536263422,0.9774332599503202,0.9865677065368418
KAZ,64T66,0.9829334885881446,0.9564035919039108,0.9865677065368418
KAZ,68,0.9894876991964638,0.9632327571744502,0.9865677065368418
KAZ,69T75,0.9884826713819997,0.975735837864533,0.9865677065368418
KAZ,77T82,0.9862154275616529,0.9707424190999271,0.9865677065368418
KAZ,84,0.9866258810710137,1.003459187520888,0.9865677065368418
KAZ,85,0.986608240928906,1.0000242208947117,0.9865677065368418
KAZ,86T88,0.9853569456911211,0.9930383462966205,0.9865677065368418
KAZ,90T93,0.9858079650383494,1.006005959386688,0.9865677065368418
KAZ,94T98,0.9852939819632367,1.017854386037429,0.9865677065368418
KHM,01T02,0.4535445622010201,1.0006954258302063,1.0448469754093221
KHM,03,0.9830737289706519,0.9516631801983352,1.0448469754093221
KHM,05T06,1.0270821144620965,0.9717374921139569,1.0448469754093221
KHM,07T08,0.9350391903783205,0.9792602627953767,1.0448469754093221
KHM,10T12,0.9021025388906432,1.1431036886676118,1.0448469754093221
KHM,13T15,1.1786571213745547,0.9959917200341526,1.0448469754093221
KHM,16,1.00666455969517,1.02854061552254,1.0448469754093221
KHM,17T18,0.9954246588295967,1.0396000702209767,1.0448469754093221
KHM,19,0.28268747481281536,1.0092919904328457,1.0448469754093221
KHM,20,1.0443944743746398,1.0497043605218084,1.0448469754093221
KHM,21,1.1091412555365792,0.9914794353961824,1.0448469754093221
KHM,22,0.8949812399552663,1.0739530795949603,1.0448469754093221
KHM,23,0.2685290320225375,0.9994712008889999,1.0448469754093221
KHM,24,1.5586279104674854,0.9937352852343645,1.0448469754093221
KHM,25,1.2210073325967343,1.0042509751660376,1.0448469754093221
KHM,26,1.0832867614853596,0.9931245976718039,1.0448469754093221
KHM,27,1.1413373988898428,1.0012740860083214,1.0448469754093221
KHM,28,1.126495308622769,0.9905448174063333,1.0448469754093221
KHM,29T30,1.1057321243906906,0.9976356924524497,1.0448469754093221
KHM,31T33,0.9361105230888648,1.0023394563928452,1.0448469754093221
KHM,35,0.6664521869780541,1.0483607004321,1.0448469754093221
KHM,36T39,1.0320915152967356,1.027698618582842,1.0448469754093221
KHM,41T43,1.0282265594849551,0.992000169924541,1.0448469754093221
KHM,45T47,1.0773749226787839,0.9946527668389581,1.0448469754093221
KHM,49,0.9746750874042593,0.9882430858861079,1.0448469754093221
KHM,50,1.0549935121513854,1.006889680993601,1.0448469754093221
KHM,51,0.7369196413582323,1.0164521911677358,1.0448469754093221
KHM,52,1.091829269600678,0.9796557295043582,1.0448469754093221
KHM,53,1.0934230675247392,0.9824899687092075,1.0448469754093221
KHM,55T56,0.9937745053837123,1.0738344322899596,1.0448469754093221
KHM,58T60,1.0814503425040842,0.9946092056955408,1.0448469754093221
KHM,61,1.0517215573272123,0.9840657887889531,1.0448469754093221
KHM,62T63,1.0703258490521839,0.9940102144505479,1.0448469754093221
KHM,64T66,1.1050056713667475,0.9611490878040876,1.0448469754093221
KHM,68,1.0568047056417882,0.9849108634914462,1.0448469754093221
KHM,69T75,1.071012582704444,0.9907106513697859,1.0448469754093221
KHM,77T82,1.060391049664833,0.9914641354360619,1.0448469754093221
KHM,84,1.043785948384585,1.0069126273152,1.0448469754093221
KHM,85,1.0560056336668233,0.9726951403534658,1.0448469754093221
KHM,86T88,1.0508897430356314,0.9806418459940736,1.0448469754093221
KHM,90T93,1.0661859586223121,0.981143409948432,1.0448469754093221
KHM,94T98,1.0505263435946026,0.976111634077885,1.0448469754093221
KOR,01T02,1.064889985466345,1.0345402648373851,1.0462211787506837
KOR,03,1.0293222230586203,1.0365483281435237,1.0462211787506837
KOR,05T06,0.4633990125205202,1.0321150498069058,1.0462211787506837
KOR,07T08,0.9547788931776316,1.0388646565304,1.0462211787506837
KOR,10T12,1.043053229916351,1.0482366811163761,1.0462211787506837
KOR,13T15,1.0063634523713474,1.040701810940601,1.0462211787506837
KOR,16,1.0400878606943422,1.0477242325111686,1.0462211787506837
KOR,17T18,1.0103236416388681,1.042120328424883,1.0462211787506837
KOR,19,0.9694216867251304,1.0438616885154846,1.0462211787506837
KOR,20,1.0045769160706177,1.0525715688943011,1.0462211787506837
KOR,21,1.0215265306026793,1.0394476143810334,1.0462211787506837
KOR,22,1.0234617769148089,1.046859981642107,1.0462211787506837
KOR,23,0.9496261237943203,1.0644139637039078,1.0462211787506837
KOR,24,0.9499708187062991,1.079744281139015,1.0462211787506837
KOR,25,1.021102638655454,1.0539014251491983,1.0462211787506837
KOR,26,1.0146529727810842,1.0367143101750516,1.0462211787506837
KOR,27,1.0191814238399473,1.0477587730172264,1.0462211787506837
KOR,28,1.0195303340182729,1.0447840655917133,1.0462211787506837
KOR,29T30,1.0037240633291238,1.0460856932852898,1.0462211787506837
KOR,31T33,1.0300511038311686,1.0415349545608756,1.0462211787506837
KOR,35,0.7901114193824736,1.0870783046910204,1.0462211787506837
KOR,36T39,1.0152863466530617,1.0391862730151393,1.0462211787506837
KOR,41T43,1.0446591252543107,1.048317721619823,1.0462211787506837
KOR,45T47,1.0055353924268766,1.0314562275070778,1.0462211787506837
KOR,49,0.9806360112994001,1.0377489235298982,1.0462211787506837
KOR,50,0.9270964273825781,1.0509613342915711,1.0462211787506837
KOR,51,0.8700894122270312,1.035878565054923,1.0462211787506837
KOR,52,0.9794580529267354,1.0338621657034237,1.0462211787506837
KOR,53,1.00184349545259,1.034115950223575,1.0462211787506837
KOR,55T56,1.0287730011626834,1.0396601564842316,1.0462211787506837
KOR,58T60,1.0167289357374965,1.0275890299481727,1.0462211787506837
KOR,61,1.021038147318066,1.0311684985723313,1.0462211787506837
KOR,62T63,1.0175224178896634,1.0245652027028564,1.0462211787506837
KOR,64T66,1.0277902302334394,1.0233613383287223,1.0462211787506837
KOR,68,1.0404746217201335,1.023538517037583,1.0462211787506837
KOR,69T75,1.0129941993967373,1.0364101884868149,1.0462211787506837
KOR,77T82,1.009869245382256,1.0248970510235698,1.0462211787506837
KOR,84,1.0448036664650673,1.02478442629046,1.0462211787506837
KOR,85,1.043717901825782,1.0300194011148438,1.0462211787506837
KOR,86T88,1.044076412057748,1.0325444142787044,1.0462211787506837
KOR,90T93,1.0344095238292568,1.03576338214474,1.0462211787506837
KOR,94T98,1.0322659855316734,1.0354521813762025,1.0462211787506837
LAO,01T02,0.6251460797848006,0.9779602475004083,0.9930883382266458
LAO,03,0.8735518362942639,0.9277323239199647,0.9930883382266458
LAO,05T06,0.91987713413947,0.9620143354697629,0.9930883382266458
LAO,07T08,0.9641829034353757,0.9633271668522579,0.9930883382266458
LAO,10T12,0.8945874015373098,1.1386576656061405,0.9930883382266458
LAO,13T15,1.2166242340649904,0.9575095406649817,0.9930883382266458
LAO,16,0.9624950502601641,1.0838208205335933,0.9930883382266458
LAO,17T18,0.8942606330054166,1.0765113285049301,0.9930883382266458
LAO,19,1.0758489381880652,0.9841707949498825,0.9930883382266458
LAO,20,1.2578707432251954,0.9821514185949042,0.9930883382266458
LAO,21,1.0271039203940606,0.9647616820721044,0.9930883382266458
LAO,22,0.7937571243236706,1.0031519402324702,0.9930883382266458
LAO,23,1.0265543480633303,0.9851711800364356,0.9930883382266458
LAO,24,1.749955447045519,0.9905672810710023,0.9930883382266458
LAO,25,1.2875822081381574,0.99252069134785,0.9930883382266458
LAO,26,1.068440574485563,0.9886687188633438,0.9930883382266458
LAO,27,1.1604395904275475,0.9919591658595367,0.9930883382266458
LAO,28,1.1377583204420574,0.9925291569162329,0.9930883382266458
LAO,29T30,1.1254047847557993,0.996208388945736,0.9930883382266458
LAO,31T33,0.7138866748351811,1.009999987354327,0.9930883382266458
LAO,35,0.3970994805198129,0.9831482800459767,0.9930883382266458
LAO,36T39,0.9436751074373322,0.9710071376189932,0.9930883382266458
LAO,41T43,0.9882062889339082,0.9985195298410836,0.9930883382266458
LAO,45T47,1.011295470422865,0.959985128968591,0.9930883382266458
LAO,49,1.0430354803395085,0.9738082207664737,0.9930883382266458
LAO,50,0.6358926524244066,1.0058424196842854,0.9930883382266458
LAO,51,1.0411703440372564,0.9559480160199224,0.9930883382266458
LAO,52,1.0122549077708556,0.9945107136753456,0.9930883382266458
LAO,53,1.0300072738263912,0.9551434810956878,0.9930883382266458
LAO,55T56,1.001294587947488,1.0230900370014353,0.9930883382266458
LAO,58T60,0.9948979379834055,1.0139811577256943,0.9930883382266458
LAO,61,1.005592667143916,0.956515615138991,0.9930883382266458
LAO,62T63,1.01520367921396,0.9807897935319891,0.9930883382266458
LAO,64T66,1.0187403703876712,0.9413017005536596,0.9930883382266458
LAO,68,1.0107038808348798,0.9406533657575208,0.9930883382266458
LAO,69T75,1.0239015743598785,0.970682773933826,0.9930883382266458
LAO,77T82,1.0194893686597948,0.976451116842479,0.9930883382266458
LAO,84,0.9932391256965479,0.9600720857987157,0.9930883382266458
LAO,85,1.0044663708721202,0.9561967187273203,0.9930883382266458
LAO,86T88,1.014117423452921,0.9688068127878572,0.9930883382266458
LAO,90T93,1.028114001410821,0.9665464375096022,0.9930883382266458
LAO,94T98,1.004649763255359,0.9539510542568426,0.9930883382266458
LTU,01T02,0.7593008967081867,1.0396615708767503,1.0341695961447521
LTU,03,1.0225413939740022,1.026030464102074,1.0341695961447521
LTU,05T06,0.6902164317202947,1.027682663762705,1.0341695961447521
LTU,07T08,0.9968087153238103,1.0269295609536664,1.0341695961447521
LTU,10T12,1.0240438833147327,1.0482664384688136,1.0341695961447521
LTU,13T15,1.0465528103716808,1.0213229061110312,1.0341695961447521
LTU,16,1.0313617339284507,1.044371726452243,1.0341695961447521
LTU,17T18,1.03188307484307,1.026885037139327,1.0341695961447521
LTU,19,1.0143951793783492,1.030724305781777,1.0341695961447521
LTU,20,0.6883937603685419,1.0546859312088708,1.0341695961447521
LTU,21,1.0278656084022566,1.020963012537468,1.0341695961447521
LTU,22,1.046630636019745,1.0376180448373777,1.0341695961447521
LTU,23,0.9420395409005886,1.0265482787156046,1.0341695961447521
LTU,24,1.3297614545370309,1.0398003573097265,1.0341695961447521
LTU,25,1.0584721274974016,1.0282465680945425,1.0341695961447521
LTU,26,1.0359404558788792,1.0207763095038647,1.0341695961447521
LTU,27,1.0423978008633503,1.030239248115635,1.0341695961447521
LTU,28,1.026488441612019,1.0281630652843372,1.0341695961447521
LTU,29T30,1.0374280536154121,1.0275130757374995,1.0341695961447521
LTU,31T33,1.0679528508163831,1.0238080078892113,1.0341695961447521
LTU,35,1.0551917869905307,1.023988981943988,1.0341695961447521
LTU,36T39,1.0274391604749311,1.0208481107752494,1.0341695961447521
LTU,41T43,1.03038039164249,1.0234134456829191,1.0341695961447521
LTU,45T47,1.0136219949752603,1.014502590330567,1.0341695961447521
LTU,49,1.0040468973411887,1.0193756029777872,1.0341695961447521
LTU,50,0.9154106806334649,1.0185909119979895,1.0341695961447521
LTU,51,1.161124217737687,1.0245176772072817,1.0341695961447521
LTU,52,0.9984534268036048,1.0170574604477658,1.0341695961447521
LTU,53,1.0163918646259793,1.0146044773557055,1.0341695961447521
LTU,55T56,1.0279764220079386,1.0182497800461965,1.0341695961447521
LTU,58T60,1.0088081651061236,1.0193501558043543,1.0341695961447521
LTU,61,1.0181860489249412,1.0137972625590868,1.0341695961447521
LTU,62T63,1.0121343266529035,1.0123892568219837,1.0341695961447521
LTU,64T66,1.018083814041931,1.0112111317363972,1.0341695961447521
LTU,68,1.0199434523915252,1.0161702656073068,1.0341695961447521
LTU,69T75,1.0078857072155185,1.0132531984911,1.0341695961447521
LTU,77T82,1.0184149685734758,1.0157376621993748,1.0341695961447521
LTU,84,1.0322101070630723,1.013016747454093,1.0341695961447521
LTU,85,1.0323400844750472,1.0116603909648239,1.0341695961447521
LTU,86T88,1.0329992389500968,1.0138262797148925,1.0341695961447521
LTU,90T93,1.029013294177523,1.0147869664578164,1.0341695961447521
LTU,94T98,1.0263733254881366,1.014326432202963,1.0341695961447521
LVA,01T02,0.8360857832166226,1.05665241212129,1.0286343140353598
LVA,03,1.0133463473223385,1.0231906964207873,1.0286343140353598
LVA,05T06,0.04587320420622439,1.0311273155377683,1.0286343140353598
LVA,07T08,0.984016406283071,1.0246062965373641,1.0286343140353598
LVA,10T12,1.0193539451215556,1.0512020557397637,1.0286343140353598
LVA,13T15,1.0179169612851893,1.026679444172381,1.0286343140353598
LVA,16,0.9808215253030017,1.0590131746745208,1.0286343140353598
LVA,17T18,1.042873145884965,1.021852281106538,1.0286343140353598
LVA,19,0.20257759215822374,1.0218502009560348,1.0286343140353598
LVA,20,1.0715008258227425,1.0445568126074232,1.0286343140353598
LVA,21,1.013757624401947,1.0182217393282607,1.0286343140353598
LVA,22,1.0613803135222444,1.0332321479712536,1.0286343140353598
LVA,23,0.9112958098956164,1.0284271262208629,1.0286343140353598
LVA,24,1.3561022076430638,1.0377766067501866,1.0286343140353598
LVA,25,1.0357884566217028,1.0341053795954676,1.0286343140353598
LVA,26,1.0345058939794858,1.0196024544839057,1.0286343140353598
LVA,27,1.0464409618757475,1.023976599944766,1.0286343140353598
LVA,28,1.024228194559197,1.0262404839459747,1.0286343140353598
LVA,29T30,1.014688972786641,1.035095037578577,1.0286343140353598
LVA,31T33,1.0408402919508764,1.0276349962242302,1.0286343140353598
LVA,35,0.9863029528200196,1.0364118776881268,1.0286343140353598
LVA,36T39,1.0353091400351109,1.0208183316603747,1.0286343140353598
LVA,41T43,1.0230125619605166,1.0289839557425349,1.0286343140353598
LVA,45T47,1.0088554927546967,1.0153420665061343,1.0286343140353598
LVA,49,0.9625232388179008,1.0213701548139023,1.0286343140353598
LVA,50,1.0712619275513455,1.020440426504599,1.0286343140353598
LVA,51,1.024974518821439,1.0291667604724244,1.0286343140353598
LVA,52,1.0074511770134305,1.0153026772136298,1.0286343140353598
LVA,53,1.023457945510566,1.0119696879997528,1.0286343140353598
LVA,55T56,1.0265800897670703,1.0201343636870008,1.0286343140353598
LVA,58T60,0.9920808267011666,1.0126070816808186,1.0286343140353598
LVA,61,1.024869921755611,1.0108703697768624,1.0286343140353598
LVA,62T63,1.0134793587687656,1.0091057974150186,1.0286343140353598
LVA,64T66,1.0105494210679165,1.0089404572110645,1.0286343140353598
LVA,68,1.0223858380519522,1.0127822651456488,1.0286343140353598
LVA,69T75,1.0144154370726937,1.0112482469139519,1.0286343140353598
LVA,77T82,1.0120259733233974,1.0190099165709978,1.0286343140353598
LVA,84,1.0272945364693724,1.0118492688664755,1.0286343140353598
LVA,85,1.0275519793767378,1.0141250268778255,1.0286343140353598
LVA,86T88,1.0280708688406035,1.0154709201825152,1.0286343140353598
LVA,90T93,1.0265887551800446,1.0174773442464473,1.0286343140353598
LVA,94T98,1.0264473325009784,1.0161419672531835,1.0286343140353598
MAR,01T02,1.005730202367842,1.034877384026497,1.0445335903174313
MAR,03,1.038140883033719,1.0210195437679788,1.0445335903174313
MAR,05T06,0.9197729012455802,1.0308454909624492,1.0445335903174313
MAR,07T08,0.9382197055932536,1.0308578311785221,1.0445335903174313
MAR,10T12,1.031964587496328,1.0565888358306927,1.0445335903174313
MAR,13T15,1.017913159792174,1.0312645724151352,1.0445335903174313
MAR,16,1.0577801184767475,1.040471148155889,1.0445335903174313
MAR,17T18,1.0179267053158585,1.0350690615043996,1.0445335903174313
MAR,19,0.9584355391839021,1.0627180510924532,1.0445335903174313
MAR,20,1.0599290138202564,1.0376059210333441,1.0445335903174313
MAR,21,1.0258317950770084,1.0296115714362926,1.0445335903174313
MAR,22,1.0224482067692826,1.061321109390552,1.0445335903174313
MAR,23,0.7331288172704559,1.0682790619922318,1.0445335903174313
MAR,24,1.1381435308328498,1.0488772391762622,1.0445335903174313
MAR,25,1.0252284955216153,1.0475126352704767,1.0445335903174313
MAR,26,1.0153318614393962,1.0390420215170935,1.0445335903174313
MAR,27,1.0356463234256195,1.0366591010477493,1.0445335903174313
MAR,28,1.0270035729297848,1.0395470742077095,1.0445335903174313
MAR,29T30,1.0226917872955377,1.0374834153272205,1.0445335903174313
MAR,31T33,1.069677974955132,1.0303894115253778,1.0445335903174313
MAR,35,0.7374636699467688,1.0321234329907385,1.0445335903174313
MAR,36T39,1.0192126149916059,1.0253309797815888,1.0445335903174313
MAR,41T43,1.0420888820395686,1.0735076199690596,1.0445335903174313
MAR,45T47,1.014428193818696,1.026252407526281,1.0445335903174313
MAR,49,0.9502811001662362,1.0293382388420806,1.0445335903174313
MAR,50,0.9393687856094911,1.0443743843461029,1.0445335903174313
MAR,51,0.7734753827283305,1.0407401059056904,1.0445335903174313
MAR,52,1.0052211364479742,1.028143657068649,1.0445335903174313
MAR,53,1.0356853516949245,1.0230846311097541,1.0445335903174313
MAR,55T56,1.0262028459779007,1.0331034472630762,1.0445335903174313
MAR,58T60,0.9797563206831463,1.0427920248004292,1.0445335903174313
MAR,61,1.0284685314582411,1.0273885731195562,1.0445335903174313
MAR,62T63,1.0337678242971557,1.0140861790355618,1.0445335903174313
MAR,64T66,1.0117302085654596,1.0167620840683311,1.0445335903174313
MAR,68,1.0349631881231471,1.0136451288206847,1.0445335903174313
MAR,69T75,1.0235914830291288,1.0145233736757762,1.0445335903174313
MAR,77T82,1.019234247089656,1.0153345218326815,1.0445335903174313
MAR,84,1.0421707775210707,1.0255710382501182,1.0445335903174313
MAR,85,1.0433809031942813,1.0202076377065827,1.0445335903174313
MAR,86T88,1.0429367962536427,1.022974883875345,1.0445335903174313
MAR,90T93,1.023874030392558,1.0295222194925642,1.0445335903174313
MAR,94T98,1.0340373989265297,1.0210901025063857,1.0445335903174313
MEX,01T02,0.8694343180654764,1.024112129471458,1.0238697237646814
MEX,03,1.02223361235433,1.02263757508691,1.0238697237646814
MEX,05T06,0.8461053683702949,1.0183129060515952,1.0238697237646814
MEX,07T08,0.9845678483879509,1.022218655396237,1.0238697237646814
MEX,10T12,1.0236453017576863,1.0510030705581777,1.0238697237646814
MEX,13T15,1.019405265391777,1.0289595619796905,1.0238697237646814
MEX,16,0.9849187042175207,1.0527786844201656,1.0238697237646814
MEX,17T18,1.0164201815545366,1.030345346950098,1.0238697237646814
MEX,19,0.9223077056266471,1.0614508722324045,1.0238697237646814
MEX,20,0.7040421166185005,1.052380597400939,1.0238697237646814
MEX,21,1.004609704019462,1.0361667732398547,1.0238697237646814
MEX,22,0.9362073032388339,1.052925546804803,1.0238697237646814
MEX,23,0.7566364601491121,1.0710227927953022,1.0238697237646814
MEX,24,1.0671703436791335,1.03630932719412,1.0238697237646814
MEX,25,1.0238856267022012,1.0419778306031915,1.0238697237646814
MEX,26,1.0271423252568463,1.0258226343539985,1.0238697237646814
MEX,27,1.0318835127105217,1.0368364333628253,1.0238697237646814
MEX,28,1.032696436009523,1.025743539991056,1.0238697237646814
MEX,29T30,1.026036108195023,1.029489033392425,1.0238697237646814
MEX,31T33,0.9605674884065752,1.0305651218966683,1.0238697237646814
MEX,35,0.7704094318301521,1.0187726433813662,1.0238697237646814
MEX,36T39,1.003793605542072,1.0518590049537964,1.0238697237646814
MEX,41T43,1.023048771477437,1.0230551720469427,1.0238697237646814
MEX,45T47,1.0170967917118707,1.0056915436322305,1.0238697237646814
MEX,49,0.976925545107142,1.0159028035952289,1.0238697237646814
MEX,50,0.8836422625129919,1.0069321163612757,1.0238697237646814
MEX,51,1.0003627283132848,1.0289956471587172,1.0238697237646814
MEX,52,1.0097315321104368,1.0110603046721585,1.0238697237646814
MEX,53,1.0176784976340714,1.0156908395843205,1.0238697237646814
MEX,55T56,1.0331532202559757,1.0136935369124793,1.0238697237646814
MEX,58T60,1.024883333281412,1.0126041794737244,1.0238697237646814
MEX,61,1.02167405466579,1.0059530050658734,1.0238697237646814
MEX,62T63,1.022789317900054,1.008637344515018,1.0238697237646814
MEX,64T66,1.0247209925051313,1.001673566744492,1.0238697237646814
MEX,68,1.0224182247045102,1.000100652285242,1.0238697237646814
MEX,69T75,1.006797370782094,1.0062838236613167,1.0238697237646814
MEX,77T82,1.0042154254955482,1.0051951472821643,1.0238697237646814
MEX,84,1.023564644187341,1.0119938806064712,1.0238697237646814
MEX,85,1.0245189775983121,1.0047232857470338,1.0238697237646814
MEX,86T88,1.0240793116385316,1.0125430539383917,1.0238697237646814
MEX,90T93,1.0257508327614728,1.0096732268638313,1.0238697237646814
MEX,94T98,1.0230586053146,1.0054407464816744,1.0238697237646814
MLT,01T02,1.1115000347951451,1.0285880928995474,1.0398185570173861
MLT,03,1.0056755819816858,1.0463978858611216,1.0398185570173861
MLT,05T06,0.9498843406698831,1.0390445215400173,1.0398185570173861
MLT,07T08,1.0318292164995104,1.0303539457366653,1.0398185570173861
MLT,10T12,1.0620977347379392,1.0392682167996137,1.0398185570173861
MLT,13T15,0.9739656958228227,1.0421887311546874,1.0398185570173861
MLT,16,1.0349880824731523,1.0335099220740016,1.0398185570173861
MLT,17T18,1.0485432557233907,1.0340642415518018,1.0398185570173861
MLT,19,1.0175221425574248,1.0456185015891524,1.0398185570173861
MLT,20,1.0900149290190326,1.0409791347361643,1.0398185570173861
MLT,21,0.9759912177562179,1.0427770461723807,1.0398185570173861
MLT,22,1.0688358148846608,1.0343881630614837,1.0398185570173861
MLT,23,1.0947670482200742,1.0411253030911163,1.0398185570173861
MLT,24,1.2848981230598298,1.0355548161600105,1.0398185570173861
MLT,25,1.0046724995873382,1.043279183681515,1.0398185570173861
MLT,26,1.0085508982301534,1.0430260010399026,1.0398185570173861
MLT,27,1.0266166157425558,1.0387451740716127,1.0398185570173861
MLT,28,1.0144304891910145,1.0399782254821763,1.0398185570173861
MLT,29T30,1.0279240584697387,1.0297302059011362,1.0398185570173861
MLT,31T33,1.0374712804910884,1.0328374067763881,1.0398185570173861
MLT,35,0.9151777485677869,1.0863828969960756,1.0398185570173861
MLT,36T39,1.0279795838044876,1.039504694865844,1.0398185570173861
MLT,41T43,1.0308799876057992,1.0337649095721464,1.0398185570173861
MLT,45T47,1.0142628306709387,1.031256343724308,1.0398185570173861
MLT,49,1.0156559369398563,1.0285222244899332,1.0398185570173861
MLT,50,0.4807002799266033,1.0300125161805027,1.0398185570173861
MLT,51,1.0325203124385731,1.0359825398238074,1.0398185570173861
MLT,52,0.9869740155757217,1.0296968667866417,1.0398185570173861
MLT,53,1.0024449523887375,1.0542424908113681,1.0398185570173861
MLT,55T56,1.0230743464445966,1.0324835616396961,1.0398185570173861
MLT,58T60,1.0060852834421545,1.021817941389826,1.0398185570173861
MLT,61,1.012449556185935,1.0203259855469098,1.0398185570173861
MLT,62T63,0.9962365544505144,1.0247915699304353,1.0398185570173861
MLT,64T66,1.0023914802778562,1.0269692968398696,1.0398185570173861
MLT,68,1.0227009540450724,1.0227969113603863,1.0398185570173861
MLT,69T75,1.0015863830602856,1.0242122244831586,1.0398185570173861
MLT,77T82,0.9986687625726702,1.0287979011714317,1.0398185570173861
MLT,84,1.0348570865003948,1.0217000574246378,1.0398185570173861
MLT,85,1.0344218841108885,1.0186913550281926,1.0398185570173861
MLT,86T88,1.0371669680146813,1.025540832417819,1.0398185570173861
MLT,90T93,1.0173909493218327,1.0179220994881275,1.0398185570173861
MLT,94T98,1.0276822267579353,1.0254370058011884,1.0398185570173861
MMR,01T02,0.6169095110440838,1.08383055671744,1.0112660071827284
MMR,03,1.0018747442899387,0.9032288586526911,1.0112660071827284
MMR,05T06,0.8013433355346142,0.9682193912737322,1.0112660071827284
MMR,07T08,1.0792212189890356,0.9798694531392039,1.0112660071827284
MMR,10T12,0.8764107129687109,1.13618958869568,1.0112660071827284
MMR,13T15,1.0939792411799574,1.002849992870357,1.0112660071827284
MMR,16,1.0020359917603614,1.0542045320524949,1.0112660071827284
MMR,17T18,1.0607779813791278,0.9941719681071767,1.0112660071827284
MMR,19,0.9409243845185773,1.0132678345021973,1.0112660071827284
MMR,20,0.994689346390296,1.0488588181693645,1.0112660071827284
MMR,21,0.9906764160133373,1.031594515090874,1.0112660071827284
MMR,22,1.0452783381583297,1.0396501345337803,1.0112660071827284
MMR,23,0.9628087205874758,0.9901663091931422,1.0112660071827284
MMR,24,1.587597363768852,0.997985540972837,1.0112660071827284
MMR,25,1.1194785504942624,0.9834655439590687,1.0112660071827284
MMR,26,1.0446102450774792,0.9729846247960489,1.0112660071827284
MMR,27,1.1016943627099696,0.9841031421773054,1.0112660071827284
MMR,28,1.0925590590347478,0.9758565489228804,1.0112660071827284
MMR,29T30,1.1090721594002408,0.9736119859628258,1.0112660071827284
MMR,31T33,1.0643212893860892,0.984661400659462,1.0112660071827284
MMR,35,0.5467540282818631,1.0367867649128382,1.0112660071827284
MMR,36T39,1.0244988677258775,0.9768973521780908,1.0112660071827284
MMR,41T43,1.0105113083453665,0.9925956157549921,1.0112660071827284
MMR,45T47,0.9693294562771091,0.9951813567674654,1.0112660071827284
MMR,49,0.9436885525171261,0.9617417298938845,1.0112660071827284
MMR,50,0.9846615568207623,1.0010874898165776,1.0112660071827284
MMR,51,1.0737619420521916,0.9768701088180533,1.0112660071827284
MMR,52,1.0036392135719925,0.9723219056064663,1.0112660071827284
MMR,53,1.0449736662427067,0.9406308937042489,1.0112660071827284
MMR,55T56,1.0243923447061702,1.0127463747748593,1.0112660071827284
MMR,58T60,1.1239623440069357,0.9617202193242039,1.0112660071827284
MMR,61,1.0405797528553924,0.9265292611277183,1.0112660071827284
MMR,62T63,1.2060053804686448,0.9403932416079086,1.0112660071827284
MMR,64T66,1.0119172592567194,0.9223822367537425,1.0112660071827284
MMR,68,1.0305468593877518,0.9307755750251948,1.0112660071827284
MMR,69T75,1.1328321483705588,0.9512758917026011,1.0112660071827284
MMR,77T82,1.044255687197072,0.9640872834825883,1.0112660071827284
MMR,84,1.0115399929943412,0.96987006229523,1.0112660071827284
MMR,85,1.0132142761368246,0.9744742323069898,1.0112660071827284
MMR,86T88,1.0122273932729864,0.9818259341631942,1.0112660071827284
MMR,90T93,1.0119003462245701,1.0154773694031174,1.0112660071827284
MMR,94T98,1.0126827590667826,1.001703458923697,1.0112660071827284
NLD,01T02,1.113329963793832,1.0446115899013366,1.0387624390575008
NLD,03,1.023616399073958,1.0287770206361981,1.0387624390575008
NLD,05T06,0.9382932443931205,1.0398401294604989,1.0387624390575008
NLD,07T08,1.0059753382178003,1.0475359107532987,1.0387624390575008
NLD,10T12,1.0363086398318189,1.0508875421975896,1.0387624390575008
NLD,13T15,0.9879127151551712,1.03951571773313,1.0387624390575008
NLD,16,1.0659211323794622,1.035099745180973,1.0387624390575008
NLD,17T18,1.033185606673358,1.0315759582423314,1.0387624390575008
NLD,19,0.9890575226860981,1.048121976191972,1.0387624390575008
NLD,20,0.9595175578692594,1.0452038666780734,1.0387624390575008
NLD,21,1.026776543679341,1.027786523678407,1.0387624390575008
NLD,22,1.0624416422846148,1.040446469155038,1.0387624390575008
NLD,23,1.0846575851509026,1.038327859254143,1.0387624390575008
NLD,24,0.9749886896513225,1.051593996674708,1.0387624390575008
NLD,25,1.0370504558556093,1.0399609891763013,1.0387624390575008
NLD,26,1.0332274970532351,1.026277470595929,1.0387624390575008
NLD,27,1.0446966632844115,1.0319230106069919,1.0387624390575008
NLD,28,1.0337285334770259,1.031093499612782,1.0387624390575008
NLD,29T30,1.031677061206074,1.0320339593170014,1.0387624390575008
NLD,31T33,1.0417676476921534,1.0307024857737066,1.0387624390575008
NLD,35,0.8465641820317399,1.0451963299649645,1.0387624390575008
NLD,36T39,1.0293934738132047,1.029243552368782,1.0387624390575008
NLD,41T43,1.0333285571279003,1.033207305595133,1.0387624390575008
NLD,45T47,1.0194213047136562,1.0256343667917684,1.0387624390575008
NLD,49,1.01811604137534,1.0304960633230453,1.0387624390575008
NLD,50,0.8964274693580139,1.044649622170947,1.0387624390575008
NLD,51,0.979040065683913,1.0334212164531917,1.0387624390575008
NLD,52,1.00632695361648,1.0271555959301724,1.0387624390575008
NLD,53,1.0176810918133272,1.0233316959290817,1.0387624390575008
NLD,55T56,1.0302559948568053,1.031826291975352,1.0387624390575008
NLD,58T60,1.009823018623577,1.024273210441119,1.0387624390575008
NLD,61,1.016097410208624,1.0255814156802645,1.0387624390575008
NLD,62T63,1.010498997066117,1.0234235933644615,1.0387624390575008
NLD,64T66,1.0233472888985011,1.0230104085092453,1.0387624390575008
NLD,68,1.0345812809164565,1.0250600211034937,1.0387624390575008
NLD,69T75,1.0113267131704446,1.024430458594,1.0387624390575008
NLD,77T82,1.012498887503804,1.024812904989465,1.0387624390575008
NLD,84,1.0361900917169984,1.0250731617721132,1.0387624390575008
NLD,85,1.035897963706324,1.0245082216750443,1.0387624390575008
NLD,86T88,1.038003509402913,1.025366739064519,1.0387624390575008
NLD,90T93,1.029553005783188,1.0295225022071994,1.0387624390575008
NLD,94T98,1.0330547229674927,1.0280027604291935,1.0387624390575008
NOR,01T02,0.9926474004756906,1.0317876555895418,1.0239082892487563
NOR,03,1.0227741328589095,1.0226973820982748,1.0239082892487563
NOR,05T06,0.9773334621242047,1.0173216626041286,1.0239082892487563
NOR,07T08,1.0219162161405733,1.0282852909247304,1.0239082892487563
NOR,10T12,1.0376668503843969,1.04199166490717,1.0239082892487563
NOR,13T15,1.0348265250479285,1.0245401907165155,1.0239082892487563
NOR,16,1.0582387593476617,1.03592440418861,1.0239082892487563
NOR,17T18,1.0257742470389832,1.031980875660958,1.0239082892487563
NOR,19,0.9689956487389411,1.0415526761207548,1.0239082892487563
NOR,20,0.9303818509183203,1.03295385524128,1.0239082892487563
NOR,21,1.0258570821543573,1.0241808443079903,1.0239082892487563
NOR,22,1.0638313626911189,1.0344771311913235,1.0239082892487563
NOR,23,1.0259828211164157,1.0368297228040944,1.0239082892487563
NOR,24,0.9957503202693223,1.0506785355775026,1.0239082892487563
NOR,25,1.028829386359156,1.0375343235811632,1.0239082892487563
NOR,26,1.0279267745367906,1.022539646493154,1.0239082892487563
NOR,27,1.031384343127839,1.032993757325926,1.0239082892487563
NOR,28,1.0230631238074106,1.0288045580406513,1.0239082892487563
NOR,29T30,1.0164142406751515,1.0305168754046705,1.0239082892487563
NOR,31T33,1.0346600333781226,1.0261624045583597,1.0239082892487563
NOR,35,1.0543547856075133,1.0152524986234126,1.0239082892487563
NOR,36T39,1.0180568027428933,1.022129258104371,1.0239082892487563
NOR,41T43,1.023295711717924,1.024325191695332,1.0239082892487563
NOR,45T47,1.016427113035832,1.0208082522330617,1.0239082892487563
NOR,49,1.0251665660594997,1.0274879818042058,1.0239082892487563
NOR,50,0.9199783780749041,1.0461408194117634,1.0239082892487563
NOR,51,0.9423202058636875,1.0306742563912048,1.0239082892487563
NOR,52,1.0113073665533903,1.0249880484432017,1.0239082892487563
NOR,53,1.0183895590827485,1.0208565849863458,1.0239082892487563
NOR,55T56,1.026961309466295,1.022444397381111,1.0239082892487563
NOR,58T60,1.0147243474412888,1.0211299948148518,1.0239082892487563
NOR,61,1.0172805628213708,1.0158198316459357,1.0239082892487563
NOR,62T63,1.016591483142584,1.0166385774359195,1.0239082892487563
NOR,64T66,1.0137778890275504,1.0135507801288295,1.0239082892487563
NOR,68,1.0229874550201292,1.015606824018758,1.0239082892487563
NOR,69T75,1.0127701497168562,1.0171867720358656,1.0239082892487563
NOR,77T82,1.0116634207356754,1.0220054347196759,1.0239082892487563
NOR,84,1.0227297560539417,1.019029919663903,1.0239082892487563
NOR,85,1.024046877415879,1.0141309392614948,1.0239082892487563
NOR,86T88,1.0239320546094077,1.0146634662553748,1.0239082892487563
NOR,90T93,1.0232752595688979,1.0194507364979717,1.0239082892487563
NOR,94T98,1.0224096280285373,1.0180882229575259,1.0239082892487563
NZL,01T02,0.804000419515586,1.0398763175156116,1.019634846702611
NZL,03,0.986197704994552,1.0148499826853064,1.019634846702611
NZL,05T06,0.8985558641968947,1.0245335467053072,1.019634846702611
NZL,07T08,1.0038659522688975,1.000439758008954,1.019634846702611
NZL,10T12,0.9712638614689731,1.0762742423220848,1.019634846702611
NZL,13T15,1.0173760604051543,1.0310878487661246,1.019634846702611
NZL,16,1.0187356665278509,1.0417206687239065,1.019634846702611
NZL,17T18,1.0068068250717395,1.0283516518695568,1.019634846702611
NZL,19,1.0002940692046867,1.0395312572051523,1.019634846702611
NZL,20,0.8793085059546729,1.0321149369493208,1.019634846702611
NZL,21,0.9914355120757802,1.0239785078360095,1.019634846702611
NZL,22,1.0140422376971283,1.0232661384157375,1.019634846702611
NZL,23,1.0548949419372309,1.0179648570995663,1.019634846702611
NZL,24,0.9749795277418573,1.0247375706527895,1.019634846702611
NZL,25,1.0355542260301955,1.0287340713751008,1.019634846702611
NZL,26,1.0301768782796432,1.0158997425562675,1.019634846702611
NZL,27,1.0641507547226423,1.0166793790761606,1.019634846702611
NZL,28,1.0271010103924292,1.0250186278394664,1.019634846702611
NZL,29T30,1.05462879680511,1.0145434342323945,1.019634846702611
NZL,31T33,1.0590343945050362,1.0143421693182253,1.019634846702611
NZL,35,0.9750658301598362,1.0210062404036548,1.019634846702611
NZL,36T39,1.0016245866175582,1.004074658824518,1.019634846702611
NZL,41T43,1.0156372499873518,1.0147169870752182,1.019634846702611
NZL,45T47,1.0082547097107792,1.0062441202548909,1.019634846702611
NZL,49,0.9847752770584457,1.0126859907286683,1.019634846702611
NZL,50,0.9337587497955134,1.0139602503808898,1.019634846702611
NZL,51,0.9578155478273956,1.0135249201800887,1.019634846702611
NZL,52,1.002350009701876,1.0035123762041813,1.019634846702611
NZL,53,1.009771779071439,1.0088697554129231,1.019634846702611
NZL,55T56,1.028742286138496,1.014990313883249,1.019634846702611
NZL,58T60,1.0200750076342684,1.006125552936629,1.019634846702611
NZL,61,1.0192340012262215,1.0040976434042874,1.019634846702611
NZL,62T63,1.0181587076554657,1.0012395074100224,1.019634846702611
NZL,64T66,1.006151434469209,1.000142373751525,1.019634846702611
NZL,68,1.0151010758196808,1.0014813126898088,1.019634846702611
NZL,69T75,1.0044057447465344,1.004302507886196,1.019634846702611
NZL,77T82,0.9994825543890652,1.005148141947503,1.019634846702611
NZL,84,1.0179618865274405,1.0048457559218396,1.019634846702611
NZL,85,1.0183731498014519,1.0015964193087405,1.019634846702611
NZL,86T88,1.019552924953807,1.0054981922042405,1.019634846702611
NZL,90T93,1.0181394440722882,1.0074436835934988,1.019634846702611
NZL,94T98,1.0120065691394313,1.0036109161093956,1.019634846702611
PER,01T02,0.5722201352598938,1.0406746350553082,1.0491281052421784
PER,03,1.0303904972975497,1.023652863148655,1.0491281052421784
PER,05T06,0.9542793432375112,1.0249849448717678,1.0491281052421784
PER,07T08,1.0683741136393983,1.020053776478399,1.0491281052421784
PER,10T12,1.0165950726432895,1.119691786366054,1.0491281052421784
PER,13T15,1.015385834236288,1.044797752369375,1.0491281052421784
PER,16,0.9677617726579862,1.0742518905083167,1.0491281052421784
PER,17T18,1.0426249301297177,1.0217559074861056,1.0491281052421784
PER,19,1.042419051859807,1.0524852793023538,1.0491281052421784
PER,20,1.0847573512202464,1.0312235755040218,1.0491281052421784
PER,21,1.0373999725771792,1.0233835886073839,1.0491281052421784
PER,22,0.9485580854448639,1.0363278280422934,1.0491281052421784
PER,23,1.0451351180570059,1.039060558557073,1.0491281052421784
PER,24,1.411182915938357,1.0372629284442592,1.0491281052421784
PER,25,1.0687542265813808,1.026486006837882,1.0491281052421784
PER,26,1.0499121272460032,1.0216662017188671,1.0491281052421784
PER,27,1.069234806136371,1.0236698067900933,1.0491281052421784
PER,28,1.053324874667376,1.0236793057048201,1.0491281052421784
PER,29T30,1.0615655752870174,1.0204878407421505,1.0491281052421784
PER,31T33,0.9122565574073531,1.0440614457644675,1.0491281052421784
PER,35,0.9555529467955562,1.0293269254646897,1.0491281052421784
PER,36T39,1.06763202903053,1.0201015369925013,1.0491281052421784
PER,41T43,1.049311372976527,1.0313063555610296,1.0491281052421784
PER,45T47,1.030572355853824,1.0148508965509426,1.0491281052421784
PER,49,1.0200210565666274,1.0233891969360065,1.0491281052421784
PER,50,0.8923616203532453,1.0242980674609032,1.0491281052421784
PER,51,1.0552948941164597,1.0320325425073718,1.0491281052421784
PER,52,1.0276977571166368,1.0217939066784352,1.0491281052421784
PER,53,1.0360260309250122,1.0199238893492961,1.0491281052421784
PER,55T56,1.0393870131621865,1.0472228301274102,1.0491281052421784
PER,58T60,1.0486658660110217,1.0147452777909183,1.0491281052421784
PER,61,1.0488654845637908,1.0149467516538344,1.0491281052421784
PER,62T63,1.0520181928562184,1.0125273615485204,1.0491281052421784
PER,64T66,1.0596499322714912,1.0119752698964328,1.0491281052421784
PER,68,1.0454203678488458,1.0113619082129788,1.0491281052421784
PER,69T75,1.0469480695736915,1.0146438566880798,1.0491281052421784
PER,77T82,1.062770477133421,1.0133761729157795,1.0491281052421784
PER,84,1.0469234744262794,1.0188732681842687,1.0491281052421784
PER,85,1.0489680348469466,1.0114998878324575,1.0491281052421784
PER,86T88,1.0486167558591792,1.0141671768323486,1.0491281052421784
PER,90T93,1.0447376590702842,1.0260515134166013,1.0491281052421784
PER,94T98,1.0490242786168906,1.0137663495734464,1.0491281052421784
PHL,01T02,0.9501575922041788,1.0246645210534988,1.0373157722366477
PHL,03,1.0316870011319739,1.016582884132376,1.0373157722366477
PHL,05T06,0.7570772604860777,1.0170903551777255,1.0373157722366477
PHL,07T08,0.9300630217842879,1.017727330606991,1.0373157722366477
PHL,10T12,1.0370021169879928,1.0469226095758064,1.0373157722366477
PHL,13T15,1.039421049788118,1.028047728185309,1.0373157722366477
PHL,16,1.0363633994201151,1.0441112565233457,1.0373157722366477
PHL,17T18,1.003800583273298,1.0412710826310507,1.0373157722366477
PHL,19,0.9892666569950233,1.0426884285703806,1.0373157722366477
PHL,20,1.0702863884938132,1.0359455372477555,1.0373157722366477
PHL,21,1.0048422658443312,1.0385607457054793,1.0373157722366477
PHL,22,1.0659348352930214,1.0418097436412928,1.0373157722366477
PHL,23,0.7718467426981263,1.0469704491794005,1.0373157722366477
PHL,24,1.1630285652619572,1.0583674967193937,1.0373157722366477
PHL,25,1.0398072164009855,1.0572766756073626,1.0373157722366477
PHL,26,1.0222735217027497,1.0346493131306564,1.0373157722366477
PHL,27,1.0497077972484843,1.03292910087015,1.0373157722366477
PHL,28,1.0269572504695457,1.0371211758680579,1.0373157722366477
PHL,29T30,1.019385024714876,1.0372946448304274,1.0373157722366477
PHL,31T33,1.0383361749248743,1.0365476012836814,1.0373157722366477
PHL,35,0.8219994900694132,1.03860333997964,1.0373157722366477
PHL,36T39,1.0294641679830134,1.030361010369359,1.0373157722366477
PHL,41T43,1.0326067963999344,1.0518159948793353,1.0373157722366477
PHL,45T47,1.0171345540557897,1.0256828630059318,1.0373157722366477
PHL,49,0.9841931216985319,1.0319609682279418,1.0373157722366477
PHL,50,0.8076129007537872,1.0251720544138734,1.0373157722366477
PHL,51,0.9052294717830074,1.0289544107265403,1.0373157722366477
PHL,52,1.0123423762562038,1.0252260587217743,1.0373157722366477
PHL,53,1.0309947360365637,1.021903829531686,1.0373157722366477
PHL,55T56,1.027462371787528,1.0380280278343113,1.0373157722366477
PHL,58T60,0.99352364065956,1.0306741549704792,1.0373157722366477
PHL,61,1.0296204828794224,1.0196798094858748,1.0373157722366477
PHL,62T63,0.997489947206622,1.0227453541604148,1.0373157722366477
PHL,64T66,1.0178555113773433,1.0135416470712764,1.0373157722366477
PHL,68,1.0322698039076696,1.0171348490088574,1.0373157722366477
PHL,69T75,1.0119811803138115,1.020574275203764,1.0373157722366477
PHL,77T82,1.0118858955701358,1.0212161921765033,1.0373157722366477
PHL,84,1.0365273496342575,1.0151023393306926,1.0373157722366477
PHL,85,1.0323020966732126,1.0160004428610798,1.0373157722366477
PHL,86T88,1.0329959866499636,1.027774981780629,1.0373157722366477
PHL,90T93,1.0249714457170445,1.0271132827799372,1.0373157722366477
PHL,94T98,1.0335312098393015,1.0243440470157972,1.0373157722366477
POL,01T02,0.891307886748349,1.0494841651101328,1.0394954849363283
POL,03,1.013314350980851,1.0260729873867107,1.0394954849363283
POL,05T06,0.6699294363348821,1.0273023795137202,1.0394954849363283
POL,07T08,0.9329612469311778,1.0440349710063257,1.0394954849363283
POL,10T12,1.0129178274579125,1.0559063440645475,1.0394954849363283
POL,13T15,1.030620963387085,1.02719773611636,1.0394954849363283
POL,16,1.0233587379728792,1.0466155629554958,1.0394954849363283
POL,17T18,1.0236234309767236,1.032938665686038,1.0394954849363283
POL,19,0.9479140868124003,1.0451025209427065,1.0394954849363283
POL,20,0.8762473403924937,1.047646439209368,1.0394954849363283
POL,21,1.0494126394831316,1.015861306039685,1.0394954849363283
POL,22,1.0455120358271635,1.0411224316071936,1.0394954849363283
POL,23,0.9191346924707102,1.0519020535683938,1.0394954849363283
POL,24,0.9341897120968224,1.0697793048020312,1.0394954849363283
POL,25,1.026703283599462,1.0402897201652475,1.0394954849363283
POL,26,1.0266513605782885,1.030609902182346,1.0394954849363283
POL,27,1.0300371382859634,1.0379803006782673,1.0394954849363283
POL,28,1.021204004252991,1.0352517173391615,1.0394954849363283
POL,29T30,1.0287881388545783,1.0321148734337495,1.0394954849363283
POL,31T33,1.050748212046415,1.0291200898609707,1.0394954849363283
POL,35,0.7422443091549807,1.046112324989,1.0394954849363283
POL,36T39,1.0130207717494821,1.0313655643131712,1.0394954849363283
POL,41T43,1.0199267679120245,1.0306727210684028,1.0394954849363283
POL,45T47,1.0190052757783508,1.018711458153824,1.0394954849363283
POL,49,0.9675974777618577,1.0273746155018262,1.0394954849363283
POL,50,1.056991401720431,1.0235829315600073,1.0394954849363283
POL,51,1.057706392392162,1.0253513550823028,1.0394954849363283
POL,52,1.0092615841408028,1.0265273084536706,1.0394954849363283
POL,53,1.0281089207402403,1.0214480103124408,1.0394954849363283
POL,55T56,1.0311224287714633,1.0300776408657562,1.0394954849363283
POL,58T60,1.0337337185820565,1.0164487418616115,1.0394954849363283
POL,61,1.029137746416937,1.0175495444487634,1.0394954849363283
POL,62T63,1.0292328640949955,1.0118183727826648,1.0394954849363283
POL,64T66,1.025663530243362,1.0133663745568158,1.0394954849363283
POL,68,1.0253049082993562,1.0515003434631844,1.0394954849363283
POL,69T75,1.0249992746409309,1.0142590358917931,1.0394954849363283
POL,77T82,1.018783076245641,1.0218191896938078,1.0394954849363283
POL,84,1.0381029228266785,1.0133723685569034,1.0394954849363283
POL,85,1.0381622742378507,1.016090061593152,1.0394954849363283
POL,86T88,1.0383874909824304,1.0201861871311677,1.0394954849363283
POL,90T93,1.0348204646758496,1.0278633465165066,1.0394954849363283
POL,94T98,1.0316615348813398,1.0192518324518647,1.0394954849363283
PRT,01T02,1.0269788746227422,1.0428376228627465,1.0372603007579528
PRT,03,1.0290673687803176,1.0291552451326413,1.0372603007579528
PRT,05T06,0.4182533606248761,1.0447897146129705,1.0372603007579528
PRT,07T08,0.9866546766220451,1.039898777158512,1.0372603007579528
PRT,10T12,1.028954886947435,1.0552040530669158,1.0372603007579528
PRT,13T15,1.0218386134616242,1.0301686008309217,1.0372603007579528
PRT,16,1.0081771219438418,1.048986966449998,1.0372603007579528
PRT,17T18,0.997521539694607,1.0451294592485711,1.0372603007579528
PRT,19,0.9788249445447011,1.0559214011632376,1.0372603007579528
PRT,20,0.9820190367824003,1.050731312517772,1.0372603007579528
PRT,21,1.008735795621815,1.0331680248017825,1.0372603007579528
PRT,22,1.0483216770930666,1.0431461804729114,1.0372603007579528
PRT,23,0.9242939249040779,1.0490027838935172,1.0372603007579528
PRT,24,1.1366920538671854,1.053632579952337,1.0372603007579528
PRT,25,1.027695884681368,1.0406655291341405,1.0372603007579528
PRT,26,1.023918514493779,1.0317973254879644,1.0372603007579528
PRT,27,1.0235649631875916,1.0420304920225845,1.0372603007579528
PRT,28,1.0169112330048198,1.0398081513299466,1.0372603007579528
PRT,29T30,1.0263741957271504,1.0348873715244438,1.0372603007579528
PRT,31T33,1.0434754302997709,1.0339038065247053,1.0372603007579528
PRT,35,0.9189279655838121,1.0845235000447575,1.0372603007579528
PRT,36T39,1.0490552567829057,1.0347378480663096,1.0372603007579528
PRT,41T43,1.0330107552134162,1.0404142781477876,1.0372603007579528
PRT,45T47,1.019275115606116,1.027463960209151,1.0372603007579528
PRT,49,0.9664965580922245,1.0332460298487565,1.0372603007579528
PRT,50,0.8474170440791378,1.034169229018481,1.0372603007579528
PRT,51,0.9806871413868936,1.033670684923681,1.0372603007579528
PRT,52,1.0078496820498302,1.0263694352133221,1.0372603007579528
PRT,53,1.019897590896908,1.0234650874589073,1.0372603007579528
PRT,55T56,1.0249874333339188,1.033880327699203,1.0372603007579528
PRT,58T60,1.0155205941002763,1.0263733068378853,1.0372603007579528
PRT,61,1.0244867399275017,1.0257527818027825,1.0372603007579528
PRT,62T63,1.0174436238191513,1.0236658722441407,1.0372603007579528
PRT,64T66,1.024323639448407,1.0223558519330251,1.0372603007579528
PRT,68,1.0348293357579135,1.022504349481735,1.0372603007579528
PRT,69T75,1.0167376603946572,1.0248486059928401,1.0372603007579528
PRT,77T82,1.0176628877949025,1.0249896607166369,1.0372603007579528
PRT,84,1.0348405863556018,1.0260895035677013,1.0372603007579528
PRT,85,1.0360307816741021,1.023207128831438,1.0372603007579528
PRT,86T88,1.036182625744684,1.0279630417225076,1.0372603007579528
PRT,90T93,1.0304773461992363,1.0279620417963768,1.0372603007579528
PRT,94T98,1.034067985157163,1.0270715613278543,1.0372603007579528
ROU,01T02,0.9750236697302762,1.043382140460576,1.036875804564063
ROU,03,1.0344825387258718,1.0338499549118079,1.036875804564063
ROU,05T06,0.8317645384042686,1.0341424060152722,1.036875804564063
ROU,07T08,0.8946520298454278,1.0347912938297936,1.036875804564063
ROU,10T12,1.0361157598475983,1.047572695801526,1.036875804564063
ROU,13T15,1.0352062188046254,1.0275240551638134,1.036875804564063
ROU,16,1.0157614925273775,1.0462650738891337,1.036875804564063
ROU,17T18,1.0207102824447787,1.0339829127527955,1.036875804564063
ROU,19,0.9835546734247539,1.0503696789806574,1.036875804564063
ROU,20,0.6699600037393021,1.0531282992505127,1.036875804564063
ROU,21,1.0062378291911327,1.0312763953371407,1.036875804564063
ROU,22,1.0372414586600855,1.042445897888307,1.036875804564063
ROU,23,0.8387771121183643,1.0432033680651152,1.036875804564063
ROU,24,0.9263010150848168,1.0510850857705143,1.036875804564063
ROU,25,1.0056841843450632,1.0402227828432973,1.036875804564063
ROU,26,1.0260757040282489,1.032236939207626,1.036875804564063
ROU,27,1.0324427466260397,1.0361326693429924,1.036875804564063
ROU,28,1.015294964092549,1.0410168239590325,1.036875804564063
ROU,29T30,1.0205043490297239,1.0360596349242988,1.036875804564063
ROU,31T33,1.0487377616002571,1.0311587617157958,1.036875804564063
ROU,35,0.9027848046017841,1.0540093927803547,1.036875804564063
ROU,36T39,1.0310200336985247,1.0319494054617135,1.036875804564063
ROU,41T43,1.032067547558199,1.0467731269291745,1.036875804564063
ROU,45T47,1.0163218141616779,1.0256594636737457,1.036875804564063
ROU,49,1.0152839003220886,1.0284151999072801,1.036875804564063
ROU,50,1.078184830442095,1.026227088669931,1.036875804564063
ROU,51,1.0239658851226399,1.030044547914148,1.036875804564063
ROU,52,1.0115196896991636,1.0255025662303021,1.036875804564063
ROU,53,1.0175447378938849,1.0253022884372764,1.036875804564063
ROU,55T56,1.029015316130015,1.0268602007463599,1.036875804564063
ROU,58T60,1.0254618908965525,1.0216281862740335,1.036875804564063
ROU,61,1.0223770218604242,1.0263333587685666,1.036875804564063
ROU,62T63,1.0132561558484001,1.0200471927709622,1.036875804564063
ROU,64T66,1.0160206998766061,1.0183032220468389,1.036875804564063
ROU,68,1.0325320915778708,1.0171971955532546,1.036875804564063
ROU,69T75,1.0159578355726235,1.0239495329160475,1.036875804564063
ROU,77T82,1.0187269141600064,1.0240189485693432,1.036875804564063
ROU,84,1.0350900845038369,1.0164681073370314,1.036875804564063
ROU,85,1.0325137902504067,1.0172101525344361,1.036875804564063
ROU,86T88,1.0349325142195276,1.0204890458437137,1.036875804564063
ROU,90T93,1.0339451849479049,1.0234649404215226,1.036875804564063
ROU,94T98,1.0308586388940302,1.0236205711213204,1.036875804564063
ROW,01T02,0.7486478337437512,1.012193043898566,1.0113798109106633
ROW,03,1.0141880992423344,0.972224831663208,1.0113798109106633
ROW,05T06,0.8263525208599611,0.9836978706996429,1.0113798109106633
ROW,07T08,1.011629449649585,0.9797847550273587,1.0113798109106633
ROW,10T12,0.9942662927725435,1.0642559709675714,1.0113798109106633
ROW,13T15,1.0864924599431207,0.9950533900138084,1.0113798109106633
ROW,16,0.9970817804071512,1.0298070920657907,1.0113798109106633
ROW,17T18,1.0247672533294019,1.0140626473839889,1.0113798109106633
ROW,19,0.9539647476993397,1.0245690349702534,1.0113798109106633
ROW,20,0.8389821941270569,1.0248490584520493,1.0113798109106633
ROW,21,1.0573649120373962,0.9923830451730782,1.0113798109106633
ROW,22,0.7244453583016087,1.0357565160264088,1.0113798109106633
ROW,23,0.828493194611452,1.017954591466688,1.0113798109106633
ROW,24,1.1189443733901205,1.028038648744234,1.0113798109106633
ROW,25,1.0599108089535947,1.0126603827749925,1.0113798109106633
ROW,26,1.0410108737435886,0.998927881275602,1.0113798109106633
ROW,27,1.0503047344958558,1.014374716268038,1.0113798109106633
ROW,28,1.0460843263777282,1.0047460335385094,1.0113798109106633
ROW,29T30,1.0672903844875732,0.9997901827621838,1.0113798109106633
ROW,31T33,0.7879621125300347,1.0004098564680988,1.0113798109106633
ROW,35,0.7279680882132721,1.0305901731499183,1.0113798109106633
ROW,36T39,1.0042851384450346,0.9878868155827881,1.0113798109106633
ROW,41T43,1.0091214725204398,1.0050641008084897,1.0113798109106633
ROW,45T47,1.0111105740722748,0.9769648246382547,1.0113798109106633
ROW,49,0.9614720258424914,0.9846898277178238,1.0113798109106633
ROW,50,0.9919472116672168,0.9971128192797724,1.0113798109106633
ROW,51,0.8582582748062518,0.9942447439106845,1.0113798109106633
ROW,52,1.0215383646363174,0.9825524883495854,1.0113798109106633
ROW,53,1.0322657692125001,0.9750799710020467,1.0113798109106633
ROW,55T56,1.0299192705328946,1.003671521717217,1.0113798109106633
ROW,58T60,1.063394296899667,0.9743256375678451,1.0113798109106633
ROW,61,1.019921230419491,0.9699927684818969,1.0113798109106633
ROW,62T63,1.0703363833682276,0.9648864888381097,1.0113798109106633
ROW,64T66,1.0364780565786897,0.9616623243738759,1.0113798109106633
ROW,68,1.018313717214367,0.9605240992599576,1.0113798109106633
ROW,69T75,1.0449652192207366,0.9661140195026946,1.0113798109106633
ROW,77T82,1.0258897999378436,0.970423574447329,1.0113798109106633
ROW,84,1.0111759431630345,0.9737494023247624,1.0113798109106633
ROW,85,1.013343270552819,0.9720708008130744,1.0113798109106633
ROW,86T88,1.0129034158696881,0.9768449169098246,1.0113798109106633
ROW,90T93,1.0268513793785181,0.9816912675988205,1.0113798109106633
ROW,94T98,1.0133617434182276,0.9774545213257867,1.0113798109106633
RUS,01T02,0.9247332212800715,0.9929301505063753,0.9812489833103781
RUS,03,1.0230013070948276,0.9721604798974953,0.9812489833103781
RUS,05T06,0.8427943363009407,0.9639263485584071,0.9812489833103781
RUS,07T08,0.8808776955008395,0.9794655387755614,0.9812489833103781
RUS,10T12,0.9985558061108145,1.0178249377342041,0.9812489833103781
RUS,13T15,1.1080804423128292,0.984912555536818,0.9812489833103781
RUS,16,1.050622113863387,1.015373514004526,0.9812489833103781
RUS,17T18,1.0216060598078547,1.0048994262441833,0.9812489833103781
RUS,19,0.9161666516140635,0.9926379138729289,0.9812489833103781
RUS,20,0.7000854907704243,1.0271993514132887,0.9812489833103781
RUS,21,1.0483285426994262,0.9812657577172331,0.9812489833103781
RUS,22,0.9471073804769727,1.043134484375717,0.9812489833103781
RUS,23,0.7733633997949613,1.0495328281469634,0.9812489833103781
RUS,24,0.6694324749837056,1.0478965738249262,0.9812489833103781
RUS,25,0.9765642282289384,1.0372778403728589,0.9812489833103781
RUS,26,1.0205923408536854,0.9869784505947464,0.9812489833103781
RUS,27,0.978342733757764,1.0347387836750914,0.9812489833103781
RUS,28,0.9772868538059695,1.023633463397641,0.9812489833103781
RUS,29T30,1.0058046453690315,1.0054216841049892,0.9812489833103781
RUS,31T33,0.9815303620737216,0.9988489898837439,0.9812489833103781
RUS,35,0.6289302221260472,1.0917887179609709,0.9812489833103781
RUS,36T39,0.877656292090301,1.0341547289738182,0.9812489833103781
RUS,41T43,0.9727451757376283,1.0002467643122264,0.9812489833103781
RUS,45T47,0.9864505818608513,0.9653956033482142,0.9812489833103781
RUS,49,0.8672098563866586,0.9818622911752959,0.9812489833103781
RUS,50,0.7042427345349911,0.9755368524683798,0.9812489833103781
RUS,51,0.9285972522453972,0.988773541880358,0.9812489833103781
RUS,52,0.953088137609161,0.982425431140274,0.9812489833103781
RUS,53,1.0040581401118769,0.9686251219651552,0.9812489833103781
RUS,55T56,1.0276670311784843,0.9778841520485789,0.9812489833103781
RUS,58T60,1.0901241234134913,0.9614524793856234,0.9812489833103781
RUS,61,0.9976314812671438,0.9633435302329162,0.9812489833103781
RUS,62T63,1.0584462411278457,0.9521691486237794,0.9812489833103781
RUS,64T66,0.9783097681379572,0.944712887720732,0.9812489833103781
RUS,68,0.9769023087999666,0.9608727758569291,0.9812489833103781
RUS,69T75,1.002418853002624,0.9594778972142096,0.9812489833103781
RUS,77T82,0.9499060482244438,0.9558844528339389,0.9812489833103781
RUS,84,0.9810420383607215,0.9614223101390873,0.9812489833103781
RUS,85,0.9834965899139977,0.9561842032449775,0.9812489833103781
RUS,86T88,0.982145591584818,0.9655985982616473,0.9812489833103781
RUS,90T93,0.9911401260012264,0.9645634462583925,0.9812489833103781
RUS,94T98,0.9885928558393641,0.9520833813172275,0.9812489833103781
SAU,01T02,1.0849104081491074,0.9878572718116644,0.9858097903672952
SAU,03,0.98583172729136,0.9965829067035787,0.9858097903672952
SAU,05T06,0.9394496641071077,0.9601838026529553,0.9858097903672952
SAU,07T08,1.007103908315527,0.9666980218190615,0.9858097903672952
SAU,10T12,1.0465988142057263,0.9947854644944795,0.9858097903672952
SAU,13T15,1.0351962434273243,1.0017641166892177,0.9858097903672952
SAU,16,0.9431743425485422,1.0047517998511626,0.9858097903672952
SAU,17T18,0.9937027202324717,1.0122206998578516,0.9858097903672952
SAU,19,0.9562803837939728,0.9881963634974585,0.9858097903672952
SAU,20,0.8255008743362632,0.9929287143365463,0.9858097903672952
SAU,21,1.0224135381053694,1.0011898154171108,0.9858097903672952
SAU,22,0.3132630341933526,1.0251056859486205,0.9858097903672952
SAU,23,0.8372290594573549,1.007980528010725,0.9858097903672952
SAU,24,1.2256729874351147,1.0040974942791292,0.9858097903672952
SAU,25,1.0285216384364095,1.0041962177152346,0.9858097903672952
SAU,26,1.016029169861251,1.004294993793511,0.9858097903672952
SAU,27,1.0151129511469394,1.0161502557098734,0.9858097903672952
SAU,28,1.0328573930969682,1.0075084687985976,0.9858097903672952
SAU,29T30,1.075021803621959,1.0026880411744097,0.9858097903672952
SAU,31T33,0.42729213176269065,1.0087981657689207,0.9858097903672952
SAU,35,0.596250462314894,0.9934214268615409,0.9858097903672952
SAU,36T39,0.9793277091940289,0.992928215533316,0.9858097903672952
SAU,41T43,0.9805451668832182,1.0104692693835762,0.9858097903672952
SAU,45T47,0.9800260096273117,0.9903293634805305,0.9858097903672952
SAU,49,0.7626055954644454,0.9925929866148465,0.9858097903672952
SAU,50,0.8092353419066411,1.00142281108706,0.9858097903672952
SAU,51,0.9514178768612566,1.0065510848789208,0.9858097903672952
SAU,52,0.9838641803839271,1.0034499900634644,0.9858097903672952
SAU,53,0.9783020433222412,1.0140706611015031,0.9858097903672952
SAU,55T56,1.0221228116868992,0.9995891028718409,0.9858097903672952
SAU,58T60,1.055978025504414,0.9919393516601728,0.9858097903672952
SAU,61,0.9822038674577765,0.9922778891569382,0.9858097903672952
SAU,62T63,1.0016783559266131,0.9922674927366186,0.9858097903672952
SAU,64T66,1.014632743328122,0.96730693121732,0.9858097903672952
SAU,68,0.9870014007412444,0.9656048551896075,0.9858097903672952
SAU,69T75,0.9736691647540415,1.0174874289252356,0.9858097903672952
SAU,77T82,0.9749443607243377,1.0266379110480008,0.9858097903672952
SAU,84,0.9853857288310757,0.9663113963022142,0.9858097903672952
SAU,85,0.987277142985974,0.9681921693159113,0.9858097903672952
SAU,86T88,0.9812324926302481,0.989341025400534,0.9858097903672952
SAU,90T93,0.9957063749334469,0.9750477551325951,0.9858097903672952
SAU,94T98,0.9821816728383834,0.9703170802620179,0.9858097903672952
SGP,01T02,0.8319101495854628,1.0213604319466536,1.0360883243669863
SGP,03,1.0139673382861365,1.0222105832181663,1.0360883243669863
SGP,05T06,0.8482913425746158,1.010406992589526,1.0360883243669863
SGP,07T08,0.99519387110763,1.020914718031282,1.0360883243669863
SGP,10T12,0.9794073444934547,1.0855795178169234,1.0360883243669863
SGP,13T15,0.9259149938147823,1.0563774027281532,1.0360883243669863
SGP,16,0.9626320624940402,1.0703895678254045,1.0360883243669863
SGP,17T18,0.9976480918192617,1.043714109377345,1.0360883243669863
SGP,19,0.9923167887243028,1.04864705774432,1.0360883243669863
SGP,20,0.9663612763476738,1.0422608053707352,1.0360883243669863
SGP,21,1.0771804337035724,1.0073819058083517,1.0360883243669863
SGP,22,0.7636859112888398,1.0773195250503278,1.0360883243669863
SGP,23,0.9979520041555062,1.0692904860357297,1.0360883243669863
SGP,24,1.1996054960248321,1.0673360177865696,1.0360883243669863
SGP,25,1.0251249080743332,1.0527793110275245,1.0360883243669863
SGP,26,1.0228702043603126,1.0305454238598677,1.0360883243669863
SGP,27,1.0298233509724146,1.0427419691745892,1.0360883243669863
SGP,28,1.037962282380164,1.0271640574400713,1.0360883243669863
SGP,29T30,1.015101051398476,1.03113000260237,1.0360883243669863
SGP,31T33,0.9223515417472348,1.030254601126581,1.0360883243669863
SGP,35,0.6982186010615472,1.0772084200806853,1.0360883243669863
SGP,36T39,1.0057070740128045,1.0279284974460277,1.0360883243669863
SGP,41T43,1.0265487897081749,1.0356058209977899,1.0360883243669863
SGP,45T47,0.9870773668708228,1.0200189546909786,1.0360883243669863
SGP,49,0.967295257157775,1.0208111615392428,1.0360883243669863
SGP,50,0.8099969570866532,1.0592699012923061,1.0360883243669863
SGP,51,0.8930800391999429,1.0276385223230766,1.0360883243669863
SGP,52,0.9893943913786372,1.0180955964161473,1.0360883243669863
SGP,53,1.0172356752528748,1.0146427546208285,1.0360883243669863
SGP,55T56,1.0174053537884071,1.032025378872681,1.0360883243669863
SGP,58T60,1.0251383006566557,1.013630046711701,1.0360883243669863
SGP,61,1.0304794502874255,1.0093096066948404,1.0360883243669863
SGP,62T63,1.0190976687856281,1.008967025534739,1.0360883243669863
SGP,64T66,1.02708148381768,0.9996674669188406,1.0360883243669863
SGP,68,1.0266625496758954,1.0022665278684186,1.0360883243669863
SGP,69T75,1.0315498665418208,1.0066437505656207,1.0360883243669863
SGP,77T82,1.0176761675188086,1.0035853613771315,1.0360883243669863
SGP,84,1.0340741183297177,1.0149635951750746,1.0360883243669863
SGP,85,1.035544345639842,1.0060613533506901,1.0360883243669863
SGP,86T88,1.0349999604995839,1.0103256886367742,1.0360883243669863
SGP,90T93,1.0301361151911967,1.0147115717075454,1.0360883243669863
SGP,94T98,1.0359879831782337,0.9933337317521803,1.0360883243669863
SVK,01T02,1.0771158889352521,1.0396475631828852,1.0371994597343153
SVK,03,0.9771647025639202,1.0361738065425128,1.0371994597343153
SVK,05T06,0.5654622885833881,1.029640240398337,1.0371994597343153
SVK,07T08,0.8615229221632832,1.0394883749295964,1.0371994597343153
SVK,10T12,1.0500027925755195,1.0435784466849563,1.0371994597343153
SVK,13T15,1.022287154313221,1.0300566127108148,1.0371994597343153
SVK,16,1.056632559292292,1.0324557148118214,1.0371994597343153
SVK,17T18,1.016820822199151,1.0373187144551668,1.0371994597343153
SVK,19,0.9592284108784864,1.044254815713754,1.0371994597343153
SVK,20,0.7115003946650985,1.045765754207826,1.0371994597343153
SVK,21,0.9861843784139631,1.0335913173291726,1.0371994597343153
SVK,22,1.044662170237449,1.0432402885014476,1.0371994597343153
SVK,23,0.8019171821695796,1.0538023074836647,1.0371994597343153
SVK,24,0.634879928506141,1.0626859466532188,1.0371994597343153
SVK,25,1.0260976335183616,1.0402742969168197,1.0371994597343153
SVK,26,1.030280634348386,1.0295561761904701,1.0371994597343153
SVK,27,1.03591863903727,1.035828411046621,1.0371994597343153
SVK,28,1.0136595295969826,1.0422542332533025,1.0371994597343153
SVK,29T30,1.029563870549165,1.0312257242919354,1.0371994597343153
SVK,31T33,1.0714897977020852,1.0309864891071023,1.0371994597343153
SVK,35,1.01199199211329,1.0575097864924914,1.0371994597343153
SVK,36T39,1.0231261564319563,1.0261556811494692,1.0371994597343153
SVK,41T43,1.0297461364066467,1.0301463327002562,1.0371994597343153
SVK,45T47,1.0121982936654739,1.0255008631127382,1.0371994597343153
SVK,49,0.9930722524708803,1.0257393474037837,1.0371994597343153
SVK,50,1.090522539573636,1.0379002928555032,1.0371994597343153
SVK,51,1.113564482831841,1.0437744877432311,1.0371994597343153
SVK,52,1.0078633348219255,1.0295429378599867,1.0371994597343153
SVK,53,1.025869769060886,1.021333321934248,1.0371994597343153
SVK,55T56,1.0338235036004035,1.0281351783138502,1.0371994597343153
SVK,58T60,1.0278762603139635,1.0219828173167729,1.0371994597343153
SVK,61,1.031128805606755,1.0196265596168912,1.0371994597343153
SVK,62T63,1.0187018323943615,1.0190640416772234,1.0371994597343153
SVK,64T66,1.026845702907894,1.0178927603759487,1.0371994597343153
SVK,68,1.0324032483671328,1.019095905075543,1.0371994597343153
SVK,69T75,1.0138355614833647,1.0266872101684208,1.0371994597343153
SVK,77T82,1.022758143290069,1.023364514959011,1.0371994597343153
SVK,84,1.035771710740127,1.0195084637139087,1.0371994597343153
SVK,85,1.0360790282742542,1.0207166729387254,1.0371994597343153
SVK,86T88,1.0366348131074856,1.0223054408635541,1.0371994597343153
SVK,90T93,1.0346996353831455,1.0235551087327799,1.0371994597343153
SVK,94T98,1.0325938659393958,1.0239981051329836,1.0371994597343153
SVN,01T02,0.9095683841132609,1.0422244013749868,1.0376271147775247
SVN,03,1.0284967155185567,1.0294039259730063,1.0376271147775247
SVN,05T06,0.6428881342724089,1.0306719550876662,1.0376271147775247
SVN,07T08,0.9238887356743806,1.041234478211043,1.0376271147775247
SVN,10T12,1.0409877480928356,1.0453003434593944,1.0376271147775247
SVN,13T15,1.0294449897307731,1.0267462278474868,1.0376271147775247
SVN,16,1.0155548221549786,1.0461113936431932,1.0376271147775247
SVN,17T18,1.0157428283131094,1.0356780861293866,1.0376271147775247
SVN,19,0.0007988309397015231,1.037173689207513,1.0376271147775247
SVN,20,1.0732952817988703,1.0428608999599915,1.0376271147775247
SVN,21,1.0140699858187758,1.0234284480795612,1.0376271147775247
SVN,22,1.07281938933894,1.0362437643018285,1.0376271147775247
SVN,23,0.8063172892671835,1.043839938125643,1.0376271147775247
SVN,24,1.1577723598223788,1.0535511261045025,1.0376271147775247
SVN,25,1.050581860025168,1.0361363158538148,1.0376271147775247
SVN,26,1.0313077025907147,1.0270887246862572,1.0376271147775247
SVN,27,1.0297992606729194,1.0379848015515634,1.0376271147775247
SVN,28,1.0222870519155822,1.0371806592274488,1.0376271147775247
SVN,29T30,1.0284496672010328,1.0353708216053292,1.0376271147775247
SVN,31T33,1.0581835830708939,1.0314318827532052,1.0376271147775247
SVN,35,0.802320848500161,1.0444871865949827,1.0376271147775247
SVN,36T39,1.0429386440302244,1.0340109186961286,1.0376271147775247
SVN,41T43,1.0293449752048414,1.0361051179388532,1.0376271147775247
SVN,45T47,1.0198663865681399,1.025583722715307,1.0376271147775247
SVN,49,0.9802884729846479,1.0301850491501152,1.0376271147775247
SVN,50,0.7138075969123183,1.0601890309122173,1.0376271147775247
SVN,51,1.1011975633297766,1.0296778693383866,1.0376271147775247
SVN,52,1.0119136602004923,1.0299711020386377,1.0376271147775247
SVN,53,1.0179940002590322,1.0235227691201159,1.0376271147775247
SVN,55T56,1.0304387732014348,1.0307350937946946,1.0376271147775247
SVN,58T60,1.0110788570572256,1.0212575854639456,1.0376271147775247
SVN,61,1.0202104218320018,1.0193149537590256,1.0376271147775247
SVN,62T63,1.0101431645737786,1.0198539425268902,1.0376271147775247
SVN,64T66,1.020727687990017,1.0196257703218383,1.0376271147775247
SVN,68,1.0361101287968772,1.02047627429301,1.0376271147775247
SVN,69T75,1.0154086129092479,1.024194956629547,1.0376271147775247
SVN,77T82,1.0187099360255132,1.0248229965671536,1.0376271147775247
SVN,84,1.035491140608695,1.0223335378232603,1.0376271147775247
SVN,85,1.034989089733302,1.0225292173483458,1.0376271147775247
SVN,86T88,1.0365253137347035,1.0228185994590346,1.0376271147775247
SVN,90T93,1.0345403827543234,1.02513834017614,1.0376271147775247
SVN,94T98,1.0288119242898852,1.0241136958170842,1.0376271147775247
SWE,01T02,0.8037057075923177,1.0715660933622917,1.0325884975520547
SWE,03,1.0235361527613556,1.027491115678555,1.0325884975520547
SWE,05T06,0.9023188540128564,1.0354167429174927,1.0325884975520547
SWE,07T08,1.0693875325856406,1.0281289275542258,1.0325884975520547
SWE,10T12,1.02506228989199,1.0508917630073737,1.0325884975520547
SWE,13T15,1.0158079376689113,1.0308115856693028,1.0325884975520547
SWE,16,0.9597629371899601,1.0772381519567542,1.0325884975520547
SWE,17T18,0.9738850867233652,1.0516761684110127,1.0325884975520547
SWE,19,1.0235191373114543,1.0442660968671786,1.0325884975520547
SWE,20,0.9554305722197521,1.0355174441909774,1.0325884975520547
SWE,21,1.0197359042027208,1.0273961798129638,1.0325884975520547
SWE,22,1.0740571638734886,1.0358768455816316,1.0325884975520547
SWE,23,1.0201744012579639,1.0395468494982274,1.0325884975520547
SWE,24,1.176574359229066,1.0409045159736547,1.0325884975520547
SWE,25,1.0428431120156478,1.0375910521082947,1.0325884975520547
SWE,26,1.0291072851270873,1.0266959931093431,1.0325884975520547
SWE,27,1.0403484926293058,1.0329225110837439,1.0325884975520547
SWE,28,1.0312905264278023,1.0289469670212106,1.0325884975520547
SWE,29T30,1.0333021420632336,1.0295967218398534,1.0325884975520547
SWE,31T33,1.0396967368356516,1.031161493903716,1.0325884975520547
SWE,35,1.0363072427012836,1.0301820609864534,1.0325884975520547
SWE,36T39,1.0469840783543696,1.0276282429529005,1.0325884975520547
SWE,41T43,1.0298408576547926,1.0314982789923743,1.0325884975520547
SWE,45T47,1.0180404820646105,1.0240867415288026,1.0325884975520547
SWE,49,1.0158062830887362,1.027713876946348,1.0325884975520547
SWE,50,0.8146612872123735,1.035575279460584,1.0325884975520547
SWE,51,0.9861633649780931,1.0311014861212415,1.0325884975520547
SWE,52,1.008976877651255,1.031235578841824,1.0325884975520547
SWE,53,1.0176087055747445,1.0239121907716395,1.0325884975520547
SWE,55T56,1.0258819340035712,1.0305177471255988,1.0325884975520547
SWE,58T60,1.0137486702755332,1.0229833907216854,1.0325884975520547
SWE,61,1.018193341790697,1.0227672826806942,1.0325884975520547
SWE,62T63,1.007964825890998,1.0219321002481645,1.0325884975520547
SWE,64T66,1.0155082039265382,1.0219752247749532,1.0325884975520547
SWE,68,1.0290673456241057,1.0247330511893056,1.0325884975520547
SWE,69T75,1.0214751025888156,1.0232408461699547,1.0325884975520547
SWE,77T82,1.0182102934148556,1.026578829266076,1.0325884975520547
SWE,84,1.0308222100034592,1.023807468165742,1.0325884975520547
SWE,85,1.0315207909082806,1.0233465202607213,1.0325884975520547
SWE,86T88,1.0320351474327065,1.0233793688086792,1.0325884975520547
SWE,90T93,1.0281600217493947,1.0270326323991608,1.0325884975520547
SWE,94T98,1.028832686794383,1.0243424369106393,1.0325884975520547
THA,01T02,0.9270123401528785,1.0208536102232022,1.0457319036463202
THA,03,1.0262844383496252,1.018297691202595,1.0457319036463202
THA,05T06,0.7644501022096636,1.015954921882455,1.0457319036463202
THA,07T08,0.9178315429865208,1.0227562349779429,1.0457319036463202
THA,10T12,1.0157515751973465,1.0628498802222497,1.0457319036463202
THA,13T15,1.0399244004672674,1.025732318834655,1.0457319036463202
THA,16,1.031474054827082,1.0395142142359834,1.0457319036463202
THA,17T18,1.0318530445043568,1.0256293902424378,1.0457319036463202
THA,19,0.9533654194095328,1.0670244905521964,1.0457319036463202
THA,20,0.9184146349246155,1.0449121597286473,1.0457319036463202
THA,21,1.019335152140416,1.035270116551546,1.0457319036463202
THA,22,1.0171896551322532,1.0581530595512358,1.0457319036463202
THA,23,0.7889977112898648,1.067505292286367,1.0457319036463202
THA,24,0.916145905129434,1.059396722861624,1.0457319036463202
THA,25,1.002933827123732,1.0579271420054623,1.0457319036463202
THA,26,1.033684751511614,1.0264722346716206,1.0457319036463202
THA,27,1.0175018769601645,1.0486838182268965,1.0457319036463202
THA,28,1.013189832126208,1.0422111542182384,1.0457319036463202
THA,29T30,1.0051499196159523,1.0404154656533133,1.0457319036463202
THA,31T33,1.0309421402737842,1.0394008288038998,1.0457319036463202
THA,35,0.9106123776702021,1.051710332012549,1.0457319036463202
THA,36T39,1.0251528847083102,1.018949786244026,1.0457319036463202
THA,41T43,1.0439531372482156,1.0793175931692303,1.0457319036463202
THA,45T47,1.0197967005789745,1.005923575947202,1.0457319036463202
THA,49,0.9000500155765875,1.0443788899879598,1.0457319036463202
THA,50,0.901493041979848,1.0309867918696047,1.0457319036463202
THA,51,0.875655615227059,1.0453503192095202,1.0457319036463202
THA,52,0.9726744827129615,1.032698356039947,1.0457319036463202
THA,53,1.02267413771857,1.0081202016487323,1.0457319036463202
THA,55T56,1.020029160644699,1.0411090189151035,1.0457319036463202
THA,58T60,1.0135368995732421,1.0178875977411848,1.0457319036463202
THA,61,1.032307227058279,1.0085881157731074,1.0457319036463202
THA,62T63,0.9890900262759985,1.0150543583698506,1.0457319036463202
THA,64T66,1.0103884643366865,1.003841389585246,1.0457319036463202
THA,68,1.032545200581431,1.0038145084589227,1.0457319036463202
THA,69T75,1.0067406434350916,1.01222171352206,1.0457319036463202
THA,77T82,0.9993059435295394,1.0154800487261686,1.0457319036463202
THA,84,1.0458199035340603,1.00878778520408,1.0457319036463202
THA,85,1.0458148634962057,1.0074947273026096,1.0457319036463202
THA,86T88,1.0392998024985804,1.019469368136027,1.0457319036463202
THA,90T93,1.0356264978309209,1.0127944718651825,1.0457319036463202
THA,94T98,1.0207170557519372,1.0247068749667367,1.0457319036463202
TUN,01T02,0.9795462405781376,1.0154027405641346,1.0364941236696854
TUN,03,1.0203548889662406,1.005284610703316,1.0364941236696854
TUN,05T06,0.7618135362300875,1.0642346307133956,1.0364941236696854
TUN,07T08,0.8390844163719178,1.0701868577156994,1.0364941236696854
TUN,10T12,1.0108942730615964,1.073127595459191,1.0364941236696854
TUN,13T15,1.0127889817055593,1.031176366370598,1.0364941236696854
TUN,16,1.020135607174324,1.0342010102720844,1.0364941236696854
TUN,17T18,1.0141395347022695,1.0324255030019587,1.0364941236696854
TUN,19,0.8709708835111245,1.1062595391317085,1.0364941236696854
TUN,20,0.9531837967957386,1.0527061701950244,1.0364941236696854
TUN,21,1.0053081557167052,1.0276041894739998,1.0364941236696854
TUN,22,0.7188052302682625,1.046058259934362,1.0364941236696854
TUN,23,0.5686438942136379,1.1124930464429281,1.0364941236696854
TUN,24,1.0338003262922957,1.0852855213347081,1.0364941236696854
TUN,25,0.9957813681899608,1.0504747354437531,1.0364941236696854
TUN,26,1.018432990553782,1.0403067219325755,1.0364941236696854
TUN,27,1.0169533943127835,1.0464093185290657,1.0364941236696854
TUN,28,1.0202764122812866,1.0397970266933731,1.0364941236696854
TUN,29T30,1.0238257456833042,1.0363941288155227,1.0364941236696854
TUN,31T33,0.850333872432344,1.0322661787638778,1.0364941236696854
TUN,35,0.6208784216683012,1.0870857837953423,1.0364941236696854
TUN,36T39,1.0215690037369112,1.0711652973515777,1.0364941236696854
TUN,41T43,1.0287038951632654,1.0894962107488566,1.0364941236696854
TUN,45T47,1.0254533126672414,1.0106304750730777,1.0364941236696854
TUN,49,0.9259159813958023,1.0162663378893098,1.0364941236696854
TUN,50,1.0764732324858597,1.0220077380928676,1.0364941236696854
TUN,51,0.784385736223645,1.0277149204089353,1.0364941236696854
TUN,52,0.9649389419882003,1.0095417903567605,1.0364941236696854
TUN,53,1.0238323050472997,1.0094890582717078,1.0364941236696854
TUN,55T56,1.0302364492401086,1.0225146906091784,1.0364941236696854
TUN,58T60,1.0274744842450878,1.0178104108843267,1.0364941236696854
TUN,61,1.029649830379458,1.007025239747173,1.0364941236696854
TUN,62T63,1.010438801605857,1.0118433113931375,1.0364941236696854
TUN,64T66,1.0077319011374513,1.002325956965658,1.0364941236696854
TUN,68,1.0334287690226658,1.0079907946106719,1.0364941236696854
TUN,69T75,1.0178360492628997,1.0148656403231973,1.0364941236696854
TUN,77T82,1.0169312592940138,1.0147338766797338,1.0364941236696854
TUN,84,1.036394762996003,1.0017410877896908,1.0364941236696854
TUN,85,1.036717832057089,1.0051155138464223,1.0364941236696854
TUN,86T88,1.0323703567729394,1.012657323449163,1.0364941236696854
TUN,90T93,1.0197646284631918,1.021611167070571,1.0364941236696854
TUN,94T98,1.0359831279753564,1.0054246191622023,1.0364941236696854
TUR,01T02,1.0273444234280984,1.042007003960347,1.0398632586091485
TUR,03,1.0298515105592847,1.0208530845631336,1.0398632586091485
TUR,05T06,0.7683291846310613,1.0344674839422903,1.0398632586091485
TUR,07T08,0.928186625062655,1.0233668737602628,1.0398632586091485
TUR,10T12,1.0245893315682677,1.05292752014392,1.0398632586091485
TUR,13T15,1.016732180504071,1.0267031940529336,1.0398632586091485
TUR,16,1.0121262147447367,1.0472177095518531,1.0398632586091485
TUR,17T18,1.0114358330193804,1.031316931078891,1.0398632586091485
TUR,19,0.9598239806021975,1.0446209543695781,1.0398632586091485
TUR,20,0.8552736046926691,1.040937957715934,1.0398632586091485
TUR,21,1.022290869976501,1.0299188640581487,1.0398632586091485
TUR,22,1.0238894701421923,1.048271047212033,1.0398632586091485
TUR,23,0.7707187452539593,1.0755624256099536,1.0398632586091485
TUR,24,0.957130820823253,1.0577981251537223,1.0398632586091485
TUR,25,1.0195563902028617,1.044503596351349,1.0398632586091485
TUR,26,1.03933062210415,1.0190538597993304,1.0398632586091485
TUR,27,1.014537434863256,1.0473780301223927,1.0398632586091485
TUR,28,1.019200009729019,1.0396300054406808,1.0398632586091485
TUR,29T30,1.0301330147916525,1.0329429004227646,1.0398632586091485
TUR,31T33,1.039294668766505,1.033157530951702,1.0398632586091485
TUR,35,0.7401753169842613,1.2384120063543218,1.0398632586091485
TUR,36T39,0.9929734823239885,1.037882665488272,1.0398632586091485
TUR,41T43,1.035034243932707,1.0504256549067494,1.0398632586091485
TUR,45T47,1.0120029422132124,1.018990679723395,1.0398632586091485
TUR,49,0.9884420287294873,1.026679398752104,1.0398632586091485
TUR,50,0.9731355841665923,1.020868830946852,1.0398632586091485
TUR,51,0.7909393854764689,1.0201292998860165,1.0398632586091485
TUR,52,0.9997903215527547,1.0144239481843924,1.0398632586091485
TUR,53,1.016852481811436,1.0199569794884846,1.0398632586091485
TUR,55T56,1.0284917873588906,1.0279127095072345,1.0398632586091485
TUR,58T60,1.0217040787628315,1.0184757081581233,1.0398632586091485
TUR,61,1.0305621887271617,1.020117837695371,1.0398632586091485
TUR,62T63,1.0187692829067736,1.0077063892472402,1.0398632586091485
TUR,64T66,1.006195603878119,1.0122852853463047,1.0398632586091485
TUR,68,1.0298177273971851,1.0333663789738101,1.0398632586091485
TUR,69T75,1.0152641319211144,1.015794088321135,1.0398632586091485
TUR,77T82,1.0185108432984322,1.0140186852436783,1.0398632586091485
TUR,84,1.0355173979250223,1.0212430032568953,1.0398632586091485
TUR,85,1.0376124466417556,1.0126721341431957,1.0398632586091485
TUR,86T88,1.0387198864068794,1.0223658222360381,1.0398632586091485
TUR,90T93,1.03014894088243,1.0188381148224874,1.0398632586091485
TUR,94T98,1.0348894965933875,1.0225382279831776,1.0398632586091485
TWN,01T02,1.101786629162035,1.02775426292791,1.0435876539641404
TWN,03,1.0286861530290097,1.0362233888425363,1.0435876539641404
TWN,05T06,0.7818941076588074,1.0339047758957485,1.0435876539641404
TWN,07T08,0.8007490519506062,1.039743377797323,1.0435876539641404
TWN,10T12,1.058636357374396,1.038466360792359,1.0435876539641404
TWN,13T15,0.9735102934478208,1.0448006802465677,1.0435876539641404
TWN,16,1.0490552277949892,1.0444625655536364,1.0435876539641404
TWN,17T18,1.0056168243950805,1.0436498155899498,1.0435876539641404
TWN,19,0.9184723886931858,1.0492241939337543,1.0435876539641404
TWN,20,0.922284103481548,1.0751208577824867,1.0435876539641404
TWN,21,1.0280632539830534,1.0305215627698747,1.0435876539641404
TWN,22,1.0282954452170368,1.0554807327350362,1.0435876539641404
TWN,23,0.969183389423235,1.0729412931615452,1.0435876539641404
TWN,24,0.7777303004582214,1.0935613846148384,1.0435876539641404
TWN,25,0.96371474418416,1.073273174982289,1.0435876539641404
TWN,26,1.0147048760972353,1.0373510897257063,1.0435876539641404
TWN,27,1.0193580823880364,1.0497650508111651,1.0435876539641404
TWN,28,0.992714250081693,1.0576364064299566,1.0435876539641404
TWN,29T30,1.0137104793053295,1.0412411568382776,1.0435876539641404
TWN,31T33,1.0128471003332913,1.0406356742394915,1.0435876539641404
TWN,35,0.6965429056830319,1.056503321208104,1.0435876539641404
TWN,36T39,0.9510533034635185,1.04127164543388,1.0435876539641404
TWN,41T43,1.0351440346448249,1.0593883296101811,1.0435876539641404
TWN,45T47,1.0140081900531934,1.0182667132942333,1.0435876539641404
TWN,49,0.9536516626241834,1.031686818223375,1.0435876539641404
TWN,50,0.8803754011850468,1.0506019521889771,1.0435876539641404
TWN,51,0.8866548862842556,1.0403564543696977,1.0435876539641404
TWN,52,0.9704542851384833,1.0223577614680763,1.0435876539641404
TWN,53,1.0189159456731125,1.0295409355135285,1.0435876539641404
TWN,55T56,1.0356372094236048,1.0284092821362882,1.0435876539641404
TWN,58T60,1.0160273044642885,1.0222066947718593,1.0435876539641404
TWN,61,1.0284057150549346,1.0198620137797854,1.0435876539641404
TWN,62T63,1.0137079695585276,1.015974734195433,1.0435876539641404
TWN,64T66,1.0270374998570877,1.012085929794429,1.0435876539641404
TWN,68,1.0385648406457941,1.0138973207462953,1.0435876539641404
TWN,69T75,1.0125548147201342,1.02039956860477,1.0435876539641404
TWN,77T82,1.0098004630560777,1.0172368362172453,1.0435876539641404
TWN,84,1.0412389756401854,1.016310309845449,1.0435876539641404
TWN,85,1.0428876165520415,1.0171462018447799,1.0435876539641404
TWN,86T88,1.0400810858851537,1.023115583846131,1.0435876539641404
TWN,90T93,1.033045982750143,1.0215785427760715,1.0435876539641404
TWN,94T98,1.0407477017491764,1.0197610951506582,1.0435876539641404
USA,01T02,0.9533905100344859,1.0514455751416523,1.0284082429032901
USA,03,1.0198129025673326,1.0196658995563928,1.0284082429032901
USA,05T06,0.9173714303169169,1.0309388714975234,1.0284082429032901
USA,07T08,1.0057213482911551,1.033034940054124,1.0284082429032901
USA,10T12,1.0196936859773156,1.0558037032103604,1.0284082429032901
USA,13T15,1.0083271611120843,1.0325750538516947,1.0284082429032901
USA,16,1.0398352884918312,1.0414212982018458,1.0284082429032901
USA,17T18,1.0209483239665889,1.033925605983323,1.0284082429032901
USA,19,0.9947226545339206,1.0547951826943107,1.0284082429032901
USA,20,0.9964427533959855,1.0388337562947667,1.0284082429032901
USA,21,1.0317479527787834,1.0225760356742954,1.0284082429032901
USA,22,1.039702472618723,1.0374879999475894,1.0284082429032901
USA,23,1.0008246323857453,1.038229502473563,1.0284082429032901
USA,24,1.0788797603328015,1.0464393361758633,1.0284082429032901
USA,25,1.0377827073403223,1.0352126432079927,1.0284082429032901
USA,26,1.0350341004919787,1.0200396176080406,1.0284082429032901
USA,27,1.0484508011664668,1.0302235668253683,1.0284082429032901
USA,28,1.0272268417114692,1.029463916433315,1.0284082429032901
USA,29T30,1.029215271842296,1.0288835310753963,1.0284082429032901
USA,31T33,1.0607507338854423,1.0266892865596013,1.0284082429032901
USA,35,0.7960734411292607,1.0340940067206374,1.0284082429032901
USA,36T39,1.0170630293796,1.022940948220113,1.0284082429032901
USA,41T43,1.0262352782376916,1.0291861344338442,1.0284082429032901
USA,45T47,1.017632185205187,1.0235556619084312,1.0284082429032901
USA,49,0.9903747847767764,1.0242777259096854,1.0284082429032901
USA,50,0.9760975974876143,1.0248553660324673,1.0284082429032901
USA,51,0.9541808295295043,1.0237269676749423,1.0284082429032901
USA,52,1.002021968755918,1.0310458168732088,1.0284082429032901
USA,53,1.0107941269689127,1.0255983638128927,1.0284082429032901
USA,55T56,1.024362054938807,1.0271129422792245,1.0284082429032901
USA,58T60,1.0233678682761993,1.0197759750471516,1.0284082429032901
USA,61,1.0227899808105545,1.0211914165812896,1.0284082429032901
USA,62T63,1.0172517639508292,1.0195924516880763,1.0284082429032901
USA,64T66,1.0189444157770327,1.019263479296049,1.0284082429032901
USA,68,1.0251529058012445,1.0248702536382686,1.0284082429032901
USA,69T75,1.0183956497270694,1.0207467315372534,1.0284082429032901
USA,77T82,1.0161699464310772,1.0210377535515012,1.0284082429032901
USA,84,1.0261909435056384,1.02384488398045,1.0284082429032901
USA,85,1.0270334715719673,1.0226817865578035,1.0284082429032901
USA,86T88,1.028219627383583,1.021281375783507,1.0284082429032901
USA,90T93,1.0258517244957313,1.0224221168675032,1.0284082429032901
USA,94T98,1.0268521738810457,1.0215532042970972,1.0284082429032901
VNM,01T02,0.9566947503583465,1.0475650745515455,1.04861080600587
VNM,03,1.0149420818680486,1.0392164785984324,1.04861080600587
VNM,05T06,0.862431866613912,1.0252678117341034,1.04861080600587
VNM,07T08,0.5170326667760662,1.06887576952453,1.04861080600587
VNM,10T12,1.001007323027868,1.076006048497041,1.04861080600587
VNM,13T15,1.034613745240242,1.0285129833109279,1.04861080600587
VNM,16,0.9193580862318276,1.09574732021689,1.04861080600587
VNM,17T18,0.9828169693686514,1.0440167255322061,1.04861080600587
VNM,19,0.8638762360760509,1.0557705525439753,1.04861080600587
VNM,20,0.9458363611759111,1.063732048118604,1.04861080600587
VNM,21,1.038951155722346,1.0219508257275083,1.04861080600587
VNM,22,1.0072178864630972,1.0613382967820808,1.04861080600587
VNM,23,0.6990019730953436,1.1092782976721964,1.04861080600587
VNM,24,0.8305405516199551,1.1030726356386835,1.04861080600587
VNM,25,0.8891370684191734,1.087768182443217,1.04861080600587
VNM,26,1.020950044907804,1.029876808955729,1.04861080600587
VNM,27,0.9911089037197072,1.0573921198487568,1.04861080600587
VNM,28,1.0165668950182865,1.036083518108903,1.04861080600587
VNM,29T30,1.026548844060104,1.038129383653115,1.04861080600587
VNM,31T33,0.9560332463832903,1.0561212195321126,1.04861080600587
VNM,35,0.5366672943782071,1.0437687628833938,1.04861080600587
VNM,36T39,1.0073405058621159,1.031769784322634,1.04861080600587
VNM,41T43,1.042823143202393,1.0903801497074235,1.04861080600587
VNM,45T47,1.0009696932619705,1.0145033539673025,1.04861080600587
VNM,49,0.9009846955467227,1.0341534912284323,1.04861080600587
VNM,50,0.7058628721798945,1.0389486177770975,1.04861080600587
VNM,51,0.8579327145063929,1.0390894182620933,1.04861080600587
VNM,52,0.9759854975779009,1.0097124773619544,1.04861080600587
VNM,53,1.0079492016842884,1.0167367619097214,1.04861080600587
VNM,55T56,1.0224832625080005,1.0415821060889572,1.04861080600587
VNM,58T60,1.0222529778250566,1.0174722660903814,1.04861080600587
VNM,61,1.0315971915512694,1.0236060067018986,1.04861080600587
VNM,62T63,1.0517993628628644,0.9946524005548921,1.04861080600587
VNM,64T66,1.0075244504148968,0.995560272503142,1.04861080600587
VNM,68,1.0351567006271893,1.0161689261422084,1.04861080600587
VNM,69T75,1.0036576932310501,1.0077704431214527,1.04861080600587
VNM,77T82,1.0154637851235793,1.0087084138364977,1.04861080600587
VNM,84,1.044586349902678,1.0118065654111508,1.04861080600587
VNM,85,1.0445062421052071,1.0006917328055234,1.04861080600587
VNM,86T88,1.0465375015484664,1.0090646000014143,1.04861080600587
VNM,90T93,1.047191366470355,1.0028023017216616,1.04861080600587
VNM,94T98,1.0409719779353277,1.0236263333567501,1.04861080600587
ZAF,01T02,0.8860668792868198,1.0107018933075678,0.9765210051102905
ZAF,03,1.006637338269091,0.9619007613988935,0.9765210051102905
ZAF,05T06,0.792845889070272,0.9928237445123737,0.9765210051102905
ZAF,07T08,0.7605717325836578,1.0238870418168196,0.9765210051102905
ZAF,10T12,1.0199185535445325,1.0184412808304102,0.9765210051102905
ZAF,13T15,1.0591892862221381,0.9980182615188494,0.9765210051102905
ZAF,16,1.0073346123790197,1.0099189360533172,0.9765210051102905
ZAF,17T18,1.0175104734859446,0.9884000070071756,0.9765210051102905
ZAF,19,0.8206918342958918,1.0142672837589555,0.9765210051102905
ZAF,20,0.9072237177982699,1.036914726701149,0.9765210051102905
ZAF,21,0.9941665756858973,1.0058525989543223,0.9765210051102905
ZAF,22,0.8363480055350562,1.0134938533286866,0.9765210051102905
ZAF,23,0.7750693337332744,1.035613904158859,0.9765210051102905
ZAF,24,0.24087440000871324,1.1222493551988988,0.9765210051102905
ZAF,25,0.8395423429831825,1.1061397098057542,0.9765210051102905
ZAF,26,1.0147799016501045,1.0016278670366687,0.9765210051102905
ZAF,27,0.9080286913613315,1.05707173370597,0.9765210051102905
ZAF,28,0.9697439788901803,1.0304484646373404,0.9765210051102905
ZAF,29T30,0.9713514710221886,1.0399803070178926,0.9765210051102905
ZAF,31T33,0.6457174233457491,1.0210942744610794,0.9765210051102905
ZAF,35,0.44555105707328424,1.0395831425727546,0.9765210051102905
ZAF,36T39,0.9511231031608022,0.9607407747128998,0.9765210051102905
ZAF,41T43,0.96950152221755,1.0096384681223378,0.9765210051102905
ZAF,45T47,0.9697003477034858,0.9563353044588606,0.9765210051102905
ZAF,49,0.9388048182310678,0.9697777225813483,0.9765210051102905
ZAF,50,0.37211051851024335,0.9671303470854724,0.9765210051102905
ZAF,51,0.9243557502743067,0.9836837661740343,0.9765210051102905
ZAF,52,0.8772638798764869,0.9803716433984875,0.9765210051102905
ZAF,53,0.9703888387605508,0.9633496073809593,0.9765210051102905
ZAF,55T56,1.0099025592264588,0.9636514238000644,0.9765210051102905
ZAF,58T60,0.9954264232322754,0.9661873589345218,0.9765210051102905
ZAF,61,0.9869015771261749,0.9699074814794121,0.9765210051102905
ZAF,62T63,0.9539676885395391,0.9691521134729506,0.9765210051102905
ZAF,64T66,0.9737022719807833,0.9409682162925604,0.9765210051102905
ZAF,68,0.9743804271277248,0.9557329546252054,0.9765210051102905
ZAF,69T75,0.9664713738032559,0.9623935151681599,0.9765210051102905
ZAF,77T82,0.9552336312228707,0.9673961903466929,0.9765210051102905
ZAF,84,0.9765407677013644,0.9514499209688154,0.9765210051102905
ZAF,85,0.9736149131169698,0.9425695074089753,0.9765210051102905
ZAF,86T88,0.972987695243534,0.9545180439752432,0.9765210051102905
ZAF,90T93,0.9337097168245135,0.9622578091777826,0.9765210051102905
ZAF,94T98,0.9709158619413745,0.9351640734526775,0.9765210051102905
