country,sector,output_hat,price_hat,spending_hat
ARG,01T02,0.7123843734055119,1.054791312433085,1.0203026650388107
ARG,03,1.0062984857687316,0.9938810671568168,1.0203026650388107
ARG,05T06,0.8426897295170689,1.0118274141995418,1.0203026650388107
ARG,07T08,1.00880579177186,0.9965747947173826,1.0203026650388107
ARG,10T12,0.9861456130554729,1.1088058683760311,1.0203026650388107
ARG,13T15,1.0241120355973925,1.0226021550782851,1.0203026650388107
ARG,16,1.0209166943184294,1.0142965025664787,1.0203026650388107
ARG,17T18,1.0289630343634844,1.0056659119368068,1.0203026650388107
ARG,19,0.9440156076233285,1.0703417727193991,1.0203026650388107
ARG,20,1.0064557447903477,1.0195490304486226,1.0203026650388107
ARG,21,1.0316232475132625,1.0023698857651957,1.0203026650388107
ARG,22,0.9759315399719701,1.0180334461900817,1.0203026650388107
ARG,23,0.9214921894742342,1.013946251375402,1.0203026650388107
ARG,24,0.9862083881415526,1.026406429415906,1.0203026650388107
ARG,25,1.049375118332106,1.015907830964906,1.0203026650388107
ARG,26,1.0330690895781813,1.0152745660661167,1.0203026650388107
ARG,27,1.0415395764082265,1.0193344105014586,1.0203026650388107
ARG,28,1.0341940503563034,1.0109614050423996,1.0203026650388107
ARG,29T30,1.0079942017129244,1.017062966836217,1.0203026650388107
ARG,31T33,1.0210070863456808,1.0037405462981166,1.0203026650388107
ARG,35,0.8845162495669036,1.042948410541009,1.0203026650388107
ARG,36T39,1.012245766866577,0.9987815019068301,1.0203026650388107
ARG,41T43,1.0147741880444179,1.0066981777995334,1.0203026650388107
ARG,45T47,1.006992265638156,0.9899737422532692,1.0203026650388107
ARG,49,0.972535122121753,1.000855395710864,1.0203026650388107
ARG,50,0.9233442018013048,1.0023642429796233,1.0203026650388107
ARG,51,0.9260736142093552,1.0242643967260396,1.0203026650388107
ARG,52,0.9892308364021972,1.0064791357163132,1.0203026650388107
ARG,53,1.0284550339798804,0.9960708452194422,1.0203026650388107
ARG,55T56,1.0214594393937697,1.0177862352941451,1.0203026650388107
ARG,58T60,1.0300342162570848,0.9951564075517911,1.0203026650388107
ARG,61,1.0238425576495969,0.9931242692465456,1.0203026650388107
ARG,62T63,1.0361511870269935,0.9933577782822702,1.0203026650388107
ARG,64T66,1.014507257317021,0.9891087169987058,1.0203026650388107
ARG,68,1.0228176649712186,0.9849810307076479,1.0203026650388107
ARG,69T75,1.0214109514013936,0.9916773459653329,1.0203026650388107
ARG,77T82,1.0086499208996131,0.9890044301451513,1.0203026650388107
ARG,84,1.0195387191029235,0.9917801116158468,1.0203026650388107
ARG,85,1.0205023258847223,0.9886908992993919,1.0203026650388107
ARG,86T88,1.0200940049487712,0.9898252441016806,1.0203026650388107
ARG,90T93,1.025062926089861,0.9953364588048564,1.0203026650388107
ARG,94T98,1.0193195607139458,0.9927130638215995,1.0203026650388107
AUS,01T02,0.7742938705488918,1.0424214198005024,1.0137513579867587
AUS,03,0.9817061718864297,1.0443416064695463,1.0137513579867587
AUS,05T06,0.877970827171901,1.0073761833958115,1.0137513579867587
AUS,07T08,1.0453169888596123,1.0127616769142243,1.0137513579867587
AUS,10T12,0.9843108818268329,1.0813446963286184,1.0137513579867587
AUS,13T15,0.9490626051946478,1.0515966190193915,1.0137513579867587
AUS,16,1.0189752998670532,1.0432554481095855,1.0137513579867587
AUS,17T18,1.0161121818102998,1.0216889205705328,1.0137513579867587
AUS,19,0.8215311285148923,1.0294139136774132,1.0137513579867587
AUS,20,0.9123213051308828,1.0329701960034938,1.0137513579867587
AUS,21,0.9993376861429429,1.0220932329818617,1.0137513579867587
AUS,22,1.0612257968779646,1.031522477362762,1.0137513579867587
AUS,23,0.992749122974298,1.0239576546370874,1.0137513579867587
AUS,24,1.162928720781704,1.036969642335585,1.0137513579867587
AUS,25,1.0337958462260697,1.0308210028823035,1.0137513579867587
AUS,26,1.0369599331560004,1.0102187013574593,1.0137513579867587
AUS,27,1.0581998081217807,1.0190407553061192,1.0137513579867587
AUS,28,1.0326649871389382,1.0177532684038075,1.0137513579867587
AUS,29T30,1.0344604581422,1.0215781617249569,1.0137513579867587
AUS,31T33,1.0281678156398657,1.014923993063014,1.0137513579867587
AUS,35,0.7610368797368552,1.0897894741628809,1.0137513579867587
AUS,36T39,0.9941964920835504,1.0065464830181912,1.0137513579867587
AUS,41T43,1.0050787578286813,1.0164677802653252,1.0137513579867587
AUS,45T47,1.0017407267681853,1.0089815606149053,1.0137513579867587
AUS,49,0.965208722085945,1.0143507378130991,1.0137513579867587
AUS,50,0.9753487488557387,1.0128447039256243,1.0137513579867587
AUS,51,0.9585022198896783,1.0164615702594109,1.0137513579867587
AUS,52,0.9960533878754281,1.0044331647645706,1.0137513579867587
AUS,53,0.9932479702963222,1.0129196937283922,1.0137513579867587
AUS,55T56,1.0171074853834075,1.0178040657352025,1.0137513579867587
AUS,58T60,1.0223135946952935,1.0045839662802114,1.0137513579867587
AUS,61,1.0106899506072093,1.004972909367715,1.0137513579867587
AUS,62T63,1.0079795881169096,0.9990147263752646,1.0137513579867587
AUS,64T66,0.9967252464119543,0.9955331714813014,1.0137513579867587
AUS,68,1.0115406610515296,0.9957566473525504,1.0137513579867587
AUS,69T75,1.0002597180245352,1.0004675831790542,1.0137513579867587
AUS,77T82,0.9999569251845459,1.0026675203973592,1.0137513579867587
AUS,84,1.0114901823174247,1.0064698270569972,1.0137513579867587
AUS,85,1.016488329081236,0.9989518530654563,1.0137513579867587
AUS,86T88,1.013760585351698,0.9998773672419843,1.0137513579867587
AUS,90T93,1.01499890182708,1.0007674737502954,1.0137513579867587
AUS,94T98,1.011866084645018,0.9998966218078608,1.0137513579867587
AUT,01T02,1.018203844804644,1.0482385956610567,1.042322983125922
AUT,03,1.0263242118498668,1.0387788469793893,1.042322983125922
AUT,05T06,0.8167942272463393,1.0410065225972311,1.042322983125922
AUT,07T08,0.988475345664285,1.0445366141207588,1.042322983125922
AUT,10T12,1.0518256947312214,1.0481039374013683,1.042322983125922
AUT,13T15,1.0140798945777623,1.0352067692075162,1.042322983125922
AUT,16,1.0301865981704694,1.0494460003358093,1.042322983125922
AUT,17T18,0.9802756311221387,1.044020382959902,1.042322983125922
AUT,19,1.0074257049966673,1.0591251408550018,1.042322983125922
AUT,20,1.0289390184140828,1.049008646129787,1.042322983125922
AUT,21,1.017064627710968,1.0356184219554267,1.042322983125922
AUT,22,1.0644347499080415,1.0415229732877846,1.042322983125922
AUT,23,1.031779793885836,1.0443088938667962,1.042322983125922
AUT,24,1.0400306830919097,1.056130946397507,1.042322983125922
AUT,25,1.0326642833487987,1.0446259033911798,1.042322983125922
AUT,26,1.0281114941486544,1.034625726135861,1.042322983125922
AUT,27,1.0379165005519464,1.0389544766764631,1.042322983125922
AUT,28,1.0289314850854987,1.0374749795563731,1.042322983125922
AUT,29T30,1.0265802404903375,1.0375669671119654,1.042322983125922
AUT,31T33,1.040853926021295,1.041186650497403,1.042322983125922
AUT,35,1.0360072593217817,1.0601310645045818,1.042322983125922
AUT,36T39,1.0321245322355244,1.0341630096569483,1.042322983125922
AUT,41T43,1.0359031486628751,1.0387903987566667,1.042322983125922
AUT,45T47,1.0207910546703323,1.0321922817047384,1.042322983125922
AUT,49,1.00286720223961,1.0347607370485388,1.042322983125922
AUT,50,1.0492355051314999,1.0372370708932002,1.042322983125922
AUT,51,0.9970910013626381,1.0350969085361474,1.042322983125922
AUT,52,1.0170883275538314,1.032055602411752,1.042322983125922
AUT,53,1.0224134422943223,1.0310465601939278,1.042322983125922
AUT,55T56,1.0372426943903261,1.0340915847068717,1.042322983125922
AUT,58T60,1.0107876359872723,1.0330170084392247,1.042322983125922
AUT,61,1.018026322403768,1.0306053142727434,1.042322983125922
AUT,62T63,1.003948019168915,1.028404455531801,1.042322983125922
AUT,64T66,1.0177741887850602,1.0297291699219877,1.042322983125922
AUT,68,1.0370181838278207,1.0314934448512907,1.042322983125922
AUT,69T75,1.0158071065762155,1.0310192311700812,1.042322983125922
AUT,77T82,1.0260554438043465,1.031603723219348,1.042322983125922
AUT,84,1.0409564242616922,1.0317814067333007,1.042322983125922
AUT,85,1.0405427113996935,1.031213520553649,1.042322983125922
AUT,86T88,1.0415211466849241,1.0325935473968855,1.042322983125922
AUT,90T93,1.0363792239785552,1.0321110788415666,1.042322983125922
AUT,94T98,1.0384406619087176,1.0320155834749136,1.042322983125922
BEL,01T02,0.9785532416094654,1.0494695052964569,1.0378421787526344
BEL,03,1.024552712291892,1.0340485547728469,1.0378421787526344
BEL,05T06,0.0085401042307408,1.1350173164486004,1.0378421787526344
BEL,07T08,0.9884676072887723,1.0341106677584182,1.0378421787526344
BEL,10T12,1.0294921875112604,1.0538097050436763,1.0378421787526344
BEL,13T15,1.0077341164891829,1.0355721378552638,1.0378421787526344
BEL,16,1.0498378147425114,1.04365221683217,1.0378421787526344
BEL,17T18,1.019349760769281,1.0394276416249175,1.0378421787526344
BEL,19,1.0050439740249502,1.0531582299234532,1.0378421787526344
BEL,20,0.9946799275361852,1.0430017465422858,1.0378421787526344
BEL,21,1.0187684807069814,1.030206090689704,1.0378421787526344
BEL,22,1.055212632160914,1.046131999555902,1.0378421787526344
BEL,23,1.0007677193356852,1.037855726550227,1.0378421787526344
BEL,24,1.1636685599062608,1.054366734682162,1.0378421787526344
BEL,25,1.0403743871459796,1.042320978581972,1.0378421787526344
BEL,26,1.0289291577720723,1.0332006504983062,1.0378421787526344
BEL,27,1.0341581618825222,1.0409444050920171,1.0378421787526344
BEL,28,1.0286621345787534,1.0371256859797775,1.0378421787526344
BEL,29T30,1.0339486144665737,1.0345405699620656,1.0378421787526344
BEL,31T33,1.0693389484571185,1.031917924208267,1.0378421787526344
BEL,35,0.9826712802047173,1.0434068093358195,1.0378421787526344
BEL,36T39,1.0625279729388157,1.0325362709286692,1.0378421787526344
BEL,41T43,1.0333715639764431,1.0362823371601189,1.0378421787526344
BEL,45T47,1.0203578641517885,1.0290324079931619,1.0378421787526344
BEL,49,1.0205919598332287,1.0320116908136494,1.0378421787526344
BEL,50,0.7241100663127206,1.0459472138460792,1.0378421787526344
BEL,51,1.0068649432277315,1.0417808087503253,1.0378421787526344
BEL,52,1.0007172797900785,1.032910268788888,1.0378421787526344
BEL,53,1.0109463873918083,1.0331138620502658,1.0378421787526344
BEL,55T56,1.0302952697077494,1.0350148784886632,1.0378421787526344
BEL,58T60,1.0092831748241269,1.0278899614623211,1.0378421787526344
BEL,61,1.013989549368286,1.0258039155883052,1.0378421787526344
BEL,62T63,1.0108776521933285,1.0267991318675698,1.0378421787526344
BEL,64T66,1.0133643746289807,1.0221234056215351,1.0378421787526344
BEL,68,1.0332325573967018,1.0261563171327563,1.0378421787526344
BEL,69T75,1.015761608019346,1.0268506411434872,1.0378421787526344
BEL,77T82,1.0170723372398427,1.0302489484927564,1.0378421787526344
BEL,84,1.0371299534901086,1.02668451884842,1.0378421787526344
BEL,85,1.0366027797478143,1.0259684703247063,1.0378421787526344
BEL,86T88,1.0374524926974735,1.028886813317452,1.0378421787526344
BEL,90T93,1.0311330255968236,1.029458576754786,1.0378421787526344
BEL,94T98,1.0331450784256901,1.0288118882768298,1.0378421787526344
BGR,01T02,0.7865786246883535,1.0429936246395806,1.0446555900863967
BGR,03,1.017293737964409,1.0508992356907199,1.0446555900863967
BGR,05T06,0.8806591147430731,1.0639665819120665,1.0446555900863967
BGR,07T08,0.9719996719677266,1.0380132359513181,1.0446555900863967
BGR,10T12,1.0287235463204472,1.0548757610174053,1.0446555900863967
BGR,13T15,1.050330586482042,1.0242938814953932,1.0446555900863967
BGR,16,0.978337230365016,1.062301474212155,1.0446555900863967
BGR,17T18,1.0017955945933645,1.0382906723268415,1.0446555900863967
BGR,19,0.9382681848737078,1.0424996912302682,1.0446555900863967
BGR,20,0.6402320584971963,1.0594063312631274,1.0446555900863967
BGR,21,0.7527029756497526,1.0523354340171296,1.0446555900863967
BGR,22,1.0855243444610498,1.0395131922736736,1.0446555900863967
BGR,23,0.7809362804954858,1.057177055982277,1.0446555900863967
BGR,24,1.209996899334735,1.0650808506993812,1.0446555900863967
BGR,25,1.0454827664364568,1.0371533257485974,1.0446555900863967
BGR,26,1.036922711702594,1.028195759864991,1.0446555900863967
BGR,27,1.0394039899633043,1.0381870606115065,1.0446555900863967
BGR,28,1.028357542654915,1.0360115727950072,1.0446555900863967
BGR,29T30,1.0414253414332264,1.0306308514010314,1.0446555900863967
BGR,31T33,1.0843677118680448,1.0250229148672345,1.0446555900863967
BGR,35,0.6773847537641653,1.0315522506823056,1.0446555900863967
BGR,36T39,1.025147186421457,1.0492236889866267,1.0446555900863967
BGR,41T43,1.0296968793283683,1.039252502885207,1.0446555900863967
BGR,45T47,1.0106054027832956,1.0185418261428756,1.0446555900863967
BGR,49,0.9386207973425063,1.0283083405448195,1.0446555900863967
BGR,50,0.9016425246070602,1.0327601782746274,1.0446555900863967
BGR,51,1.0871521479334287,1.0314219854273874,1.0446555900863967
BGR,52,0.9947047077584453,1.02624554460676,1.0446555900863967
BGR,53,1.0213093897891456,1.0141739118372421,1.0446555900863967
BGR,55T56,1.0292703860676962,1.0251917741119263,1.0446555900863967
BGR,58T60,1.0472529515019684,1.008412555693744,1.0446555900863967
BGR,61,1.0331328629439382,1.0172982970922761,1.0446555900863967
BGR,62T63,1.0307252969155345,1.0074914495224168,1.0446555900863967
BGR,64T66,1.0178870461582303,1.00551897197851,1.0446555900863967
BGR,68,1.037475776302066,1.011593273367603,1.0446555900863967
BGR,69T75,1.0286320950546601,1.0094229039267892,1.0446555900863967
BGR,77T82,1.0243381562651435,1.0145703850163046,1.0446555900863967
BGR,84,1.0426385482749387,1.012070812942552,1.0446555900863967
BGR,85,1.0428089707624444,1.0023272763913729,1.0446555900863967
BGR,86T88,1.0407611340296206,1.0149333157879161,1.0446555900863967
BGR,90T93,1.0365996000315496,1.0129198494020375,1.0446555900863967
BGR,94T98,1.0315820750974312,1.019574660190698,1.0446555900863967
BRA,01T02,0.44775825010611936,1.009538570356953,0.9896239929864735
BRA,03,0.9868435827162101,0.9644025235592845,0.9896239929864735
BRA,05T06,0.8599358592512066,0.9867693514755276,0.9896239929864735
BRA,07T08,1.0223633984372213,0.9783048133306983,0.9896239929864735
BRA,10T12,0.9370124268231466,1.1279176198706489,0.9896239929864735
BRA,13T15,1.0215555774616167,0.9961018348918456,0.9896239929864735
BRA,16,1.0201228401525366,1.0220986215440273,0.9896239929864735
BRA,17T18,1.0065527314039524,1.0093661308534991,0.9896239929864735
BRA,19,0.9122451899519501,1.037917581042012,0.9896239929864735
BRA,20,0.8711201665792848,1.0413658260045167,0.9896239929864735
BRA,21,1.0063425167239726,0.9760988062288435,0.9896239929864735
BRA,22,1.0073580740189787,1.0095940224774786,0.9896239929864735
BRA,23,0.8185558908649675,0.9998295925962243,0.9896239929864735
BRA,24,0.917722475930248,1.0111253204762576,0.9896239929864735
BRA,25,1.0062261838290183,1.006745233256964,0.9896239929864735
BRA,26,1.0241573500142735,0.9850331967335408,0.9896239929864735
BRA,27,1.0271365873948846,1.0003457827161624,0.9896239929864735
BRA,28,1.0313753064127795,0.9908324710008054,0.9896239929864735
BRA,29T30,1.045803843068025,0.9942730345888338,0.9896239929864735
BRA,31T33,1.0087034399343395,0.9864997228204213,0.9896239929864735
BRA,35,0.9189304241764473,0.9862191944815314,0.9896239929864735
BRA,36T39,0.9809680023195845,0.9707082847445452,0.9896239929864735
BRA,41T43,0.9874476752861069,0.9929759725597821,0.9896239929864735
BRA,45T47,0.9883773062575374,0.9691973553020372,0.9896239929864735
BRA,49,0.9413432879951598,0.985916606284234,0.9896239929864735
BRA,50,0.9022872815437308,0.9868905600678624,0.9896239929864735
BRA,51,0.9363011714294295,0.9932044930570849,0.9896239929864735
BRA,52,1.0015205493920525,0.969150673358011,0.9896239929864735
BRA,53,0.9881679463676312,0.9676752636004504,0.9896239929864735
BRA,55T56,0.9964428798160174,1.0006795122995231,0.9896239929864735
BRA,58T60,1.0372877673679621,0.9816006171078938,0.9896239929864735
BRA,61,0.9960822043589572,0.9658509760094649,0.9896239929864735
BRA,62T63,1.0290695666250689,0.963087739305948,0.9896239929864735
BRA,64T66,0.983481260836134,0.9613303415095182,0.9896239929864735
BRA,68,0.9924953726074921,0.958377620958223,0.9896239929864735
BRA,69T75,1.0091816096311126,0.9645435111192492,0.9896239929864735
BRA,77T82,0.9978948158573443,0.9664957328605988,0.9896239929864735
BRA,84,0.9899684610914836,0.9627779376209369,0.9896239929864735
BRA,85,0.9902064148296749,0.9617268259741492,0.9896239929864735
BRA,86T88,0.9902116340673688,0.9672184268300702,0.9896239929864735
BRA,90T93,1.0058222472609517,0.9676119712491333,0.9896239929864735
BRA,94T98,0.9892264013784102,0.9764594296230673,0.9896239929864735
BRN,01T02,0.7362172907975754,0.9965980093073166,0.973587068016358
BRN,03,1.0255981552127365,0.9785053702272546,0.973587068016358
BRN,05T06,0.9022215710204231,0.9631574002676936,0.973587068016358
BRN,07T08,1.1674569053814052,0.9477375512350961,0.973587068016358
BRN,10T12,1.107290537538564,1.020423699786942,0.973587068016358
BRN,13T15,1.0599872089586515,1.0134522879451338,0.973587068016358
BRN,16,1.1201634848333428,0.9972525086569872,0.973587068016358
BRN,17T18,0.9843566810604337,1.0030184923298844,0.973587068016358
BRN,19,0.9383307127045951,0.9855827403375621,0.973587068016358
BRN,20,1.2214006864833324,0.9981776215881929,0.973587068016358
BRN,21,1.0676242866810208,1.003455536145255,0.973587068016358
BRN,22,0.34591244734270554,1.0289755386631636,0.973587068016358
BRN,23,0.9536117487028309,1.0019176840422424,0.973587068016358
BRN,24,2.010972932621651,0.9716970576623173,0.973587068016358
BRN,25,0.9370934601290174,1.0374272809702116,0.973587068016358
BRN,26,1.0086579478058981,1.0034977080368517,0.973587068016358
BRN,27,1.0868885460171265,0.9981200922901358,0.973587068016358
BRN,28,1.0202810359731307,1.0011679399586915,0.973587068016358
BRN,29T30,1.0347893882257526,0.9933109268830693,0.973587068016358
BRN,31T33,0.25470865591031727,1.0247556996296119,0.973587068016358
BRN,35,0.5043750315033366,0.9871427945082358,0.973587068016358
BRN,36T39,0.9690920843683184,0.9692184478080568,0.973587068016358
BRN,41T43,0.9644544690394208,1.0100132572475111,0.973587068016358
BRN,45T47,0.9830064465388295,0.9824258672094867,0.973587068016358
BRN,49,0.9572566348752496,0.9812971417057078,0.973587068016358
BRN,50,0.8133224666117218,0.9806108856503144,0.973587068016358
BRN,51,0.9358183271341587,0.9670141270474981,0.973587068016358
BRN,52,1.0555982453298314,0.9785990627378702,0.973587068016358
BRN,53,1.0213832066384023,0.9963494991514271,0.973587068016358
BRN,55T56,1.0053742983587701,1.013325589531065,0.973587068016358
BRN,58T60,1.0686946727749558,0.9679794784928009,0.973587068016358
BRN,61,0.9626760872419499,0.9853738047007635,0.973587068016358
BRN,62T63,1.0296042387121653,0.9828971760894989,0.973587068016358
BRN,64T66,0.9807623527781649,0.9580139131423112,0.973587068016358
BRN,68,1.0032207937590882,0.9511304162942922,0.973587068016358
BRN,69T75,0.9903600626022542,0.9783231043690767,0.973587068016358
BRN,77T82,0.9701768630305913,0.9974706304733049,0.973587068016358
BRN,84,0.9733142294337361,0.981348593378403,0.973587068016358
BRN,85,0.9747268089466112,0.9745329871414311,0.973587068016358
BRN,86T88,0.9718598620543826,0.9871116868832113,0.973587068016358
BRN,90T93,0.9636847515560607,1.0425328657304052,0.973587068016358
BRN,94T98,1.0267688061616689,0.967582016085212,0.973587068016358
CAN,01T02,0.7137546133262792,1.0564186013185788,1.016332990784644
CAN,03,0.9920543717402382,1.0216974413111612,1.016332990784644
CAN,05T06,0.8491656895245542,1.017239524869248,1.016332990784644
CAN,07T08,1.0226362380562222,1.0167834789377366,1.016332990784644
CAN,10T12,0.988654388450024,1.0721735781982378,1.016332990784644
CAN,13T15,1.0702895995053083,1.0170600244756551,1.016332990784644
CAN,16,0.9196116558099032,1.0857511504020474,1.016332990784644
CAN,17T18,0.9862796830967068,1.036434450865759,1.016332990784644
CAN,19,0.8485308955237171,1.0621920121112856,1.016332990784644
CAN,20,0.9261201416732058,1.0356184242477462,1.016332990784644
CAN,21,1.01975681276969,1.0182006669692034,1.016332990784644
CAN,22,1.0119013024405097,1.0308245665249667,1.016332990784644
CAN,23,0.9746691362178356,1.0352397759431964,1.016332990784644
CAN,24,1.0933498238917814,1.0459096609271321,1.016332990784644
CAN,25,1.068848379795453,1.0276936453132803,1.016332990784644
CAN,26,1.0422966904466255,1.0134749295252337,1.016332990784644
CAN,27,1.0508908273791446,1.0279286415101216,1.016332990784644
CAN,28,1.035894749605232,1.0210503674551692,1.016332990784644
CAN,29T30,1.0447784742903585,1.023175298630088,1.016332990784644
CAN,31T33,1.0298870523334294,1.0198449428271532,1.016332990784644
CAN,35,0.9290835193073269,1.006776573203811,1.016332990784644
CAN,36T39,1.0074550316640922,1.008566540447982,1.016332990784644
CAN,41T43,1.0073297640155459,1.022753870021693,1.016332990784644
CAN,45T47,1.0199243078608402,1.0049998277865768,1.016332990784644
CAN,49,0.9370617141922002,1.017276701052831,1.016332990784644
CAN,50,0.8460738879751357,1.0397138862714885,1.016332990784644
CAN,51,0.8243415618726043,1.0210395852244005,1.016332990784644
CAN,52,0.9800736646816638,1.0143857848123479,1.016332990784644
CAN,53,1.012605357789845,1.0148110991738102,1.016332990784644
CAN,55T56,1.0185679118156736,1.0210443768130433,1.016332990784644
CAN,58T60,1.031344613045232,1.008809586656453,1.016332990784644
CAN,61,1.0144253521391045,1.0048701721722986,1.016332990784644
CAN,62T63,1.0186592398918117,1.003830007999502,1.016332990784644
CAN,64T66,1.00934392099277,1.0035908766835568,1.016332990784644
CAN,68,1.016464966750228,1.0015177340475283,1.016332990784644
CAN,69T75,1.0068225179660977,1.005529225987989,1.016332990784644
CAN,77T82,1.0035096137073618,1.0070004244928994,1.016332990784644
CAN,84,1.015860917850951,1.00649916007741,1.016332990784644
CAN,85,1.0186290694092233,1.003790614706093,1.016332990784644
CAN,86T88,1.016311020458484,1.0049712953984142,1.016332990784644
CAN,90T93,1.0192371767576336,1.0098740709044824,1.016332990784644
CAN,94T98,1.0137082292950512,1.008790238948039,1.016332990784644
CHE,01T02,1.0776642164603292,1.0472935276766757,1.0442046146696498
CHE,03,1.0053574574915343,1.0269193392835094,1.0442046146696498
CHE,05T06,0.974854966148898,1.040590003530727,1.0442046146696498
CHE,07T08,1.0679209410457475,1.039901093374656,1.0442046146696498
CHE,10T12,1.0495719499835257,1.0490530474454796,1.0442046146696498
CHE,13T15,1.0191304869512847,1.0342770714828224,1.0442046146696498
CHE,16,1.0670425287804781,1.0394537068114835,1.0442046146696498
CHE,17T18,1.0286443842074542,1.0381492768559586,1.0442046146696498
CHE,19,1.03989415005408,1.0485048659237104,1.0442046146696498
CHE,20,1.0771101627671078,1.0414539443940232,1.0442046146696498
CHE,21,1.0283800972617654,1.0358588917344282,1.0442046146696498
CHE,22,1.0677205076538492,1.041021909177546,1.0442046146696498
CHE,23,1.0394285552639557,1.0461619795797963,1.0442046146696498
CHE,24,1.3357573474638373,1.0500999107416584,1.0442046146696498
CHE,25,1.053303986558474,1.0391607534904872,1.0442046146696498
CHE,26,1.0241482671655115,1.0364585666650046,1.0442046146696498
CHE,27,1.0374291542454783,1.0405152812606087,1.0442046146696498
CHE,28,1.0279490210613647,1.0375757292173655,1.0442046146696498
CHE,29T30,1.0234687173995445,1.0364519499801574,1.0442046146696498
CHE,31T33,1.0792323207551342,1.0374949089028402,1.0442046146696498
CHE,35,1.0872415124615258,1.0401077333002957,1.0442046146696498
CHE,36T39,1.047073226534461,1.0368150770684061,1.0442046146696498
CHE,41T43,1.0423204052282133,1.0391445213192658,1.0442046146696498
CHE,45T47,1.0195745996972703,1.0362898417762019,1.0442046146696498
CHE,49,1.034589898446312,1.0382548378939724,1.0442046146696498
CHE,50,1.0399649614880808,1.046331302032335,1.0442046146696498
CHE,51,0.9900957343956199,1.042651011370996,1.0442046146696498
CHE,52,1.005774414179204,1.0405359168506874,1.0442046146696498
CHE,53,1.0225987276545958,1.034067939032202,1.0442046146696498
CHE,55T56,1.0273673206976146,1.038366175367242,1.0442046146696498
CHE,58T60,0.9944928500294385,1.0329780638824388,1.0442046146696498
CHE,61,1.024688635427221,1.0324595773218133,1.0442046146696498
CHE,62T63,1.0013209572416069,1.0292192265816043,1.0442046146696498
CHE,64T66,1.0101870033504112,1.0315626575631036,1.0442046146696498
CHE,68,1.0393818859892892,1.032474928642127,1.0442046146696498
CHE,69T75,1.0225450133954308,1.032767351029895,1.0442046146696498
CHE,77T82,1.0276865679371119,1.0333906287177894,1.0442046146696498
CHE,84,1.0395651653693696,1.0338948024170658,1.0442046146696498
CHE,85,1.0347936980878458,1.0356749367960125,1.0442046146696498
CHE,86T88,1.0432404886172353,1.0339160796011981,1.0442046146696498
CHE,90T93,1.0294201467285478,1.0335821587248692,1.0442046146696498
CHE,94T98,1.0382600486894984,1.0331371723935936,1.0442046146696498
CHL,01T02,1.0446619353265438,1.0597699922741695,1.0619147965852413
CHL,03,1.0456034372997143,1.0536078307669128,1.0619147965852413
CHL,05T06,0.614059714785764,1.0497388661409817,1.0619147965852413
CHL,07T08,0.9280816142782352,1.057253145149542,1.0619147965852413
CHL,10T12,1.051746439922741,1.0638220767647715,1.0619147965852413
CHL,13T15,0.9863376759622279,1.0510478830829313,1.0619147965852413
CHL,16,1.0018699059630496,1.0688357955241512,1.0619147965852413
CHL,17T18,0.9493525066600004,1.069870810191528,1.0619147965852413
CHL,19,0.9736905711405226,1.0866093754837682,1.0619147965852413
CHL,20,0.9968395438545291,1.0670524777730421,1.0619147965852413
CHL,21,1.0242324311777657,1.050837366812211,1.0619147965852413
CHL,22,0.9143224202581408,1.0631616911016144,1.0619147965852413
CHL,23,0.9751138966464118,1.0813998123824708,1.0619147965852413
CHL,24,1.3257725577234494,1.0647584346143801,1.0619147965852413
CHL,25,1.0356320217455943,1.0623356151848862,1.0619147965852413
CHL,26,1.0403972780984816,1.0506432136233694,1.0619147965852413
CHL,27,1.0139808232741867,1.0605629289781384,1.0619147965852413
CHL,28,1.0137982408978214,1.0593789629910357,1.0619147965852413
CHL,29T30,1.0053557876346373,1.0521083215694305,1.0619147965852413
CHL,31T33,0.9884704027232223,1.0536708080173842,1.0619147965852413
CHL,35,0.8962730250741298,1.1147359354319206,1.0619147965852413
CHL,36T39,1.0521078960626342,1.0525941416086018,1.0619147965852413
CHL,41T43,1.055427631308347,1.0567500147650553,1.0619147965852413
CHL,45T47,1.0210258115851147,1.047972235191855,1.0619147965852413
CHL,49,0.9867087570085797,1.0547642957429555,1.0619147965852413
CHL,50,0.7930801208410597,1.0524002496330278,1.0619147965852413
CHL,51,0.8108375338856576,1.0515110889777526,1.0619147965852413
CHL,52,1.0013824409425802,1.0467888249602724,1.0619147965852413
CHL,53,1.022442083076018,1.0525346316387945,1.0619147965852413
CHL,55T56,1.042376813925571,1.053031239340712,1.0619147965852413
CHL,58T60,1.0178625639703647,1.0486885579313414,1.0619147965852413
CHL,61,1.0481884849273733,1.049106905329931,1.0619147965852413
CHL,62T63,1.0193545498036338,1.043291694122114,1.0619147965852413
CHL,64T66,1.0360352525703218,1.0431535242474648,1.0619147965852413
CHL,68,1.0485970065940338,1.043817432179743,1.0619147965852413
CHL,69T75,1.03851901158526,1.043500560851239,1.0619147965852413
CHL,77T82,1.01824679534186,1.043745701798964,1.0619147965852413
CHL,84,1.0589626936854917,1.0460751804019945,1.0619147965852413
CHL,85,1.0605762040879934,1.0447367108115375,1.0619147965852413
CHL,86T88,1.060496611996021,1.0464465391791145,1.0619147965852413
CHL,90T93,1.0496298307516543,1.0438389850340277,1.0619147965852413
CHL,94T98,1.0472451873915383,1.0450188767929247,1.0619147965852413
CHN,01T02,0.9765133341444603,1.0374439089049268,1.0406926285266769
CHN,03,1.0243795778456914,1.0222131211000318,1.0406926285266769
CHN,05T06,0.7820804733285205,1.0568939555185881,1.0406926285266769
CHN,07T08,0.7959075236437184,1.0755202949351321,1.0406926285266769
CHN,10T12,1.0169042987200418,1.0498636565721382,1.0406926285266769
CHN,13T15,0.9975012445000656,1.0402489772507557,1.0406926285266769
CHN,16,0.9922979202296901,1.0552890040852643,1.0406926285266769
CHN,17T18,0.9971869405211387,1.047072106893621,1.0406926285266769
CHN,19,0.8755018226390533,1.0480386070367937,1.0406926285266769
CHN,20,0.9240105997045347,1.0674786620886865,1.0406926285266769
CHN,21,1.001076426839658,1.0371588071589994,1.0406926285266769
CHN,22,0.9652183470260548,1.06274612908621,1.0406926285266769
CHN,23,0.8944057193229366,1.0810657313460619,1.0406926285266769
CHN,24,0.8461451685256222,1.0978516541075207,1.0406926285266769
CHN,25,0.9784455389384633,1.0822829455211926,1.0406926285266769
CHN,26,1.0126754963219027,1.037987855981704,1.0406926285266769
CHN,27,0.9839494119139055,1.0697060353222747,1.0406926285266769
CHN,28,0.993002110342384,1.0606551173985153,1.0406926285266769
CHN,29T30,1.0192229879645638,1.043408769111058,1.0406926285266769
CHN,31T33,0.9826209588642685,1.0430895818540973,1.0406926285266769
CHN,35,0.6712795346103491,1.1179155270210261,1.0406926285266769
CHN,36T39,0.9614154615952402,1.0452280435351144,1.0406926285266769
CHN,41T43,1.0375550279479235,1.0768335839476995,1.0406926285266769
CHN,45T47,1.0086998419403765,1.0022576830876522,1.0406926285266769
CHN,49,0.973287444291955,1.0265551610848984,1.0406926285266769
CHN,50,0.810938081771085,1.0458918459251048,1.0406926285266769
CHN,51,0.9503919943691465,1.0311088200824892,1.0406926285266769
CHN,52,0.9528546934863622,1.0314943932429197,1.0406926285266769
CHN,53,0.9874920842469321,1.0179741124145312,1.0406926285266769
CHN,55T56,1.0177634750222146,1.025359106316133,1.0406926285266769
CHN,58T60,1.0331716268411926,1.012797091645829,1.0406926285266769
CHN,61,1.0220130686136697,1.016674681375616,1.0406926285266769
CHN,62T63,1.034255073097769,0.9972439815768821,1.0406926285266769
CHN,64T66,0.9939726496094546,0.9891120084813836,1.0406926285266769
CHN,68,1.0338030026429088,0.9903275658210889,1.0406926285266769
CHN,69T75,1.0078734251142778,1.0153394080395237,1.0406926285266769
CHN,77T82,0.9999316433090677,1.0138622030863806,1.0406926285266769
CHN,84,1.0400941034561977,0.9987350982605355,1.0406926285266769
CHN,85,1.0412987546653418,0.997121339851814,1.0406926285266769
CHN,86T88,1.0394968421317679,1.0055767498568995,1.0406926285266769
CHN,90T93,1.035843795577539,1.0002514540832674,1.0406926285266769
CHN,94T98,1.031606190860764,1.0036690725867652,1.0406926285266769
COL,01T02,0.6599214730349395,1.0160144350420584,1.0147145294373277
COL,03,1.0137906372909247,1.0371218857711033,1.0147145294373277
COL,05T06,0.9053076460940545,1.0055855736510604,1.0147145294373277
COL,07T08,0.9632383167499305,0.9965722046405697,1.0147145294373277
COL,10T12,0.9641508018944083,1.1051871423045856,1.0147145294373277
COL,13T15,1.0558152362133415,1.0039198848372908,1.0147145294373277
COL,16,0.9823848484694485,1.0564281640477495,1.0147145294373277
COL,17T18,0.9916814115397512,1.011007769860501,1.0147145294373277
COL,19,0.9280875907378305,1.032357414875616,1.0147145294373277
COL,20,1.0545999785554805,1.0161338019051893,1.0147145294373277
COL,21,1.0555724842488254,1.0006650404821398,1.0147145294373277
COL,22,1.0733308616157229,1.0198902413504563,1.0147145294373277
COL,23,0.953057017440393,1.0130609619250386,1.0147145294373277
COL,24,1.0962218200189835,1.0310198928480234,1.0147145294373277
COL,25,1.043555875905379,1.0190402732267734,1.0147145294373277
COL,26,1.0387377253721843,1.0123681300345138,1.0147145294373277
COL,27,1.0498838269211035,1.0180931491823153,1.0147145294373277
COL,28,1.0368009500717084,1.0154801107314928,1.0147145294373277
COL,29T30,1.059619281614183,1.0070007867572017,1.0147145294373277
COL,31T33,1.0332457139895241,1.004473262022649,1.0147145294373277
COL,35,0.9309851537150067,1.0158562787836076,1.0147145294373277
COL,36T39,1.008121728817725,0.9941493702633397,1.0147145294373277
COL,41T43,1.0114479038290742,1.0135203464588984,1.0147145294373277
COL,45T47,1.007401042493288,0.9899540395673031,1.0147145294373277
COL,49,0.9675530964219087,1.0016401247875555,1.0147145294373277
COL,50,0.9542425424162332,1.0007264021493432,1.0147145294373277
COL,51,0.9821428744272387,1.008161668960498,1.0147145294373277
COL,52,1.00437215297053,0.987080702017259,1.0147145294373277
COL,53,1.0127003164385944,0.995054241901195,1.0147145294373277
COL,55T56,1.0152467395504072,1.022932165804308,1.0147145294373277
COL,58T60,1.0448893735880005,0.9903214375921168,1.0147145294373277
COL,61,1.017067644806096,0.9847422677355683,1.0147145294373277
COL,62T63,1.028198368611756,0.9834158356380194,1.0147145294373277
COL,64T66,1.0178290337798281,0.9845279594219917,1.0147145294373277
COL,68,1.0153872316601853,0.9796981320598167,1.0147145294373277
COL,69T75,1.0169072143211042,0.9840970247254556,1.0147145294373277
COL,77T82,1.0102714931199457,0.982824843151268,1.0147145294373277
COL,84,1.0148254250273863,0.9891611154246018,1.0147145294373277
COL,85,1.0155991196264356,0.984487762858599,1.0147145294373277
COL,86T88,1.0145517040241676,0.9890473091714562,1.0147145294373277
COL,90T93,1.019008498047667,0.9866085074057593,1.0147145294373277
COL,94T98,1.0154348864362945,0.9868126452821431,1.0147145294373277
CRI,01T02,1.0369349288896847,1.0428977129968915,1.04101053969525
CRI,03,1.0197406586336573,1.042157959084008,1.04101053969525
CRI,05T06,1.0409788379907727,1.0382637516313462,1.04101053969525
CRI,07T08,0.9969537038836124,1.0373377315319952,1.04101053969525
CRI,10T12,1.031195550625287,1.0568215777028456,1.04101053969525
CRI,13T15,1.0033410120087352,1.0319913166301369,1.04101053969525
CRI,16,0.9998158946238052,1.049113647146617,1.04101053969525
CRI,17T18,1.0015548142341555,1.036826503747,1.04101053969525
CRI,19,1.0206050545771728,1.0432322906942972,1.04101053969525
CRI,20,1.1047624698895955,1.0431524783236619,1.04101053969525
CRI,21,0.9820065684935118,1.0363792594642522,1.04101053969525
CRI,22,1.107279733348174,1.0483940735688764,1.04101053969525
CRI,23,0.96100698564403,1.045975914655911,1.04101053969525
CRI,24,1.1880338350824138,1.060093413311457,1.04101053969525
CRI,25,1.01726278010489,1.0454086751302443,1.04101053969525
CRI,26,1.023966295464728,1.0331526057578253,1.04101053969525
CRI,27,1.0296972908598765,1.0427993110588138,1.04101053969525
CRI,28,1.018384057546482,1.0426613526140207,1.04101053969525
CRI,29T30,1.0309370056365847,1.039840517198973,1.04101053969525
CRI,31T33,1.0452162811102281,1.036912772136777,1.04101053969525
CRI,35,1.0465245733374446,1.0307987816230104,1.04101053969525
CRI,36T39,1.0407286795154629,1.031642602838173,1.04101053969525
CRI,41T43,1.0354013689034167,1.047627051526462,1.04101053969525
CRI,45T47,1.0145167355809193,1.0319871069294464,1.04101053969525
CRI,49,0.9987676882640645,1.0340214793031255,1.04101053969525
CRI,50,0.8611888935253585,1.0429099059009699,1.04101053969525
CRI,51,1.1177446002001357,1.0385876748919982,1.04101053969525
CRI,52,0.9995340061503986,1.0366510351282727,1.04101053969525
CRI,53,1.0353295171662502,1.031646293262168,1.04101053969525
CRI,55T56,1.0227421922421145,1.039142110519809,1.04101053969525
CRI,58T60,1.0130183583390329,1.0344228217241644,1.04101053969525
CRI,61,1.0231798669880339,1.0309353703206736,1.04101053969525
CRI,62T63,1.0122475118209662,1.0294964323705904,1.04101053969525
CRI,64T66,1.0265093961337437,1.0294232585738345,1.04101053969525
CRI,68,1.0369281052698796,1.0311896041837376,1.04101053969525
CRI,69T75,1.0186960882157186,1.0305369857593376,1.04101053969525
CRI,77T82,1.020938564737707,1.0304390723032304,1.04101053969525
CRI,84,1.0402388974739118,1.0302594187711411,1.04101053969525
CRI,85,1.0391059747923101,1.0310946615256513,1.04101053969525
CRI,86T88,1.0397946113261651,1.0315318907951752,1.04101053969525
CRI,90T93,1.022552355457064,1.0320057895957317,1.04101053969525
CRI,94T98,1.0354939339777518,1.0321483735777,1.04101053969525
CYP,01T02,1.0735391651185207,1.032804401344138,1.0286109788784554
CYP,03,1.0214147259305186,1.02329869138611,1.0286109788784554
CYP,05T06,0.8834603433589533,1.0462347603677433,1.0286109788784554
CYP,07T08,0.9098994614122247,1.0597927712441688,1.0286109788784554
CYP,10T12,1.0381191038960107,1.0449964530104225,1.0286109788784554
CYP,13T15,1.043216963109176,1.0247459153807432,1.0286109788784554
CYP,16,1.0535829906942575,1.029779477566969,1.0286109788784554
CYP,17T18,1.0256298542801594,1.0291360162964152,1.0286109788784554
CYP,19,0.38689882204722026,1.021206160218848,1.0286109788784554
CYP,20,1.1211025195370807,1.033460480255254,1.0286109788784554
CYP,21,1.0398381113729855,1.0296405600696001,1.0286109788784554
CYP,22,1.0346865381242183,1.0450378768453805,1.0286109788784554
CYP,23,0.6676675164334316,1.0964888394353745,1.0286109788784554
CYP,24,1.2034106265426174,1.049381266850359,1.0286109788784554
CYP,25,1.0213353354439467,1.0452244640214554,1.0286109788784554
CYP,26,1.0024346219354239,1.0518812369679935,1.0286109788784554
CYP,27,1.0505836508349646,1.0304669817822347,1.0286109788784554
CYP,28,1.0372817888455226,1.0304519975012132,1.0286109788784554
CYP,29T30,1.0366286289702822,1.0301527566407795,1.0286109788784554
CYP,31T33,1.0285427033939514,1.0290445575923164,1.0286109788784554
CYP,35,0.770640573414431,1.032803664340365,1.0286109788784554
CYP,36T39,1.0183280655217108,1.0439418850941986,1.0286109788784554
CYP,41T43,1.0158566684154835,1.0415414358623403,1.0286109788784554
CYP,45T47,1.0115763797814943,1.0236136709056631,1.0286109788784554
CYP,49,0.9921296389223616,1.024790006785722,1.0286109788784554
CYP,50,1.1628466945522244,1.0181377440113912,1.0286109788784554
CYP,51,0.9117513032693387,1.0268520240054666,1.0286109788784554
CYP,52,1.0003448042418064,1.0219024418216165,1.0286109788784554
CYP,53,1.003163408678093,1.0227506431321025,1.0286109788784554
CYP,55T56,1.009607351200596,1.0307549919183525,1.0286109788784554
CYP,58T60,1.003808857929972,1.017901181495778,1.0286109788784554
CYP,61,1.0030351806872952,1.0215278907192378,1.0286109788784554
CYP,62T63,0.9753146629465248,1.0128867665384074,1.0286109788784554
CYP,64T66,0.9878763064381747,1.0133151056347995,1.0286109788784554
CYP,68,1.0196599227181569,1.0157120987500103,1.0286109788784554
CYP,69T75,1.0084495050513573,1.0158874649746656,1.0286109788784554
CYP,77T82,1.0048441912318216,1.0176083448442925,1.0286109788784554
CYP,84,1.0269765985782713,1.0195458426908384,1.0286109788784554
CYP,85,1.0256324232648317,1.0159900242661486,1.0286109788784554
CYP,86T88,1.0251608653094353,1.022338337896277,1.0286109788784554
CYP,90T93,1.0208742511973765,1.02161368149294,1.0286109788784554
CYP,94T98,1.0215439652150369,1.019286512005989,1.0286109788784554
CZE,01T02,1.009910785233788,1.0415509322300713,1.0467356353458492
CZE,03,0.976143224347909,1.0592559074331536,1.0467356353458492
CZE,05T06,0.768147477256216,1.038380201462237,1.0467356353458492
CZE,07T08,0.9463753727040177,1.0450635139222337,1.0467356353458492
CZE,10T12,1.027983886691365,1.0546444783614826,1.0467356353458492
CZE,13T15,0.990988131070601,1.0404375447312395,1.0467356353458492
CZE,16,1.0057428942443198,1.0534383679061576,1.0467356353458492
CZE,17T18,0.9998813974490633,1.044769969910074,1.0467356353458492
CZE,19,0.8918057412619587,1.0735116671099543,1.0467356353458492
CZE,20,0.9656465929681319,1.044674062090767,1.0467356353458492
CZE,21,0.9905765758623852,1.0322798117026821,1.0467356353458492
CZE,22,1.0545697101955782,1.0419464544122476,1.0467356353458492
CZE,23,0.9256815773631483,1.0606267551157607,1.0467356353458492
CZE,24,0.9457799166596523,1.0626698955127016,1.0467356353458492
CZE,25,1.0239361866179593,1.0433567484211328,1.0467356353458492
CZE,26,1.0203254102397308,1.0405639464794643,1.0467356353458492
CZE,27,1.0251676685432842,1.043430781590004,1.0467356353458492
CZE,28,1.0123139210072807,1.0446844615262845,1.0467356353458492
CZE,29T30,1.0279452426701892,1.036783659410794,1.0467356353458492
CZE,31T33,1.0370649089154542,1.0350224795216516,1.0467356353458492
CZE,35,0.7819258021688131,1.074758168823121,1.0467356353458492
CZE,36T39,1.006738553065487,1.0353016050508321,1.0467356353458492
CZE,41T43,1.0333020424201171,1.0350953849953264,1.0467356353458492
CZE,45T47,1.0172725552378836,1.0266336880871751,1.0467356353458492
CZE,49,0.9754626169690934,1.032095382546829,1.0467356353458492
CZE,50,0.9069187563395149,1.040470285975452,1.0467356353458492
CZE,51,1.0408513574758238,1.043802171328753,1.0467356353458492
CZE,52,0.9959796140475832,1.034456806975453,1.0467356353458492
CZE,53,1.019565821012818,1.02546752450788,1.0467356353458492
CZE,55T56,1.0333790924838762,1.0325196240174082,1.0467356353458492
CZE,58T60,1.0260760022110442,1.0239804800359313,1.0467356353458492
CZE,61,1.0274588681796422,1.022628390853297,1.0467356353458492
CZE,62T63,1.0255923139594099,1.0184321683639814,1.0467356353458492
CZE,64T66,1.0211191038755516,1.0201880133466508,1.0467356353458492
CZE,68,1.0373141334379419,1.0308246501146576,1.0467356353458492
CZE,69T75,1.0197119586570587,1.0251941234346273,1.0467356353458492
CZE,77T82,1.0164338002308935,1.0306774305579984,1.0467356353458492
CZE,84,1.043029863968696,1.0248250019575156,1.0467356353458492
CZE,85,1.0438591331287963,1.0233878564060916,1.0467356353458492
CZE,86T88,1.0455398572349075,1.0269071244820496,1.0467356353458492
CZE,90T93,1.039732433158494,1.0282025705489821,1.0467356353458492
CZE,94T98,1.0381144892249,1.0254563984435892,1.0467356353458492
DEU,01T02,0.964286090558658,1.0439182137963956,1.0442349199710277
DEU,03,1.0197995597936569,1.0331419458323665,1.0442349199710277
DEU,05T06,0.8567182690439149,1.0432014953276585,1.0442349199710277
DEU,07T08,0.9898235064457562,1.0337897867306134,1.0442349199710277
DEU,10T12,1.0365704079566331,1.0548422120946594,1.0442349199710277
DEU,13T15,1.0038511880005792,1.037810279073121,1.0442349199710277
DEU,16,1.0278572197693947,1.0536805302060064,1.0442349199710277
DEU,17T18,1.0115173956414703,1.0414388681732984,1.0442349199710277
DEU,19,0.9761195835897852,1.050040478425949,1.0442349199710277
DEU,20,1.0308118699314306,1.0434102683386586,1.0442349199710277
DEU,21,1.0156291947144926,1.0346768482186146,1.0442349199710277
DEU,22,1.0567356326258526,1.0419353497442716,1.0442349199710277
DEU,23,1.021892806793223,1.0458651684413174,1.0442349199710277
DEU,24,0.9917898308225976,1.06215732227646,1.0442349199710277
DEU,25,1.0431578205815983,1.0422890631386466,1.0442349199710277
DEU,26,1.0278120524504628,1.034569648704944,1.0442349199710277
DEU,27,1.041807007434187,1.0375466455037665,1.0442349199710277
DEU,28,1.0295532919291173,1.0373586818837643,1.0442349199710277
DEU,29T30,1.0300853352595514,1.0366815151871045,1.0442349199710277
DEU,31T33,1.0483814757428676,1.0371481842601198,1.0442349199710277
DEU,35,0.9164739606337741,1.0554576388922907,1.0442349199710277
DEU,36T39,1.0318238946065994,1.0338542969823472,1.0442349199710277
DEU,41T43,1.0362196184275612,1.0385076576271162,1.0442349199710277
DEU,45T47,1.0185738839127536,1.0330292139234147,1.0442349199710277
DEU,49,1.0235877708482122,1.0359522188909633,1.0442349199710277
DEU,50,1.0616875841971625,1.0492525484151372,1.0442349199710277
DEU,51,0.9230792165101063,1.040842331442315,1.0442349199710277
DEU,52,1.0128716519415335,1.035089940869905,1.0442349199710277
DEU,53,1.0198075064270504,1.0345827665401213,1.0442349199710277
DEU,55T56,1.0308232863117497,1.0375153372612707,1.0442349199710277
DEU,58T60,1.0199292288553385,1.0309304240907453,1.0442349199710277
DEU,61,1.0288217132830435,1.0317298555653729,1.0442349199710277
DEU,62T63,1.0147795326495785,1.027668991103933,1.0442349199710277
DEU,64T66,1.0255981365926243,1.0292117978243671,1.0442349199710277
DEU,68,1.0369723924888008,1.029721060571981,1.0442349199710277
DEU,69T75,1.0219845273110366,1.029949356851499,1.0442349199710277
DEU,77T82,1.0248682997907725,1.032380023050029,1.0442349199710277
DEU,84,1.0383121426819901,1.0313073035307025,1.0442349199710277
DEU,85,1.0422626390556298,1.0291503903578538,1.0442349199710277
DEU,86T88,1.0438392375568577,1.0316566375911995,1.0442349199710277
DEU,90T93,1.038150414665749,1.0309699417886995,1.0442349199710277
DEU,94T98,1.0405006628375548,1.0309814287284824,1.0442349199710277
DNK,01T02,0.9573874207178689,1.048622624498385,1.0385569009586972
DNK,03,1.0185932901629957,1.0337344975835447,1.0385569009586972
DNK,05T06,0.9459569107903805,1.0325259615223703,1.0385569009586972
DNK,07T08,0.9831594280081669,1.0432869804080565,1.0385569009586972
DNK,10T12,1.031844096478807,1.051428341014522,1.0385569009586972
DNK,13T15,1.015039148522777,1.0341565972763656,1.0385569009586972
DNK,16,1.0717597177561276,1.0441714473014907,1.0385569009586972
DNK,17T18,1.0489968961243508,1.034504574720296,1.0385569009586972
DNK,19,0.9840185759444707,1.0509866930213358,1.0385569009586972
DNK,20,1.0960317445994505,1.0361103689689657,1.0385569009586972
DNK,21,1.0458672780023264,1.0290973827386125,1.0385569009586972
DNK,22,1.0734241870059993,1.0374271404457354,1.0385569009586972
DNK,23,0.9955439312490613,1.0428071593353514,1.0385569009586972
DNK,24,1.238442401775491,1.0498267078394397,1.0385569009586972
DNK,25,1.044951385226807,1.0394371188894709,1.0385569009586972
DNK,26,1.0285097726907158,1.0320722370319786,1.0385569009586972
DNK,27,1.0469902152711912,1.034253039367575,1.0385569009586972
DNK,28,1.0299797290475883,1.0356895791315508,1.0385569009586972
DNK,29T30,1.0271387534466403,1.0364717976097566,1.0385569009586972
DNK,31T33,1.061263767905744,1.0340183148558437,1.0385569009586972
DNK,35,0.943831739443049,1.0379774367904844,1.0385569009586972
DNK,36T39,1.0329416053286749,1.0303105191969488,1.0385569009586972
DNK,41T43,1.0321206108659593,1.0361957261864474,1.0385569009586972
DNK,45T47,1.0187369531868837,1.0291082046817428,1.0385569009586972
DNK,49,0.9993270331988175,1.0415022954617934,1.0385569009586972
DNK,50,0.9737559818528113,1.0353949841630576,1.0385569009586972
DNK,51,1.0015150598476763,1.0339206472936102,1.0385569009586972
DNK,52,0.995332164593456,1.0311729136494288,1.0385569009586972
DNK,53,1.017504869173603,1.030982816221173,1.0385569009586972
DNK,55T56,1.0285978871263977,1.0352378673405915,1.0385569009586972
DNK,58T60,1.0179549202701688,1.0278958009726,1.0385569009586972
DNK,61,1.0199006517771816,1.029091028582713,1.0385569009586972
DNK,62T63,1.0134938569352065,1.027503888254774,1.0385569009586972
DNK,64T66,1.0222325332655635,1.0265208608869285,1.0385569009586972
DNK,68,1.0337438632871183,1.0278409372023267,1.0385569009586972
DNK,69T75,1.0195837046167822,1.0281249755927269,1.0385569009586972
DNK,77T82,1.0200581259935222,1.0333110931730802,1.0385569009586972
DNK,84,1.0370082961615528,1.0284387529257042,1.0385569009586972
DNK,85,1.0374138566836673,1.0279475829727733,1.0385569009586972
DNK,86T88,1.0382231581021828,1.0287889766790757,1.0385569009586972
DNK,90T93,1.0347544588809525,1.0292596502942541,1.0385569009586972
DNK,94T98,1.0326517610185664,1.028405141819745,1.0385569009586972
ESP,01T02,1.0634774390611672,1.0394862668473963,1.0419031816883901
ESP,03,1.0276030862283647,1.0359763027277302,1.0419031816883901
ESP,05T06,0.5558183035192451,1.031884024971802,1.0419031816883901
ESP,07T08,0.9643560407418381,1.0436146162874234,1.0419031816883901
ESP,10T12,1.0363439106278587,1.0572696803156691,1.0419031816883901
ESP,13T15,1.0132512795431798,1.0350078259983664,1.0419031816883901
ESP,16,1.0296777490432782,1.0435910636018548,1.0419031816883901
ESP,17T18,1.015153336503016,1.042195368959414,1.0419031816883901
ESP,19,0.9728629785267772,1.058700735219778,1.0419031816883901
ESP,20,1.0128425160600851,1.0490536630712366,1.0419031816883901
ESP,21,0.9978021358251925,1.0387405229548095,1.0419031816883901
ESP,22,1.0523477402995989,1.0437147029513645,1.0419031816883901
ESP,23,0.9621545885644428,1.0525137302187308,1.0419031816883901
ESP,24,1.0986750147352564,1.0528207615038103,1.0419031816883901
ESP,25,1.0245565117815603,1.04827955802604,1.0419031816883901
ESP,26,1.0265536689785275,1.0353277680697595,1.0419031816883901
ESP,27,1.0275494919641284,1.0445305950955768,1.0419031816883901
ESP,28,1.0185625703014958,1.0415123050294492,1.0419031816883901
ESP,29T30,1.0214358348274435,1.0405279273054937,1.0419031816883901
ESP,31T33,1.0449240943113363,1.0359684377997354,1.0419031816883901
ESP,35,0.9545090259937425,1.0491320574317162,1.0419031816883901
ESP,36T39,1.0405426983667256,1.0358027331996582,1.0419031816883901
ESP,41T43,1.0351736743973554,1.038626729476641,1.0419031816883901
ESP,45T47,1.0220246921104272,1.0321264365622758,1.0419031816883901
ESP,49,0.9911621017409465,1.0382011533555584,1.0419031816883901
ESP,50,0.5889435903171419,1.035919960311924,1.0419031816883901
ESP,51,0.915042102960978,1.0408007949782618,1.0419031816883901
ESP,52,1.0077662757751569,1.036778813974002,1.0419031816883901
ESP,53,1.0164636274599266,1.033776655793604,1.0419031816883901
ESP,55T56,1.033148278971674,1.0360979070580296,1.0419031816883901
ESP,58T60,1.0146996331795133,1.0310474799091751,1.0419031816883901
ESP,61,1.022084139789059,1.034197054102834,1.0419031816883901
ESP,62T63,1.0079437030727652,1.0309191209352375,1.0419031816883901
ESP,64T66,1.025708488326762,1.0283787124693489,1.0419031816883901
ESP,68,1.0365640151252369,1.027906744135556,1.0419031816883901
ESP,69T75,1.0204650387967842,1.0309894353496643,1.0419031816883901
ESP,77T82,1.0166276098908162,1.032399568983976,1.0419031816883901
ESP,84,1.0369883917896399,1.0307563425612467,1.0419031816883901
ESP,85,1.0388901363483005,1.028903259609901,1.0419031816883901
ESP,86T88,1.040374015672041,1.0310822922225515,1.0419031816883901
ESP,90T93,1.0352296309664215,1.0308865666416753,1.0419031816883901
ESP,94T98,1.036605458168345,1.0293120362692527,1.0419031816883901
EST,01T02,0.7684874541732866,1.0547198101764925,1.026539337850408
EST,03,1.025108553615575,1.0141386392770504,1.026539337850408
EST,05T06,0.48974902618844157,1.0269270487533,1.026539337850408
EST,07T08,0.6868981168343161,1.031186997903222,1.026539337850408
EST,10T12,1.0055516529518937,1.0613660055942125,1.026539337850408
EST,13T15,1.0479597505755534,1.0236071682891896,1.026539337850408
EST,16,0.8738991680442192,1.075898580354681,1.026539337850408
EST,17T18,0.9630499508590317,1.0571400270696,1.026539337850408
EST,19,0.2137195459795583,1.0837335080797166,1.026539337850408
EST,20,1.0426329018770082,1.0489554348357204,1.026539337850408
EST,21,1.0680851738168158,1.016556272668173,1.026539337850408
EST,22,1.0579766562398405,1.035359160591585,1.026539337850408
EST,23,0.967457048816222,1.0459218967172657,1.026539337850408
EST,24,1.175551945312215,1.0685780334737425,1.026539337850408
EST,25,1.028568241176671,1.037806465097106,1.026539337850408
EST,26,1.0239979014862266,1.0248653309779805,1.026539337850408
EST,27,1.057478662424018,1.0267040636381688,1.026539337850408
EST,28,1.0284730754343516,1.0292899008062848,1.026539337850408
EST,29T30,1.0497250074996816,1.022922105638219,1.026539337850408
EST,31T33,1.0342395655917545,1.0299459342146737,1.026539337850408
EST,35,0.6470867083654361,1.0713112366726016,1.026539337850408
EST,36T39,1.0309399671203667,1.034499174915682,1.026539337850408
EST,41T43,1.0164575344515576,1.0281294448244778,1.026539337850408
EST,45T47,1.011221553259777,1.0083203607850733,1.026539337850408
EST,49,0.9865007842682059,1.010609594654584,1.026539337850408
EST,50,0.9578291704216301,1.016867514792369,1.026539337850408
EST,51,1.15482925401211,1.031341729329372,1.026539337850408
EST,52,0.9894176561305976,1.0227082324941648,1.026539337850408
EST,53,1.0370642982349945,1.0095525838813024,1.026539337850408
EST,55T56,1.0307819278489665,1.0240960482301313,1.026539337850408
EST,58T60,1.0388868819417318,1.0080850137045305,1.026539337850408
EST,61,1.0357406881497844,1.0023643893853107,1.026539337850408
EST,62T63,1.040048941805819,0.9979659165663723,1.026539337850408
EST,64T66,1.023378719264482,0.9966082168542881,1.026539337850408
EST,68,1.0201372310574268,1.0044434840978975,1.026539337850408
EST,69T75,1.0237746338029703,1.0039436871678709,1.026539337850408
EST,77T82,1.0125175027137316,1.0052070583765131,1.026539337850408
EST,84,1.0257174669164042,1.0027603476001419,1.026539337850408
EST,85,1.0265294224075787,1.005963247840816,1.026539337850408
EST,86T88,1.0269312359195426,1.0051956423565955,1.026539337850408
EST,90T93,1.0251368123804503,1.013742043219134,1.026539337850408
EST,94T98,1.019691854477656,1.0178207719714871,1.026539337850408
FIN,01T02,0.9402320166041356,1.039245080331975,1.034708748765119
FIN,03,1.023519593340286,1.0259325378996076,1.034708748765119
FIN,05T06,0.4295610511021961,1.0428557691834026,1.034708748765119
FIN,07T08,1.007409759187243,1.0419482660097104,1.034708748765119
FIN,10T12,1.0302894680894137,1.0520431320891612,1.034708748765119
FIN,13T15,1.022726153643536,1.029907035752714,1.034708748765119
FIN,16,0.9913873449417738,1.0686040936105152,1.034708748765119
FIN,17T18,0.9607309581983415,1.053153671565904,1.034708748765119
FIN,19,0.99053185394776,1.037176873416878,1.034708748765119
FIN,20,0.9993829931732923,1.0453341032154781,1.034708748765119
FIN,21,1.0373251019068723,1.0224301049208184,1.034708748765119
FIN,22,1.0507292697180226,1.0403773302792316,1.034708748765119
FIN,23,1.033100969597493,1.0410909646997923,1.034708748765119
FIN,24,1.0975897481772243,1.0541075906519592,1.034708748765119
FIN,25,1.0425683000771668,1.0403437398598474,1.034708748765119
FIN,26,1.028706652735946,1.0244515020573064,1.034708748765119
FIN,27,1.0416985867468798,1.0334504289470912,1.034708748765119
FIN,28,1.0301096565271812,1.030162369916556,1.034708748765119
FIN,29T30,1.030935255615333,1.0337760121317698,1.034708748765119
FIN,31T33,1.035686821853575,1.0285435768183548,1.034708748765119
FIN,35,0.9264632142690029,1.052832335129233,1.034708748765119
FIN,36T39,1.0391137368415244,1.028574556518561,1.034708748765119
FIN,41T43,1.027801390549322,1.0341628090477781,1.034708748765119
FIN,45T47,1.0132454716543668,1.0250438493019123,1.034708748765119
FIN,49,1.0089635223335365,1.0275892661422878,1.034708748765119
FIN,50,0.942761111946367,1.0301877928102743,1.034708748765119
FIN,51,0.9525870495362703,1.0311016545479572,1.034708748765119
FIN,52,1.0055485873891008,1.0308220495930474,1.034708748765119
FIN,53,1.0160790395840908,1.026600296333951,1.034708748765119
FIN,55T56,1.0226824571829676,1.0313180893284695,1.034708748765119
FIN,58T60,1.0099733594474993,1.0247893555815593,1.034708748765119
FIN,61,1.0216578845324322,1.0227355056285614,1.034708748765119
FIN,62T63,1.0041082122729743,1.0217925482009318,1.034708748765119
FIN,64T66,1.0180542421043723,1.022380073982726,1.034708748765119
FIN,68,1.0304297277133607,1.023092109343914,1.034708748765119
FIN,69T75,1.013035880610974,1.0231725437697607,1.034708748765119
FIN,77T82,1.016652082094403,1.0250795939366097,1.034708748765119
FIN,84,1.0300996394542838,1.025382781323454,1.034708748765119
FIN,85,1.0334651067828244,1.022658381473111,1.034708748765119
FIN,86T88,1.034188861969243,1.0235694859241795,1.034708748765119
FIN,90T93,1.029866984066558,1.0291909766259817,1.034708748765119
FIN,94T98,1.0295594603840015,1.0296796542220976,1.034708748765119
FRA,01T02,0.9948013666795522,1.0457548857892351,1.034706927143887
FRA,03,1.0195723304120403,1.0357282107325612,1.034706927143887
FRA,05T06,0.2944972531024862,1.0283048808001476,1.034706927143887
FRA,07T08,0.986309576037111,1.0389936695508648,1.034706927143887
FRA,10T12,1.035479305056101,1.0493171845528761,1.034706927143887
FRA,13T15,1.021272159278553,1.032406029243991,1.034706927143887
FRA,16,1.0309294531158435,1.0477910634636733,1.034706927143887
FRA,17T18,1.027831965555174,1.0346962431127267,1.034706927143887
FRA,19,1.0212369338471559,1.045241265144852,1.034706927143887
FRA,20,1.0400623594124228,1.038589170957069,1.034706927143887
FRA,21,1.0173169336799919,1.0324090407783502,1.034706927143887
FRA,22,1.064814559624685,1.0379893794450792,1.034706927143887
FRA,23,1.0140118596819452,1.0419368719324953,1.034706927143887
FRA,24,0.9393091434376152,1.0474477005827254,1.034706927143887
FRA,25,1.0392046212319284,1.0406088734211618,1.034706927143887
FRA,26,1.0265348255328444,1.0328771601275384,1.034706927143887
FRA,27,1.0392787701299422,1.0378381138951611,1.034706927143887
FRA,28,1.0258641461894438,1.0368215138794945,1.034706927143887
FRA,29T30,1.0291259706348634,1.0350925634708055,1.034706927143887
FRA,31T33,1.0512798334022422,1.0350142556718591,1.034706927143887
FRA,35,1.01435651188872,1.04235135929482,1.034706927143887
FRA,36T39,1.024761894181892,1.0325515920266786,1.034706927143887
FRA,41T43,1.0324653663843688,1.036346748688082,1.034706927143887
FRA,45T47,1.0206524767289418,1.0294524504022697,1.034706927143887
FRA,49,1.0240091930293338,1.0311090445030544,1.034706927143887
FRA,50,1.0154020274001159,1.0396581138094971,1.034706927143887
FRA,51,0.9667711871182622,1.036709602823548,1.034706927143887
FRA,52,1.01925232448679,1.029414959287477,1.034706927143887
FRA,53,1.022893836752428,1.0281136500091408,1.034706927143887
FRA,55T56,1.0291271911149724,1.0339745635753974,1.034706927143887
FRA,58T60,1.0179056683873162,1.0309482429873642,1.034706927143887
FRA,61,1.0210406280744366,1.0290716198515617,1.034706927143887
FRA,62T63,1.0226355447209636,1.0275963714060032,1.034706927143887
FRA,64T66,1.0212763954337425,1.0274540627819417,1.034706927143887
FRA,68,1.0313526713525851,1.0272139996231555,1.034706927143887
FRA,69T75,1.0227859763201568,1.0284690751069863,1.034706927143887
FRA,77T82,1.0203686212346563,1.0285522272944985,1.034706927143887
FRA,84,1.033491393152817,1.0285355627070725,1.034706927143887
FRA,85,1.0325183556787185,1.028311358152919,1.034706927143887
FRA,86T88,1.0342340855702403,1.0284164553088952,1.034706927143887
FRA,90T93,1.0317076434346981,1.030300555165764,1.034706927143887
FRA,94T98,1.0313131420269521,1.0290347731800906,1.034706927143887
GBR,01T02,0.9630874416501481,1.0460763442476304,1.0294772899295561
GBR,03,1.0163018648841564,1.0320900759655194,1.0294772899295561
GBR,05T06,0.9209040771883524,1.0301673668389015,1.0294772899295561
GBR,07T08,1.0191572014327366,1.038515306231106,1.0294772899295561
GBR,10T12,1.0386027134392333,1.046891295896681,1.0294772899295561
GBR,13T15,1.0361727420154758,1.0264190536310351,1.0294772899295561
GBR,16,1.0501505312959698,1.0433571953199035,1.0294772899295561
GBR,17T18,1.0312534741832136,1.0329889031266408,1.0294772899295561
GBR,19,0.9614559380290777,1.0488546314982747,1.0294772899295561
GBR,20,1.0253446564848863,1.037570349686318,1.0294772899295561
GBR,21,1.0344569687561176,1.0278378157969108,1.0294772899295561
GBR,22,1.0443307914740818,1.0369153197490144,1.0294772899295561
GBR,23,1.0246436029973514,1.0360123878047616,1.0294772899295561
GBR,24,1.0014005991760608,1.0464172165890209,1.0294772899295561
GBR,25,1.04425357719823,1.0340692299374195,1.0294772899295561
GBR,26,1.027297860953025,1.027238118930418,1.0294772899295561
GBR,27,1.0456376990651992,1.032958622197811,1.0294772899295561
GBR,28,1.0251896370258535,1.0322344049955574,1.0294772899295561
GBR,29T30,1.031248924737781,1.0336335245986497,1.0294772899295561
GBR,31T33,1.0362834576115727,1.0298570439346766,1.0294772899295561
GBR,35,0.9737120570085404,1.0592191821929327,1.0294772899295561
GBR,36T39,1.0254679796968742,1.0257968508706257,1.0294772899295561
GBR,41T43,1.0261253289668149,1.02936671141939,1.0294772899295561
GBR,45T47,1.0223420850549774,1.0256490120214805,1.0294772899295561
GBR,49,1.0129898074936414,1.027661283066088,1.0294772899295561
GBR,50,1.0467178090611537,1.0299638836120009,1.0294772899295561
GBR,51,0.8930420995814418,1.0412669219697368,1.0294772899295561
GBR,52,1.0165734521452505,1.0292784578750238,1.0294772899295561
GBR,53,1.0180315024016882,1.0248821891464768,1.0294772899295561
GBR,55T56,1.0274733302906824,1.0283406915117768,1.0294772899295561
GBR,58T60,1.0212626574607493,1.0241684603104868,1.0294772899295561
GBR,61,1.0186817983835799,1.0230794326581973,1.0294772899295561
GBR,62T63,1.0173713571797938,1.023022319067279,1.0294772899295561
GBR,64T66,1.0113158929598685,1.023823378386268,1.0294772899295561
GBR,68,1.027821440206534,1.0223688283134473,1.0294772899295561
GBR,69T75,1.015965271762699,1.023955460991249,1.0294772899295561
GBR,77T82,1.0164399796287793,1.0262293874159247,1.0294772899295561
GBR,84,1.0285804797742568,1.024556688450393,1.0294772899295561
GBR,85,1.0268824513886317,1.02352800633817,1.0294772899295561
GBR,86T88,1.029236802166388,1.0246978094622394,1.0294772899295561
GBR,90T93,1.0253756277133381,1.0249974495962033,1.0294772899295561
GBR,94T98,1.0282170764497334,1.023275042562924,1.0294772899295561
GRC,01T02,1.0738268251246281,1.0371838095722314,1.0418515394095154
GRC,03,1.0323305646641041,1.0204638968954836,1.0418515394095154
GRC,05T06,0.38124862924475345,1.0316088785476687,1.0418515394095154
GRC,07T08,0.9574862357655163,1.0377130798886176,1.0418515394095154
GRC,10T12,1.043470498700986,1.048566133332815,1.0418515394095154
GRC,13T15,1.0011901023780294,1.036262137348851,1.0418515394095154
GRC,16,1.05433257983403,1.0402571916065582,1.0418515394095154
GRC,17T18,1.0353491051832329,1.0326957143267488,1.0418515394095154
GRC,19,0.932628435449748,1.0517967050298123,1.0418515394095154
GRC,20,1.0366914384147348,1.0364619598494422,1.0418515394095154
GRC,21,1.0431970460066378,1.030258275620944,1.0418515394095154
GRC,22,1.0461948900300084,1.041493345241226,1.0418515394095154
GRC,23,0.7211814713827269,1.071968505678971,1.0418515394095154
GRC,24,0.9701474805542436,1.0859450451745416,1.0418515394095154
GRC,25,1.0133660458047966,1.0479257532768063,1.0418515394095154
GRC,26,1.0313950779023837,1.0318452186696911,1.0418515394095154
GRC,27,0.9888754041415555,1.0617893232160365,1.0418515394095154
GRC,28,1.0181488790825188,1.0399820720139514,1.0418515394095154
GRC,29T30,1.0434424124931847,1.0328914470935042,1.0418515394095154
GRC,31T33,1.0465769334097328,1.0349779502365488,1.0418515394095154
GRC,35,0.8524118883240395,1.0697402323872747,1.0418515394095154
GRC,36T39,1.0362595186661299,1.0628924708190166,1.0418515394095154
GRC,41T43,1.034454525724109,1.0550177443160342,1.0418515394095154
GRC,45T47,1.018330628910133,1.0228215621333876,1.0418515394095154
GRC,49,1.0186226752254823,1.029568432069147,1.0418515394095154
GRC,50,0.7925990721621408,1.076159278275525,1.0418515394095154
GRC,51,1.0331321715981334,1.0346828903929624,1.0418515394095154
GRC,52,0.984758613537287,1.0330442009823533,1.0418515394095154
GRC,53,1.0141471765836,1.025941480158372,1.0418515394095154
GRC,55T56,1.031822792914002,1.0316914686294363,1.0418515394095154
GRC,58T60,1.0199389202152382,1.0261701330172497,1.0418515394095154
GRC,61,1.0324433886742683,1.0224469922180404,1.0418515394095154
GRC,62T63,1.0239254829039028,1.0206450361442452,1.0418515394095154
GRC,64T66,1.0236125782441237,1.0164104092753563,1.0418515394095154
GRC,68,1.0308891069266755,1.0168194202464986,1.0418515394095154
GRC,69T75,1.0161100957792784,1.020256290456826,1.0418515394095154
GRC,77T82,1.0272834344625408,1.0244271073322322,1.0418515394095154
GRC,84,1.0397452126009352,1.0190488559383875,1.0418515394095154
GRC,85,1.040205351233016,1.0178856400671472,1.0418515394095154
GRC,86T88,1.0406926607810423,1.023288154713598,1.0418515394095154
GRC,90T93,1.0358415982317573,1.024410463079381,1.0418515394095154
GRC,94T98,1.0354579051628627,1.0272112459280613,1.0418515394095154
HRV,01T02,0.9616292460625833,1.0437399450554614,1.0390633120287098
HRV,03,1.0251684065330156,1.0428627552115246,1.0390633120287098
HRV,05T06,0.664468128486049,1.0659327716686007,1.0390633120287098
HRV,07T08,0.9845171586027257,1.0420696338597013,1.0390633120287098
HRV,10T12,1.032185986778672,1.0486867287847585,1.0390633120287098
HRV,13T15,1.0167738698092843,1.0347569599869109,1.0390633120287098
HRV,16,1.0348725654977822,1.0440030809448124,1.0390633120287098
HRV,17T18,1.008436543539163,1.0381137497089545,1.0390633120287098
HRV,19,0.9754239917811494,1.0515380035006074,1.0390633120287098
HRV,20,0.6074257919671483,1.051901533523006,1.0390633120287098
HRV,21,1.000174961079766,1.0334523260897879,1.0390633120287098
HRV,22,1.0473429037869757,1.0423837124344317,1.0390633120287098
HRV,23,0.8313766871554343,1.041161002879057,1.0390633120287098
HRV,24,1.1117398993514,1.0465698793186673,1.0390633120287098
HRV,25,1.0402602206190594,1.034446014765473,1.0390633120287098
HRV,26,1.036268933380919,1.0244657217049693,1.0390633120287098
HRV,27,1.0427516971138981,1.035102299933341,1.0390633120287098
HRV,28,1.035930291261991,1.0322259185202876,1.0390633120287098
HRV,29T30,1.0272650662088314,1.034078927182301,1.0390633120287098
HRV,31T33,1.044979722272872,1.040962718137996,1.0390633120287098
HRV,35,1.009126112730996,1.033467842945709,1.0390633120287098
HRV,36T39,1.027459861699761,1.0317912454126175,1.0390633120287098
HRV,41T43,1.0216187232183052,1.0438337292995579,1.0390633120287098
HRV,45T47,1.0170176966577833,1.030483410064576,1.0390633120287098
HRV,49,1.0062562004417333,1.0291774873969461,1.0390633120287098
HRV,50,0.7569483693865816,1.0482365718261757,1.0390633120287098
HRV,51,1.1331605970235668,1.029273942377004,1.0390633120287098
HRV,52,1.0148001848139487,1.0352570212949257,1.0390633120287098
HRV,53,1.019300534686593,1.0270780700006577,1.0390633120287098
HRV,55T56,1.0337759717645278,1.0305946763286093,1.0390633120287098
HRV,58T60,1.0124387540903264,1.024887048820102,1.0390633120287098
HRV,61,1.0288439520435309,1.0241526965829415,1.0390633120287098
HRV,62T63,1.0122591190859513,1.023304058990572,1.0390633120287098
HRV,64T66,1.0191238138036638,1.0213107739537943,1.0390633120287098
HRV,68,1.0335311422743723,1.029535521096481,1.0390633120287098
HRV,69T75,1.016256464632304,1.0268354391220669,1.0390633120287098
HRV,77T82,1.022252310872163,1.0288021764038031,1.0390633120287098
HRV,84,1.0371932757901536,1.026303760010109,1.0390633120287098
HRV,85,1.035794825112784,1.0226669167214872,1.0390633120287098
HRV,86T88,1.0374711413193232,1.027811111160071,1.0390633120287098
HRV,90T93,1.0326311601828375,1.0281823279374063,1.0390633120287098
HRV,94T98,1.029502898212376,1.0276208343189908,1.0390633120287098
HUN,01T02,0.9091802161837005,1.0491115695641986,1.0390769079982285
HUN,03,1.022178501831746,1.038962385317678,1.0390769079982285
HUN,05T06,0.49049776216913876,1.0534313930017862,1.0390769079982285
HUN,07T08,0.9662721157843043,1.0634141481128878,1.0390769079982285
HUN,10T12,1.0028346952300558,1.0644630267463173,1.0390769079982285
HUN,13T15,1.0272734162601096,1.030956161537344,1.0390769079982285
HUN,16,1.0110532015201308,1.0482079047756265,1.0390769079982285
HUN,17T18,1.0027089046416469,1.0359544258536217,1.0390769079982285
HUN,19,0.9916786459577512,1.045625515611272,1.0390769079982285
HUN,20,0.8987955045483154,1.0470006328169792,1.0390769079982285
HUN,21,0.9991775768992093,1.0295815395340107,1.0390769079982285
HUN,22,1.0574016153492114,1.042895147378287,1.0390769079982285
HUN,23,0.9859755219356532,1.0498295851510335,1.0390769079982285
HUN,24,1.0731569670611079,1.0538689061929893,1.0390769079982285
HUN,25,1.0305261175665785,1.0428551307066474,1.0390769079982285
HUN,26,1.030606031178825,1.0303249252462976,1.0390769079982285
HUN,27,1.0318567827554483,1.0408301344861908,1.0390769079982285
HUN,28,1.0263387073568586,1.0359299101271446,1.0390769079982285
HUN,29T30,1.0335112749089765,1.0341249333063047,1.0390769079982285
HUN,31T33,1.0541223074993773,1.0301927259255599,1.0390769079982285
HUN,35,0.7948520807589842,1.0371510363232563,1.0390769079982285
HUN,36T39,1.0280808972350268,1.0297389635111,1.0390769079982285
HUN,41T43,1.0309545120687829,1.0380789325998154,1.0390769079982285
HUN,45T47,1.011802534477697,1.027725798806941,1.0390769079982285
HUN,49,0.984271857699249,1.0283077684308626,1.0390769079982285
HUN,50,0.8136241188930465,1.0340665349576936,1.0390769079982285
HUN,51,0.9131916521840975,1.0341639330883496,1.0390769079982285
HUN,52,1.0036823012748322,1.024977716333071,1.0390769079982285
HUN,53,1.0248772361901286,1.0223268076168626,1.0390769079982285
HUN,55T56,1.0303301574325194,1.034999106734202,1.0390769079982285
HUN,58T60,1.027579895654373,1.0221248819989286,1.0390769079982285
HUN,61,1.0326429484527124,1.0195577841781605,1.0390769079982285
HUN,62T63,1.0219928445578566,1.0179066541445716,1.0390769079982285
HUN,64T66,1.0235570508323013,1.0175137832729826,1.0390769079982285
HUN,68,1.0318838332274884,1.0203493340221372,1.0390769079982285
HUN,69T75,1.0216876199670484,1.0212822172169072,1.0390769079982285
HUN,77T82,1.0141949715834206,1.0240337104191275,1.0390769079982285
HUN,84,1.037173691409738,1.0201929665023093,1.0390769079982285
HUN,85,1.038114339741939,1.0194337473290513,1.0390769079982285
HUN,86T88,1.0382662780434053,1.023107082077707,1.0390769079982285
HUN,90T93,1.0349775739766243,1.0249416435298635,1.0390769079982285
HUN,94T98,1.0318163864656618,1.0219726636551205,1.0390769079982285
IDN,01T02,0.5927023788229702,0.9863140466831989,1.0181578266832358
IDN,03,1.0124927229590412,0.9510882265839954,1.0181578266832358
IDN,05T06,0.785024006853808,0.9926036558578378,1.0181578266832358
IDN,07T08,1.0170472911737385,0.9682751886314995,1.0181578266832358
IDN,10T12,0.9570391279441496,1.1251942281737446,1.0181578266832358
IDN,13T15,1.1553959078658367,0.9831662826335804,1.0181578266832358
IDN,16,0.9165531474969579,1.0945542923357694,1.0181578266832358
IDN,17T18,1.0005144839005093,1.0114870948149723,1.0181578266832358
IDN,19,0.9233765745665852,1.0347008376782172,1.0181578266832358
IDN,20,0.873530062038421,1.0300369578301474,1.0181578266832358
IDN,21,0.968142134741488,1.0343517987636317,1.0181578266832358
IDN,22,0.8475922966865461,1.10554623561125,1.0181578266832358
IDN,23,0.7186410164724176,1.0347812331293182,1.0181578266832358
IDN,24,1.1658453334278567,0.9928797937475721,1.0181578266832358
IDN,25,1.0155635007456696,1.0182179561804714,1.0181578266832358
IDN,26,1.04051712361026,1.0092797553952237,1.0181578266832358
IDN,27,1.0765355684741094,1.0088554393547104,1.0181578266832358
IDN,28,1.0271923379475305,1.0224443905047331,1.0181578266832358
IDN,29T30,1.07209355739981,0.9819299183454616,1.0181578266832358
IDN,31T33,0.9224950527255596,1.0119545450402327,1.0181578266832358
IDN,35,0.6510314889767389,1.185076337106589,1.0181578266832358
IDN,36T39,1.0093948584022483,0.9951054954590086,1.0181578266832358
IDN,41T43,1.0055758963500276,1.0119879393902012,1.0181578266832358
IDN,45T47,1.0145354333891308,0.9676875778829912,1.0181578266832358
IDN,49,0.95848644418037,0.9719056011153365,1.0181578266832358
IDN,50,0.7873437708350693,1.0012717220286154,1.0181578266832358
IDN,51,1.0095570258096684,0.9824709984283412,1.0181578266832358
IDN,52,1.001816491604786,0.9824813220309445,1.0181578266832358
IDN,53,1.0217898328775674,0.9840565709251842,1.0181578266832358
IDN,55T56,1.0149337426861085,1.0328197878973964,1.0181578266832358
IDN,58T60,1.0243695030705056,0.9871061418824243,1.0181578266832358
IDN,61,1.0083422616585092,0.9605382527291645,1.0181578266832358
IDN,62T63,1.0218516268757327,0.9893547421132516,1.0181578266832358
IDN,64T66,0.9813480352991704,0.9489905018276407,1.0181578266832358
IDN,68,1.0181936244952736,0.9545568743325248,1.0181578266832358
IDN,69T75,1.157566433369444,0.9600867028169916,1.0181578266832358
IDN,77T82,0.9954647529721966,0.9588142298561207,1.0181578266832358
IDN,84,1.0151667242897349,0.9782124401965772,1.0181578266832358
IDN,85,1.0185311613038266,0.9628289398432579,1.0181578266832358
IDN,86T88,1.0164411479452902,0.9948707834400445,1.0181578266832358
IDN,90T93,1.0345891805409324,0.9756555275149521,1.0181578266832358
IDN,94T98,1.014789367736501,0.9627171896597478,1.0181578266832358
IND,01T02,0.9237348264341718,1.000007731006061,1.0360791302751053
IND,03,1.0349392192982056,0.9839667777175417,1.0360791302751053
IND,05T06,0.7689837347469456,1.0066610470558308,1.0360791302751053
IND,07T08,0.7111830600133086,1.023780119399818,1.0360791302751053
IND,10T12,1.0326546638619039,1.0596971367058619,1.0360791302751053
IND,13T15,1.0116567343802016,1.032850691492019,1.0360791302751053
IND,16,1.0018437503630753,1.0253724787280187,1.0360791302751053
IND,17T18,0.9777445993528264,1.0331000272786395,1.0360791302751053
IND,19,0.9148479354934368,1.035052927389631,1.0360791302751053
IND,20,0.9500469705647389,1.0360078975675011,1.0360791302751053
IND,21,1.0175295481345756,1.0086567463352187,1.0360791302751053
IND,22,0.861877238084355,1.043080781731433,1.0360791302751053
IND,23,0.8175033358977934,1.0442404475190146,1.0360791302751053
IND,24,0.6105885529311121,1.0739805306738062,1.0360791302751053
IND,25,0.9423663959951891,1.0702194802570606,1.0360791302751053
IND,26,0.9912047620460396,1.0645148162991775,1.0360791302751053
IND,27,0.9719516614061416,1.095781645192959,1.0360791302751053
IND,28,0.9834897451046953,1.0688630877995324,1.0360791302751053
IND,29T30,0.9976769942352748,1.0861819077803725,1.0360791302751053
IND,31T33,0.7602983280241987,1.051801137695958,1.0360791302751053
IND,35,0.6425542147387847,1.0213785630880168,1.0360791302751053
IND,36T39,0.9734150495961379,1.017497109700454,1.0360791302751053
IND,41T43,1.025777912650929,1.0545213658872026,1.0360791302751053
IND,45T47,1.0013961674029936,0.9929911807037579,1.0360791302751053
IND,49,0.9582326212131599,1.0136085158198256,1.0360791302751053
IND,50,0.8307332091979349,1.0271330150558897,1.0360791302751053
IND,51,0.8888952860341586,1.0491621463331495,1.0360791302751053
IND,52,0.9468752541724054,1.028017914037847,1.0360791302751053
IND,53,0.9701478970749448,1.0002858959383072,1.0360791302751053
IND,55T56,1.0073043891824136,1.0490996407251973,1.0360791302751053
IND,58T60,1.0145554020099903,1.0190915201009585,1.0360791302751053
IND,61,0.9980199950218144,1.0527993902984554,1.0360791302751053
IND,62T63,1.066444793491256,0.9890058798639932,1.0360791302751053
IND,64T66,1.0066835153573257,1.0084873171199706,1.0360791302751053
IND,68,1.0341589220345786,0.9851704871786952,1.0360791302751053
IND,69T75,1.034088448290523,1.0070220600815345,1.0360791302751053
IND,77T82,0.97984541138496,1.0011562461087673,1.0360791302751053
IND,84,1.0361801548824456,0.9983390488413674,1.0360791302751053
IND,85,1.03543427563222,0.9857527939317372,1.0360791302751053
IND,86T88,1.0364762093400393,0.9938436759432676,1.0360791302751053
IND,90T93,1.0358968144954241,1.0023824930241367,1.0360791302751053
IND,94T98,1.035017875311155,1.0145042295504823,1.0360791302751053
IRL,01T02,0.72430647247523,1.0511853058486005,1.0514368608461924
IRL,03,0.9941203983677235,1.0480627138422092,1.0514368608461924
IRL,05T06,0.4205318394674119,1.0538238647929459,1.0514368608461924
IRL,07T08,0.9750509549141226,1.0533928454596504,1.0514368608461924
IRL,10T12,1.0281063161893198,1.0521115310825369,1.0514368608461924
IRL,13T15,1.0280170977797196,1.0293604339775855,1.0514368608461924
IRL,16,0.9933194203953614,1.0592784648320546,1.0514368608461924
IRL,17T18,1.0486936027827995,1.0293147681946657,1.0514368608461924
IRL,19,1.0788968937508316,1.0343850850624206,1.0514368608461924
IRL,20,1.104259092143209,1.03205636619827,1.0514368608461924
IRL,21,1.0517333743455368,1.02776993915921,1.0514368608461924
IRL,22,1.0953784597623664,1.0336521321525591,1.0514368608461924
IRL,23,0.9438122443819289,1.043439569683161,1.0514368608461924
IRL,24,0.9974243846203766,1.0418642622318597,1.0514368608461924
IRL,25,1.0635974497699867,1.0329692424018244,1.0514368608461924
IRL,26,1.0270713433870062,1.0308543730548718,1.0514368608461924
IRL,27,1.0500796899995126,1.0351077425933526,1.0514368608461924
IRL,28,1.0188551199179836,1.0317480798500889,1.0514368608461924
IRL,29T30,1.0313077436398883,1.0346944739525479,1.0514368608461924
IRL,31T33,1.081436020169601,1.029137004153523,1.0514368608461924
IRL,35,0.9446505735312568,1.0325403211445552,1.0514368608461924
IRL,36T39,1.0384776282484203,1.030673267231685,1.0514368608461924
IRL,41T43,1.0379912830745013,1.0374993412247846,1.0514368608461924
IRL,45T47,1.002639959439114,1.0291994136376235,1.0514368608461924
IRL,49,1.0332685502016248,1.030087869714664,1.0514368608461924
IRL,50,0.9822010389568344,1.0469990073457398,1.0514368608461924
IRL,51,0.5549284064140286,1.0347378956992106,1.0514368608461924
IRL,52,1.0056687403988518,1.030977986302717,1.0514368608461924
IRL,53,1.016707361268898,1.028159364362014,1.0514368608461924
IRL,55T56,1.0414053021961902,1.0302746305295005,1.0514368608461924
IRL,58T60,1.0173351068578786,1.0266620038645555,1.0514368608461924
IRL,61,1.0162794689858563,1.0281210043285984,1.0514368608461924
IRL,62T63,1.0058144417995467,1.0276429319810942,1.0514368608461924
IRL,64T66,0.9957640781551318,1.0258978474854448,1.0514368608461924
IRL,68,1.0256396503494645,1.0265201789350786,1.0514368608461924
IRL,69T75,1.0062632495048118,1.0275761248079578,1.0514368608461924
IRL,77T82,1.0019398806154922,1.0281101236393033,1.0514368608461924
IRL,84,1.0470179683237526,1.0289243904223881,1.0514368608461924
IRL,85,1.0459772327589918,1.027251186310699,1.0514368608461924
IRL,86T88,1.0503598799001845,1.0276917575788795,1.0514368608461924
IRL,90T93,1.0309348092055948,1.0294723523989369,1.0514368608461924
IRL,94T98,1.0360132439371939,1.0278973505203475,1.0514368608461924
ISL,01T02,0.9607396098430041,1.0393608055957075,1.033244608786272
ISL,03,1.026908193177425,1.0283025346538455,1.033244608786272
ISL,05T06,1.008165612542175,1.0319754836465076,1.033244608786272
ISL,07T08,0.9998611537763961,1.030553652675659,1.033244608786272
ISL,10T12,1.0720311285271467,1.0376155718113138,1.033244608786272
ISL,13T15,1.0191851077348744,1.0308526259617603,1.033244608786272
ISL,16,1.1043182830183114,1.0399775667354405,1.033244608786272
ISL,17T18,1.0547676418148322,1.0300077768888367,1.033244608786272
ISL,19,1.0533667564056428,1.0261681547036978,1.033244608786272
ISL,20,1.081775602037863,1.0358731872178213,1.033244608786272
ISL,21,1.001414747496448,1.0461658894228658,1.033244608786272
ISL,22,1.0759476787480584,1.03565939573738,1.033244608786272
ISL,23,1.0822983328606561,1.0332442244943294,1.033244608786272
ISL,24,0.9243816350951582,1.0503338962818474,1.033244608786272
ISL,25,1.042658741769239,1.0370608731580246,1.033244608786272
ISL,26,1.027189744405771,1.032508221604803,1.033244608786272
ISL,27,0.9993650777731402,1.03534438217506,1.033244608786272
ISL,28,1.028231846578052,1.0324776786415828,1.033244608786272
ISL,29T30,1.0151064511795955,1.0328230684419757,1.033244608786272
ISL,31T33,1.0425499750963227,1.0319219473578618,1.033244608786272
ISL,35,1.0058724509572072,1.0267274906880692,1.033244608786272
ISL,36T39,1.0066876621536456,1.028325201915199,1.033244608786272
ISL,41T43,1.031120263619636,1.0329825843419345,1.033244608786272
ISL,45T47,1.013920547187179,1.0333306371837099,1.033244608786272
ISL,49,1.0135495596885107,1.0316176515721631,1.033244608786272
ISL,50,0.9587600092068085,1.0382740531759849,1.033244608786272
ISL,51,0.94759290815209,1.042196723545876,1.033244608786272
ISL,52,0.9954297418158421,1.028520000062271,1.033244608786272
ISL,53,1.016821958160606,1.026106225563794,1.033244608786272
ISL,55T56,1.031433075505654,1.0289387946411859,1.033244608786272
ISL,58T60,1.0080252044930422,1.027561660269561,1.033244608786272
ISL,61,1.0117342408676657,1.025229718412604,1.033244608786272
ISL,62T63,1.0137293072029365,1.0239630233573693,1.033244608786272
ISL,64T66,1.0085019516563818,1.0232557226991843,1.033244608786272
ISL,68,1.0302406348402826,1.0232660559663773,1.033244608786272
ISL,69T75,1.015949935252025,1.0244418332169625,1.033244608786272
ISL,77T82,1.018828750406074,1.0329525778639572,1.033244608786272
ISL,84,1.0319514787948139,1.0249695592101904,1.033244608786272
ISL,85,1.0325338597411027,1.0233349745612275,1.033244608786272
ISL,86T88,1.032882718054643,1.0235718979467143,1.033244608786272
ISL,90T93,1.0258933149178042,1.0250375708465451,1.033244608786272
ISL,94T98,1.027805846671678,1.024877094438934,1.033244608786272
ISR,01T02,1.1467278782965034,1.0526915917989168,1.0408896152729514
ISR,03,1.030888435660849,1.0395447848220214,1.0408896152729514
ISR,05T06,0.48237540401945506,1.0373337900988997,1.0408896152729514
ISR,07T08,0.9694920227735087,1.033782474386438,1.0408896152729514
ISR,10T12,1.0493414080343964,1.0458603390093115,1.0408896152729514
ISR,13T15,1.0098643830704768,1.0350592632560185,1.0408896152729514
ISR,16,1.074022343575183,1.0380278270336942,1.0408896152729514
ISR,17T18,1.0445315302406106,1.035697049480068,1.0408896152729514
ISR,19,0.9970697999705397,1.0502228554755322,1.0408896152729514
ISR,20,1.0747780893295902,1.0378619340591584,1.0408896152729514
ISR,21,1.0365141490639271,1.0342397554546428,1.0408896152729514
ISR,22,0.9881456646605528,1.0406146406142531,1.0408896152729514
ISR,23,1.0160148934155049,1.0438148456881646,1.0408896152729514
ISR,24,1.2116608367327306,1.0604733230576782,1.0408896152729514
ISR,25,1.056222387783668,1.0394640197076033,1.0408896152729514
ISR,26,1.0323992756386813,1.031252387956428,1.0408896152729514
ISR,27,1.0526546862296227,1.0362699155684967,1.0408896152729514
ISR,28,1.0351902507691246,1.0361793005644697,1.0408896152729514
ISR,29T30,1.0311623359055107,1.036962717275715,1.0408896152729514
ISR,31T33,0.9930247161885082,1.02872802827712,1.0408896152729514
ISR,35,0.8740163658182779,1.0484555912902467,1.0408896152729514
ISR,36T39,1.0407835900387858,1.0373250026888259,1.0408896152729514
ISR,41T43,1.0390171833509183,1.037574641267038,1.0408896152729514
ISR,45T47,1.0182843804234905,1.029552960458023,1.0408896152729514
ISR,49,1.0160008131484226,1.0336635175500557,1.0408896152729514
ISR,50,0.958579234397742,1.0444022801451307,1.0408896152729514
ISR,51,1.0574114497546439,1.0381271778603451,1.0408896152729514
ISR,52,0.988477599787514,1.0328203561306428,1.0408896152729514
ISR,53,1.0283606387938975,1.0302185484353643,1.0408896152729514
ISR,55T56,1.0266232039504377,1.0386788545780015,1.0408896152729514
ISR,58T60,1.009756093021544,1.0296656325568785,1.0408896152729514
ISR,61,1.0256273035287804,1.0281180971038952,1.0408896152729514
ISR,62T63,0.9926974506558404,1.027341668777495,1.0408896152729514
ISR,64T66,1.0140366778525118,1.0285876243735972,1.0408896152729514
ISR,68,1.0363539565360689,1.0275374798280448,1.0408896152729514
ISR,69T75,1.0244329095363887,1.028999705294119,1.0408896152729514
ISR,77T82,1.0267531041828462,1.0274313353929607,1.0408896152729514
ISR,84,1.0406210925039723,1.0332762072998123,1.0408896152729514
ISR,85,1.0398943576791575,1.0289998761756258,1.0408896152729514
ISR,86T88,1.0400287753773336,1.029788054160448,1.0408896152729514
ISR,90T93,1.0363526372674774,1.027947688413932,1.0408896152729514
ISR,94T98,1.0334352333880208,1.0343544763233634,1.0408896152729514
ITA,01T02,1.0566689052431473,1.0426688079125435,1.0448546611748502
ITA,03,1.0289955431549234,1.0406920594700153,1.0448546611748502
ITA,05T06,0.9214354449036827,1.039973633853836,1.0448546611748502
ITA,07T08,1.010567410197658,1.0324900696674952,1.0448546611748502
ITA,10T12,1.0455238216943685,1.0511957309824815,1.0448546611748502
ITA,13T15,1.0125660384878226,1.036468150368436,1.0448546611748502
ITA,16,1.047845918868126,1.0446232397990174,1.0448546611748502
ITA,17T18,1.0261907455591965,1.0412831118790655,1.0448546611748502
ITA,19,1.0051288384665351,1.0517182479978637,1.0448546611748502
ITA,20,1.0400078697719635,1.0484834997033834,1.0448546611748502
ITA,21,1.017583062898827,1.0402751460121584,1.0448546611748502
ITA,22,1.0536977757395891,1.0457112063424052,1.0448546611748502
ITA,23,1.0244631922108267,1.052695279652922,1.0448546611748502
ITA,24,1.1102009049768609,1.060221144770672,1.0448546611748502
ITA,25,1.0298578813771557,1.0444074643071066,1.0448546611748502
ITA,26,1.0241059017414664,1.0403999525930143,1.0448546611748502
ITA,27,1.0266449671598064,1.0443163920039051,1.0448546611748502
ITA,28,1.0203717979456188,1.0413653159540301,1.0448546611748502
ITA,29T30,1.0222439902992633,1.0407143182221588,1.0448546611748502
ITA,31T33,1.052771356988461,1.040529872966,1.0448546611748502
ITA,35,0.9457352602360042,1.070231485078524,1.0448546611748502
ITA,36T39,1.0423898995354135,1.0398435392837364,1.0448546611748502
ITA,41T43,1.0399655873222189,1.0391805803180436,1.0448546611748502
ITA,45T47,1.0203273689498287,1.035630051007908,1.0448546611748502
ITA,49,1.0159827137702588,1.0398950226138792,1.0448546611748502
ITA,50,0.853522198691537,1.040003881673741,1.0448546611748502
ITA,51,1.0128369959286108,1.0386765123852522,1.0448546611748502
ITA,52,1.0185496942235057,1.0383009320026124,1.0448546611748502
ITA,53,1.0155292344164764,1.0455996275693,1.0448546611748502
ITA,55T56,1.0348525780777487,1.039061271542884,1.0448546611748502
ITA,58T60,1.0131836910891951,1.034511952540265,1.0448546611748502
ITA,61,1.0226315397479433,1.033351760079556,1.0448546611748502
ITA,62T63,1.0234771626804684,1.0326152267516768,1.0448546611748502
ITA,64T66,1.024405185328218,1.0319458616743715,1.0448546611748502
ITA,68,1.0392573862756473,1.031775022250655,1.0448546611748502
ITA,69T75,1.0257832338241133,1.0344477516419242,1.0448546611748502
ITA,77T82,1.0257812135224806,1.0362517568299006,1.0448546611748502
ITA,84,1.0431878245156625,1.0346047522768291,1.0448546611748502
ITA,85,1.042502792604039,1.0330823001409888,1.0448546611748502
ITA,86T88,1.0436117834803391,1.0357353393361732,1.0448546611748502
ITA,90T93,1.0362902631573867,1.0353462475816109,1.0448546611748502
ITA,94T98,1.0408439781191619,1.0369023968048574,1.0448546611748502
JPN,01T02,1.0684882023072322,1.0441644375393366,1.0421364958003805
JPN,03,1.0324937263693188,1.035693954828127,1.0421364958003805
JPN,05T06,0.8163920914496884,1.0395700578595188,1.0421364958003805
JPN,07T08,0.9542887201199494,1.0418676772380937,1.0421364958003805
JPN,10T12,1.045966136106649,1.0437539870356884,1.0421364958003805
JPN,13T15,1.0177798582087982,1.0372846793655306,1.0421364958003805
JPN,16,1.0483810934979634,1.0454513387206559,1.0421364958003805
JPN,17T18,1.010034035548756,1.0436067121311983,1.0421364958003805
JPN,19,0.9625398337292886,1.0629952717255509,1.0421364958003805
JPN,20,0.9984797892211492,1.051166302059846,1.0421364958003805
JPN,21,1.005466504941834,1.0398954622336782,1.0421364958003805
JPN,22,1.0540080977467274,1.0452778386789459,1.0421364958003805
JPN,23,0.9694644383360016,1.0398657471511712,1.0421364958003805
JPN,24,1.049722173203542,1.054456186837435,1.0421364958003805
JPN,25,1.0388193671446924,1.052283371532519,1.0421364958003805
JPN,26,1.023851530988896,1.039647086056841,1.0421364958003805
JPN,27,1.0355489929729151,1.0444108354842314,1.0421364958003805
JPN,28,1.0282755223161353,1.0415086935132887,1.0421364958003805
JPN,29T30,1.0098780116632438,1.043719258329492,1.0421364958003805
JPN,31T33,1.034691378991155,1.039002678768453,1.0421364958003805
JPN,35,0.870982630608895,1.0724408013451865,1.0421364958003805
JPN,36T39,1.0314367019525588,1.0318260642202972,1.0421364958003805
JPN,41T43,1.039466335543345,1.0428598475301127,1.0421364958003805
JPN,45T47,1.0182847306223408,1.0344411852662196,1.0421364958003805
JPN,49,1.024666435536194,1.034129365375276,1.0421364958003805
JPN,50,0.8652590801144073,1.0675684490813653,1.0421364958003805
JPN,51,0.9600551303744941,1.0447108581388778,1.0421364958003805
JPN,52,1.0118473765874623,1.0330477347503364,1.0421364958003805
JPN,53,1.0179725266449418,1.0328252976844992,1.0421364958003805
JPN,55T56,1.0329766636833517,1.040573247117418,1.0421364958003805
JPN,58T60,1.0203921007946113,1.0330316385577412,1.0421364958003805
JPN,61,1.0362250537463034,1.0318307046166946,1.0421364958003805
JPN,62T63,1.021201528402053,1.0307686714020714,1.0421364958003805
JPN,64T66,1.026335866329469,1.030430922356628,1.0421364958003805
JPN,68,1.0380969955392587,1.0280252780608765,1.0421364958003805
JPN,69T75,1.019365482047377,1.0317910543566338,1.0421364958003805
JPN,77T82,1.0132548431032522,1.0314190154312992,1.0421364958003805
JPN,84,1.0419548804889267,1.0319337145621466,1.0421364958003805
JPN,85,1.0398091231227038,1.0311475102592005,1.0421364958003805
JPN,86T88,1.041758482355819,1.033257952133703,1.0421364958003805
JPN,90T93,1.0371601037023406,1.0373244013379839,1.0421364958003805
JPN,94T98,1.0375246880363131,1.0348108631192992,1.0421364958003805
KAZ,01T02,0.8726994091881561,0.9809335458680214,0.9872335431869159
KAZ,03,0.994326452622381,0.9481715783185647,0.9872335431869159
KAZ,05T06,0.8443115092965883,0.9721331289891941,0.9872335431869159
KAZ,07T08,0.7904183832035327,0.9914409844875114,0.9872335431869159
KAZ,10T12,1.019055231450875,1.002312601509722,0.9872335431869159
KAZ,13T15,1.0877001250091036,0.9922899666673108,0.9872335431869159
KAZ,16,0.8431049648801006,1.013755028480213,0.9872335431869159
KAZ,17T18,1.0419893948392283,0.9838308267915103,0.9872335431869159
KAZ,19,0.8630402678864977,0.9923178108609295,0.9872335431869159
KAZ,20,0.8463743622155246,0.9898152586605282,0.9872335431869159
KAZ,21,0.8976080987789372,0.9615418000356275,0.9872335431869159
KAZ,22,0.9728915083290278,1.0011838343451112,0.9872335431869159
KAZ,23,0.5219313917033168,1.0055823949780698,0.9872335431869159
KAZ,24,0.9374345546735849,0.9844330899926752,0.9872335431869159
KAZ,25,1.0518163867180819,0.997000541838664,0.9872335431869159
KAZ,26,1.027236543698961,0.9775509815567671,0.9872335431869159
KAZ,27,1.0852068010085902,0.9884908537202659,0.9872335431869159
KAZ,28,1.0387736827915457,0.9894331367344107,0.9872335431869159
KAZ,29T30,1.1143386488034814,0.96981665363478,0.9872335431869159
KAZ,31T33,1.0158769136296195,0.987921287020729,0.9872335431869159
KAZ,35,0.34700557802347265,1.0075698518061067,0.9872335431869159
KAZ,36T39,0.9660495018881134,1.022818837026663,0.9872335431869159
KAZ,41T43,0.9722865835150314,1.0122683165417359,0.9872335431869159
KAZ,45T47,0.9985893007141742,0.9595009305728963,0.9872335431869159
KAZ,49,0.950445666665309,0.9695563284876809,0.9872335431869159
KAZ,50,1.1298347057313596,0.9865405748085734,0.9872335431869159
KAZ,51,1.0159058786872943,0.965830054858174,0.9872335431869159
KAZ,52,1.007782919686276,0.9646208668171544,0.9872335431869159
KAZ,53,1.0147912581968677,0.9591470941269522,0.9872335431869159
KAZ,55T56,1.0431232637507517,0.9731341121258753,0.9872335431869159
KAZ,58T60,1.016249344931645,0.9887170054840434,0.9872335431869159
KAZ,61,0.9969620608251357,0.9704041449543704,0.9872335431869159
KAZ,62T63,0.9862560154885558,0.9763612450240673,0.9872335431869159
KAZ,64T66,0.9830723081858286,0.954659744613989,0.9872335431869159
KAZ,68,0.9900148952699651,0.9620357232950892,0.9872335431869159
KAZ,69T75,0.9876223574123727,0.9755657345843829,0.9872335431869159
KAZ,77T82,0.9814497579046418,0.9696407489350836,0.9872335431869159
KAZ,84,0.9872870037581617,1.004215198054866,0.9872335431869159
KAZ,85,0.9872583537835847,1.000967290878745,0.9872335431869159
KAZ,86T88,0.9858772306912205,0.9957915651967796,0.9872335431869159
KAZ,90T93,0.9863803341634025,1.0067038987796861,0.9872335431869159
KAZ,94T98,0.9859072548571629,1.018070871750943,0.9872335431869159
KHM,01T02,0.4423576957994461,1.0016701195392954,1.0470411345896409
KHM,03,0.9833606147684312,0.9504934848616557,1.0470411345896409
KHM,05T06,1.0289216693512966,0.9713691736211749,1.0470411345896409
KHM,07T08,0.9337406842675329,0.9791498276206544,1.0470411345896409
KHM,10T12,0.899860952340555,1.1490183262048164,1.0470411345896409
KHM,13T15,1.1817841544962118,0.9973719834083131,1.0470411345896409
KHM,16,0.981425549428812,1.037432330788266,1.0470411345896409
KHM,17T18,1.0191419376680186,1.0436949763053613,1.0470411345896409
KHM,19,0.27002359029285433,1.0106728702856975,1.0470411345896409
KHM,20,1.047366844259091,1.0523023992963687,1.0470411345896409
KHM,21,1.1532418756212748,0.9926799643562085,1.0470411345896409
KHM,22,0.8907016059203287,1.077625693364752,1.0470411345896409
KHM,23,0.25742702873105444,1.0001819552585722,1.0470411345896409
KHM,24,1.5807123839921466,0.9944570265707453,1.0470411345896409
KHM,25,1.2252470370487096,1.0053794935331155,1.0470411345896409
KHM,26,1.0865694704376734,0.9936372935516561,1.0470411345896409
KHM,27,1.1468136210460809,1.002125211371744,1.0470411345896409
KHM,28,1.1355883308685712,0.9911043818267743,1.0470411345896409
KHM,29T30,1.1096940414806324,0.9986639545915125,1.0470411345896409
KHM,31T33,0.9338759324166498,1.0036609526424372,1.0470411345896409
KHM,35,0.6572872617610871,1.0514027644731356,1.0470411345896409
KHM,36T39,1.033701580284588,1.0299183808302061,1.0470411345896409
KHM,41T43,1.0294961633867303,0.9926792688669028,1.0470411345896409
KHM,45T47,1.078997792968489,0.9955407406246133,1.0470411345896409
KHM,49,0.9731631004457116,0.9886812984868504,1.0470411345896409
KHM,50,1.0576624404272565,1.0083046404328198,1.0470411345896409
KHM,51,0.7281778742058201,1.018177722432928,1.0470411345896409
KHM,52,1.0882512804889566,0.9798588949384353,1.0470411345896409
KHM,53,1.1026053304438925,0.982761940378056,1.0470411345896409
KHM,55T56,0.9934469751229817,1.0774025560768898,1.0470411345896409
KHM,58T60,1.0853040501051727,0.9955153568586629,1.0470411345896409
KHM,61,1.0539074950904443,0.9843613331399221,1.0470411345896409
KHM,62T63,1.0700468891373975,0.9963373443478664,1.0470411345896409
KHM,64T66,1.1092103350910847,0.9604113292053569,1.0470411345896409
KHM,68,1.0587987076869885,0.9852509841048342,1.0470411345896409
KHM,69T75,1.0714726249177275,0.9930268607334688,1.0470411345896409
KHM,77T82,1.0521476051710055,0.9933117301673633,1.0470411345896409
KHM,84,1.0459074822360344,1.0081510888501153,1.0470411345896409
KHM,85,1.058558538118392,0.9724448600587227,1.0470411345896409
KHM,86T88,1.0533415625768972,0.9811869641247446,1.0470411345896409
KHM,90T93,1.0695895431405176,0.9812516285110935,1.0470411345896409
KHM,94T98,1.0528427283289385,0.9759679846202762,1.0470411345896409
KOR,01T02,1.067534451303251,1.0365647334916877,1.0493086865254495
KOR,03,1.0310387317810725,1.0389191316808408,1.0493086865254495
KOR,05T06,0.45052939122619984,1.0340146935349073,1.0493086865254495
KOR,07T08,0.9520408461759489,1.0412924677173756,1.0493086865254495
KOR,10T12,1.0452867303694007,1.0512189723849197,1.0493086865254495
KOR,13T15,1.0062499275449057,1.043278372616145,1.0493086865254495
KOR,16,1.0480406758573262,1.0517961405908407,1.0493086865254495
KOR,17T18,1.0009207215831462,1.047966076615946,1.0493086865254495
KOR,19,0.968056265858657,1.0457764579155249,1.0493086865254495
KOR,20,1.0041242323711361,1.0553441898254627,1.0493086865254495
KOR,21,1.0273877089052728,1.0423235342409685,1.0493086865254495
KOR,22,1.0241488314326175,1.0495539743385034,1.0493086865254495
KOR,23,0.9468148625674356,1.0679815017234022,1.0493086865254495
KOR,24,0.9461088579499501,1.0838234913158684,1.0493086865254495
KOR,25,1.0208891893278533,1.0570538145294213,1.0493086865254495
KOR,26,1.0157569775115873,1.0388306822753284,1.0493086865254495
KOR,27,1.0200779878706223,1.0505475864987528,1.0493086865254495
KOR,28,1.0205872592627396,1.0476318735086765,1.0493086865254495
KOR,29T30,1.0043890285756383,1.048870999641969,1.0493086865254495
KOR,31T33,1.0318184798163386,1.0444089728760133,1.0493086865254495
KOR,35,0.7832091425045147,1.0911143041714375,1.0493086865254495
KOR,36T39,1.0159636459827435,1.041616472845495,1.0493086865254495
KOR,41T43,1.0458046599524433,1.051271594837031,1.0493086865254495
KOR,45T47,1.005662753650144,1.0338025223619782,1.0493086865254495
KOR,49,0.979887529450994,1.0400453618320884,1.0493086865254495
KOR,50,0.9219001966128715,1.055136058679112,1.0493086865254495
KOR,51,0.8651011336158196,1.0383005680233928,1.0493086865254495
KOR,52,0.9793521357935494,1.0365528086319804,1.0493086865254495
KOR,53,0.9832890854167112,1.0374860879497516,1.0493086865254495
KOR,55T56,1.0305740633288858,1.0420584863070437,1.0493086865254495
KOR,58T60,1.018231469179982,1.0295949003912348,1.0493086865254495
KOR,61,1.0223730385522243,1.0331439502075102,1.0493086865254495
KOR,62T63,1.0191342124080771,1.0261198861624625,1.0493086865254495
KOR,64T66,1.0295910733448888,1.0249252395495045,1.0493086865254495
KOR,68,1.0431678956897203,1.0250650841386935,1.0493086865254495
KOR,69T75,1.0139380468548047,1.038688242688199,1.0493086865254495
KOR,77T82,1.0094065114069741,1.0266221774387239,1.0493086865254495
KOR,84,1.0478183096317137,1.026362012739464,1.0493086865254495
KOR,85,1.0466340393514528,1.0317686034449058,1.0493086865254495
KOR,86T88,1.047023590777113,1.0351510614509243,1.0493086865254495
KOR,90T93,1.0367364319959969,1.038024375229632,1.0493086865254495
KOR,94T98,1.0342496297144659,1.0376296473035578,1.0493086865254495
LAO,01T02,0.6152400631850914,0.9779168400721104,0.9954256285560316
LAO,03,0.8715821845772437,0.925823125707946,0.9954256285560316
LAO,05T06,0.917676009583037,0.9616035174459351,0.9954256285560316
LAO,07T08,0.9609436337628974,0.9628879029871223,0.9954256285560316
LAO,10T12,0.8922595148153504,1.1452742748481286,0.9954256285560316
LAO,13T15,1.2257544444583557,0.957022346207013,0.9954256285560316
LAO,16,0.9424147833657505,1.0897715739364673,0.9954256285560316
LAO,17T18,0.9087253343126762,1.0821887637500545,0.9954256285560316
LAO,19,1.074348072841815,0.9850077710549787,0.9954256285560316
LAO,20,1.264626425192713,0.982847432585622,0.9954256285560316
LAO,21,1.0308189972733006,0.9648462881484423,0.9954256285560316
LAO,22,0.7858233113160757,1.0049298185378484,0.9954256285560316
LAO,23,1.0210572307956376,0.9856568019439,0.9954256285560316
LAO,24,1.780514799493186,0.9911184830321593,0.9954256285560316
LAO,25,1.2564539265274213,0.9932391880984215,0.9954256285560316
LAO,26,1.0718514629790759,0.9893616654276837,0.9954256285560316
LAO,27,1.1667898881859775,0.9927174379085931,0.9954256285560316
LAO,28,1.1496506613245856,0.9936058089352421,0.9954256285560316
LAO,29T30,1.1305204450303183,0.9973565992747714,0.9954256285560316
LAO,31T33,0.7038582659443996,1.0124010562307602,0.9954256285560316
LAO,35,0.38542517995686376,0.9835158947174344,0.9954256285560316
LAO,36T39,0.9438659192836588,0.9713300041275931,0.9954256285560316
LAO,41T43,0.9807131053701419,1.0020433722400066,0.9954256285560316
LAO,45T47,1.0112501659563875,0.9604731215543919,0.9954256285560316
LAO,49,1.0429299476963656,0.9741527855700005,0.9954256285560316
LAO,50,0.6251874276176925,1.0069472130159614,0.9954256285560316
LAO,51,1.0433960978968784,0.955016344472017,0.9954256285560316
LAO,52,0.9146248008862439,0.9956194071556682,0.9954256285560316
LAO,53,1.0295400772019796,0.9566669846644908,0.9954256285560316
LAO,55T56,1.0024965372442138,1.0251883965551198,0.9954256285560316
LAO,58T60,0.995445194799853,1.0166275828686466,0.9954256285560316
LAO,61,1.0061230346147305,0.9575862441934375,0.9954256285560316
LAO,62T63,1.0156476228194395,0.9827085672590159,0.9954256285560316
LAO,64T66,1.0194461770323082,0.9404991031152635,0.9954256285560316
LAO,68,1.0123515925188864,0.9415777037715697,0.9954256285560316
LAO,69T75,1.024137708014373,0.972011883766162,0.9954256285560316
LAO,77T82,1.0033525385670243,0.978303546207743,0.9954256285560316
LAO,84,0.9955638516332961,0.9614309238391355,0.9954256285560316
LAO,85,1.0066668821028777,0.9568772630039769,0.9954256285560316
LAO,86T88,1.0171905206530079,0.9693832552617603,0.9954256285560316
LAO,90T93,1.0306002088497872,0.9671320113279188,0.9954256285560316
LAO,94T98,1.0057913175367574,0.953756638039905,0.9954256285560316
LTU,01T02,0.7520474064061528,1.0424971642585157,1.037304641698828
LTU,03,1.024093040793805,1.0281427219926447,1.037304641698828
LTU,05T06,0.6799782805420713,1.0301571581763491,1.037304641698828
LTU,07T08,0.9947903488548804,1.028929196649898,1.037304641698828
LTU,10T12,1.025593870587153,1.0514759179869388,1.037304641698828
LTU,13T15,1.0478401552159289,1.0233157814087028,1.037304641698828
LTU,16,1.0464433429800601,1.048138210574724,1.037304641698828
LTU,17T18,1.0346886573020098,1.0301165801252141,1.037304641698828
LTU,19,1.0159577092337162,1.0318279668322645,1.037304641698828
LTU,20,0.6779181255731429,1.0579840953604431,1.037304641698828
LTU,21,1.0292073238740465,1.0229965341667644,1.037304641698828
LTU,22,1.0484777790158974,1.0402153682822046,1.037304641698828
LTU,23,0.9408262257717857,1.0282192701361883,1.037304641698828
LTU,24,1.3423265642369624,1.0424472841705315,1.037304641698828
LTU,25,1.0607824250473983,1.0307181167229091,1.037304641698828
LTU,26,1.0381895921307565,1.022690623666249,1.037304641698828
LTU,27,1.0443976464262281,1.0325485308248876,1.037304641698828
LTU,28,1.0263721360724916,1.0306520197512286,1.037304641698828
LTU,29T30,1.0395341993116873,1.0297554678226009,1.037304641698828
LTU,31T33,1.0690755162752354,1.0269614274705825,1.037304641698828
LTU,35,1.058328842446347,1.025585632403128,1.037304641698828
LTU,36T39,1.0298425878729296,1.0228406628052662,1.037304641698828
LTU,41T43,1.0318854060369176,1.025508483858998,1.037304641698828
LTU,45T47,1.0150453299617075,1.0160940526225464,1.037304641698828
LTU,49,1.004133421374313,1.0212303003499315,1.037304641698828
LTU,50,0.9119370242267723,1.0203739456685224,1.037304641698828
LTU,51,1.1673916588707367,1.02696771078645,1.037304641698828
LTU,52,0.9994591203093236,1.0192722288282048,1.037304641698828
LTU,53,1.0235920238321514,1.0173117600720607,1.037304641698828
LTU,55T56,1.029899315474982,1.0199885190602034,1.037304641698828
LTU,58T60,1.0096049096237343,1.0216476798191476,1.037304641698828
LTU,61,1.0193939026739978,1.0155101254078307,1.037304641698828
LTU,62T63,1.0129830213893098,1.0140564579925586,1.037304641698828
LTU,64T66,1.0193806331413455,1.0127561846359792,1.037304641698828
LTU,68,1.0218329519741107,1.0178505580087887,1.037304641698828
LTU,69T75,1.0083461249783696,1.015054080193689,1.037304641698828
LTU,77T82,1.0164615661833059,1.0176108536622173,1.037304641698828
LTU,84,1.0351663536367568,1.0146806272592301,1.037304641698828
LTU,85,1.0352475374711438,1.0132487219097945,1.037304641698828
LTU,86T88,1.0360304622804153,1.0156214865698638,1.037304641698828
LTU,90T93,1.03160516890349,1.0164532157789272,1.037304641698828
LTU,94T98,1.0288484758312129,1.015922797322599,1.037304641698828
LVA,01T02,0.830891083775369,1.060107072178079,1.0314181963462827
LVA,03,1.0149755774657039,1.0249221470851155,1.0314181963462827
LVA,05T06,0.04302465117644487,1.0339986541064843,1.0314181963462827
LVA,07T08,0.9819704807870571,1.026925039565399,1.0314181963462827
LVA,10T12,1.0205082375569696,1.0545345656315368,1.0314181963462827
LVA,13T15,1.0192896780821386,1.0284750257049722,1.0314181963462827
LVA,16,0.9847224765896302,1.0643149797319864,1.0314181963462827
LVA,17T18,1.0543276515769975,1.0252841498829894,1.0314181963462827
LVA,19,0.19203936179863537,1.0230401459122953,1.0314181963462827
LVA,20,1.0741552495849207,1.0474107004915656,1.0314181963462827
LVA,21,1.02559342349671,1.0203929031744725,1.0314181963462827
LVA,22,1.0630768558032653,1.0355921794129526,1.0314181963462827
LVA,23,0.906653112601137,1.0308707404890003,1.0314181963462827
LVA,24,1.365272795931687,1.0409298047231943,1.0314181963462827
LVA,25,1.037231119717567,1.036616589493021,1.0314181963462827
LVA,26,1.0362711972566045,1.0217680894584547,1.0314181963462827
LVA,27,1.0481946347486517,1.0259768159935287,1.0314181963462827
LVA,28,1.0245404957928794,1.0285565130148513,1.0314181963462827
LVA,29T30,1.0156039084149904,1.037718316742665,1.0314181963462827
LVA,31T33,1.0414185297114094,1.0308551814059275,1.0314181963462827
LVA,35,0.9857710634063812,1.0386793533913499,1.0314181963462827
LVA,36T39,1.037149010703147,1.0226129890587665,1.0314181963462827
LVA,41T43,1.0225191461737424,1.0322207899408797,1.0314181963462827
LVA,45T47,1.0098331113574903,1.016948102616706,1.0314181963462827
LVA,49,0.9607160926802192,1.023293023926169,1.0314181963462827
LVA,50,1.074803982615314,1.0226160521880472,1.0314181963462827
LVA,51,1.0255144867286934,1.0317766288846315,1.0314181963462827
LVA,52,1.0018744555824084,1.0192005811032219,1.0314181963462827
LVA,53,1.0240035611420208,1.0143669410809206,1.0314181963462827
LVA,55T56,1.0284917366501933,1.0218271669746324,1.0314181963462827
LVA,58T60,0.9922488350728774,1.0141854656591442,1.0314181963462827
LVA,61,1.0270082922954495,1.011933303477242,1.0314181963462827
LVA,62T63,1.014658965356023,1.0100315327541336,1.0314181963462827
LVA,64T66,1.01154359516691,1.0099160853945977,1.0314181963462827
LVA,68,1.0244582786977259,1.014072250904872,1.0314181963462827
LVA,69T75,1.015597135433814,1.012448998796637,1.0314181963462827
LVA,77T82,1.0095546767146948,1.0208939278138398,1.0314181963462827
LVA,84,1.0299639451978457,1.013077314855375,1.0314181963462827
LVA,85,1.0302018607710117,1.0154267791960607,1.0314181963462827
LVA,86T88,1.0307981124337018,1.0171192099046564,1.0314181963462827
LVA,90T93,1.029117767360585,1.0190805634742248,1.0314181963462827
LVA,94T98,1.0288723018579926,1.018056281365721,1.0314181963462827
MAR,01T02,1.0067365005104354,1.0367303482197487,1.047586365632627
MAR,03,1.0410720075080315,1.0222292888344475,1.047586365632627
MAR,05T06,0.9148241697681638,1.0326197362119565,1.047586365632627
MAR,07T08,0.935393988588756,1.03266239382325,1.047586365632627
MAR,10T12,1.0345540844164305,1.059552599848801,1.047586365632627
MAR,13T15,1.0192068930683311,1.033258303129073,1.047586365632627
MAR,16,1.0672705679353056,1.0436777446251584,1.047586365632627
MAR,17T18,1.0031360004290306,1.0391123735282486,1.047586365632627
MAR,19,0.9565219125879847,1.0659089520278449,1.047586365632627
MAR,20,1.0627369181713908,1.0397549803865536,1.047586365632627
MAR,21,1.032305726254697,1.0321860118908042,1.047586365632627
MAR,22,1.024013528926594,1.0647213327696743,1.047586365632627
MAR,23,0.7218808141773798,1.0717602932366685,1.047586365632627
MAR,24,1.1429731886838568,1.0515451858177451,1.047586365632627
MAR,25,1.0221550378106379,1.0504045341711707,1.047586365632627
MAR,26,1.0165050456548657,1.0414633196741463,1.047586365632627
MAR,27,1.0377713103146096,1.0388980306928772,1.047586365632627
MAR,28,1.026197646794304,1.042247005591721,1.047586365632627
MAR,29T30,1.0249944518972813,1.0398063848330765,1.047586365632627
MAR,31T33,1.0744368421101405,1.032515972659569,1.047586365632627
MAR,35,0.7297743604222241,1.033848629247953,1.047586365632627
MAR,36T39,1.0206571929407924,1.0267690381283892,1.047586365632627
MAR,41T43,1.038670129890536,1.0771896343879548,1.047586365632627
MAR,45T47,1.0158742644155634,1.0279344538221535,1.047586365632627
MAR,49,0.9488486347690752,1.0311956511105984,1.047586365632627
MAR,50,0.9377742159478742,1.047364435219254,1.047586365632627
MAR,51,0.7656046981500214,1.0436424827290272,1.047586365632627
MAR,52,0.9889533908226059,1.0301929150914688,1.047586365632627
MAR,53,1.0211614965470006,1.024656022329527,1.047586365632627
MAR,55T56,1.0286760143553595,1.0348628238600104,1.047586365632627
MAR,58T60,0.9790809218999902,1.0462132834535636,1.047586365632627
MAR,61,1.0309702478633311,1.0289691487926536,1.047586365632627
MAR,62T63,1.0374268859382765,1.015009847799608,1.047586365632627
MAR,64T66,1.0124012337561943,1.0179068339805077,1.047586365632627
MAR,68,1.037442954549835,1.0144992909343047,1.047586365632627
MAR,69T75,1.025422617620204,1.0154862183827515,1.047586365632627
MAR,77T82,1.0188994001802907,1.0163618247661346,1.047586365632627
MAR,84,1.0451147319102347,1.0271405539144116,1.047586365632627
MAR,85,1.0463725350119337,1.0214880057764366,1.047586365632627
MAR,86T88,1.0459495145220314,1.0244758139586767,1.047586365632627
MAR,90T93,1.0259569219167097,1.0315069063505962,1.047586365632627
MAR,94T98,1.0366070835130685,1.0225033743872702,1.047586365632627
MEX,01T02,0.8651787095485576,1.0254738878539906,1.0258697849242842
MEX,03,1.0241232832253364,1.0240295200757255,1.0258697849242842
MEX,05T06,0.8403340656977689,1.0194708954248988,1.0258697849242842
MEX,07T08,0.983353507268055,1.0235751451701798,1.0258697849242842
MEX,10T12,1.0256353689035478,1.0536961707251806,1.0258697849242842
MEX,13T15,1.0200727287816207,1.0308305293926625,1.0258697849242842
MEX,16,0.9809436971100823,1.0560081457693997,1.0258697849242842
MEX,17T18,1.0034819671285078,1.0349035319419673,1.0258697849242842
MEX,19,0.9194712579706362,1.0644848226266317,1.0258697849242842
MEX,20,0.6940724175832251,1.0551188788014125,1.0258697849242842
MEX,21,0.9914436710622302,1.039884429990886,1.0258697849242842
MEX,22,0.9335608230458248,1.0557876665097887,1.0258697849242842
MEX,23,0.7479108079222293,1.0746798103521744,1.0258697849242842
MEX,24,1.068825141892359,1.0383471973716998,1.0258697849242842
MEX,25,1.0217194007466575,1.044575443436671,1.0258697849242842
MEX,26,1.0284891727497243,1.0275400189879333,1.0258697849242842
MEX,27,1.0326130886898275,1.0391000277630311,1.0258697849242842
MEX,28,1.0350332603072467,1.0276398123478165,1.0258697849242842
MEX,29T30,1.027521415189093,1.0314308771975775,1.0258697849242842
MEX,31T33,0.9588442797031721,1.0328978864477996,1.0258697849242842
MEX,35,0.7629550908801884,1.0198948152240142,1.0258697849242842
MEX,36T39,1.0045302183448293,1.0544306432891937,1.0258697849242842
MEX,41T43,1.0225633227079385,1.0246145613727857,1.0258697849242842
MEX,45T47,1.0182692068494548,1.006380196601643,1.0258697849242842
MEX,49,0.9767703544715932,1.0169975318241735,1.0258697849242842
MEX,50,0.8804553238366348,1.0082495690090616,1.0258697849242842
MEX,51,1.0009216437272894,1.0313468631517846,1.0258697849242842
MEX,52,1.0087733096274067,1.0121526561465042,1.0258697849242842
MEX,53,0.9963976148165387,1.0174125911642076,1.0258697849242842
MEX,55T56,1.035185529471566,1.0147879066192185,1.0258697849242842
MEX,58T60,1.0266533241255889,1.0138303475405603,1.0258697849242842
MEX,61,1.0231916615771486,1.0067917012270857,1.0258697849242842
MEX,62T63,1.02451837306781,1.009791692824204,1.0258697849242842
MEX,64T66,1.026438105481153,1.0024016759292766,1.0258697849242842
MEX,68,1.0241985896810144,1.0004530555572002,1.0258697849242842
MEX,69T75,1.0074927125060673,1.0070395500835774,1.0258697849242842
MEX,77T82,1.0023685193007368,1.00590442978378,1.0258697849242842
MEX,84,1.0255479072546505,1.0130630091780748,1.0258697849242842
MEX,85,1.0265309681090404,1.0053199658095928,1.0258697849242842
MEX,86T88,1.0260585200869126,1.0142868108333392,1.0258697849242842
MEX,90T93,1.0277282656461235,1.0106921489269165,1.0258697849242842
MEX,94T98,1.0249621390785884,1.006002623928738,1.0258697849242842
MLT,01T02,1.1170699995237852,1.030676857624154,1.0431910270725608
MLT,03,1.0064280204521214,1.049726183297158,1.0431910270725608
MLT,05T06,0.9474009101646251,1.0418479524771587,1.0431910270725608
MLT,07T08,1.0326980271692443,1.0325667502484053,1.0431910270725608
MLT,10T12,1.065328243400713,1.0421231364918537,1.0431910270725608
MLT,13T15,0.971426095572863,1.0452983625823358,1.0431910270725608
MLT,16,1.048603785289713,1.0363247465989542,1.0431910270725608
MLT,17T18,1.0730262872573584,1.0371583292719346,1.0431910270725608
MLT,19,1.0141213760682486,1.049314183507391,1.0431910270725608
MLT,20,1.0944599198788394,1.0438222913790631,1.0431910270725608
MLT,21,1.0010050136586788,1.0461516024699287,1.0431910270725608
MLT,22,1.0719112087660798,1.036811151042802,1.0431910270725608
MLT,23,1.0980034074248073,1.0445407338332484,1.0431910270725608
MLT,24,1.295669247167564,1.0383142151792897,1.0431910270725608
MLT,25,1.0064387875970393,1.0464463443595862,1.0431910270725608
MLT,26,1.0088363480947358,1.0460769295735861,1.0431910270725608
MLT,27,1.0277777261497456,1.0414269859052827,1.0431910270725608
MLT,28,1.017562794808266,1.043095124520685,1.0431910270725608
MLT,29T30,1.0299599799408958,1.032005285608406,1.0431910270725608
MLT,31T33,1.0404628473897017,1.0352368092202249,1.0431910270725608
MLT,35,0.9120247271600173,1.0912323905900279,1.0431910270725608
MLT,36T39,1.0305768130407067,1.0421777937934482,1.0431910270725608
MLT,41T43,1.0316687871460883,1.0365808075369611,1.0431910270725608
MLT,45T47,1.0162001600337527,1.0334313791381868,1.0431910270725608
MLT,49,1.01475706813852,1.0326871378327718,1.0431910270725608
MLT,50,0.4678815821018247,1.0337311138466225,1.0431910270725608
MLT,51,1.0333684115564405,1.0389668864307866,1.0431910270725608
MLT,52,0.9755255597788005,1.0328854859106953,1.0431910270725608
MLT,53,0.9989800779011925,1.0580492033462734,1.0431910270725608
MLT,55T56,1.02525283977184,1.0349056184387395,1.0431910270725608
MLT,58T60,1.0077586408585637,1.0236069812085746,1.0431910270725608
MLT,61,1.0133495431131012,1.0218959956942566,1.0431910270725608
MLT,62T63,0.9965048672841389,1.026690725634391,1.0431910270725608
MLT,64T66,1.0018793394444658,1.0292146076073054,1.0431910270725608
MLT,68,1.0247838388393038,1.0245847678419966,1.0431910270725608
MLT,69T75,1.0017278886909682,1.0261839809073692,1.0431910270725608
MLT,77T82,0.9994809159943633,1.0313146227689425,1.0431910270725608
MLT,84,1.0377250941712481,1.0235060513089684,1.0431910270725608
MLT,85,1.0373071918720527,1.0200812009828282,1.0431910270725608
MLT,86T88,1.040361047287628,1.027572815805642,1.0431910270725608
MLT,90T93,1.0187888650700807,1.0194278801181298,1.0431910270725608
MLT,94T98,1.0301314509729198,1.0274071189643323,1.0431910270725608
MMR,01T02,0.6080078455055951,1.0876605225709184,1.0166682096526447
MMR,03,1.0056288455479088,0.9002326554358112,1.0166682096526447
MMR,05T06,0.7929450881665439,0.9682225898343628,1.0166682096526447
MMR,07T08,1.069174528637055,0.9802092152394813,1.0166682096526447
MMR,10T12,0.8751213273640361,1.1422834962465291,1.0166682096526447
MMR,13T15,1.100302356263964,1.003514594074758,1.0166682096526447
MMR,16,0.9217708757174771,1.0656665160704306,1.0166682096526447
MMR,17T18,1.072687586042807,0.9964868599518238,1.0166682096526447
MMR,19,0.9354367257254086,1.0148386349044132,1.0166682096526447
MMR,20,0.9899672272361312,1.0515412910608533,1.0166682096526447
MMR,21,0.9847715455258843,1.0349961245694137,1.0166682096526447
MMR,22,1.0407038557020534,1.0420243326746408,1.0166682096526447
MMR,23,0.9373591835394846,0.991011322689093,1.0166682096526447
MMR,24,1.6054482335783968,0.998824374475604,1.0166682096526447
MMR,25,1.1168747236448935,0.9839661073088535,1.0166682096526447
MMR,26,1.0503735578832059,0.9730327968060329,1.0166682096526447
MMR,27,1.1063222679646183,0.9845951850067464,1.0166682096526447
MMR,28,1.0989826656034167,0.9760991849130116,1.0166682096526447
MMR,29T30,1.1175612009670934,0.9737387567288075,1.0166682096526447
MMR,31T33,1.0663373580293536,0.9880490998068294,1.0166682096526447
MMR,35,0.5358532831576724,1.039344838659106,1.0166682096526447
MMR,36T39,1.027818066812661,0.9772735222536962,1.0166682096526447
MMR,41T43,0.9685253828005429,0.9967776832788291,1.0166682096526447
MMR,45T47,0.9696461627036723,0.9958671215515074,1.0166682096526447
MMR,49,0.9418060763174578,0.9612232634731198,1.0166682096526447
MMR,50,0.9845792752443124,1.0021998896450066,1.0166682096526447
MMR,51,1.0782392534114154,0.9769484553223095,1.0166682096526447
MMR,52,0.9957465687386354,0.9728769692103063,1.0166682096526447
MMR,53,1.0341655081488783,0.9401287833332678,1.0166682096526447
MMR,55T56,1.0284678179106068,1.0137529632866245,1.0166682096526447
MMR,58T60,1.1316821399852526,0.9617464896334551,1.0166682096526447
MMR,61,1.0451905704108917,0.9249118382198431,1.0166682096526447
MMR,62T63,1.2158608118344911,0.9393152660295084,1.0166682096526447
MMR,64T66,1.0133082431690474,0.9206100560163282,1.0166682096526447
MMR,68,1.0346220866198446,0.9307121824406445,1.0166682096526447
MMR,69T75,1.1371715626023533,0.9506707901359465,1.0166682096526447
MMR,77T82,1.0393765100355012,0.9638005050120801,1.0166682096526447
MMR,84,1.0168987070672344,0.969839545019862,1.0166682096526447
MMR,85,1.018536911752502,0.9743248802662704,1.0166682096526447
MMR,86T88,1.0176050265087702,0.982748881438101,1.0166682096526447
MMR,90T93,1.0152105258508892,1.0169398056675731,1.0166682096526447
MMR,94T98,1.017055033851851,1.0027457910607525,1.0166682096526447
NLD,01T02,1.1175375591419476,1.0474492021937678,1.0420024050095382
NLD,03,1.0253231944871661,1.0310136820240074,1.0420024050095382
NLD,05T06,0.935559673266713,1.0423558544831926,1.0420024050095382
NLD,07T08,1.006252867037684,1.0505243887342477,1.0420024050095382
NLD,10T12,1.0384251711391548,1.0541168713828275,1.0420024050095382
NLD,13T15,0.9870562104006084,1.0421787841568082,1.0420024050095382
NLD,16,1.0787131522402202,1.0382471825786346,1.0420024050095382
NLD,17T18,1.0331667530682087,1.0355643495445828,1.0420024050095382
NLD,19,0.9889796802337849,1.0505990911644676,1.0420024050095382
NLD,20,0.9573711077834729,1.0481025368460992,1.0420024050095382
NLD,21,0.9993638903271399,1.0311621446925903,1.0420024050095382
NLD,22,1.0645896376189405,1.0432238947981156,1.0420024050095382
NLD,23,1.0877510136745792,1.0410495523558156,1.0420024050095382
NLD,24,0.972873355997516,1.0546553899157582,1.0420024050095382
NLD,25,1.0392883049466843,1.0427920708131522,1.0420024050095382
NLD,26,1.035087279818477,1.0286192317214335,1.0420024050095382
NLD,27,1.04693373941717,1.0342195593239512,1.0420024050095382
NLD,28,1.0360819209454246,1.0336008488159312,1.0420024050095382
NLD,29T30,1.0335776925223092,1.0344660054217987,1.0420024050095382
NLD,31T33,1.0443376688468868,1.0331771690411662,1.0420024050095382
NLD,35,0.8417691550183882,1.0481006765923215,1.0420024050095382
NLD,36T39,1.0313651713819731,1.0314972014087638,1.0420024050095382
NLD,41T43,1.0343682049248049,1.0361934672092314,1.0420024050095382
NLD,45T47,1.0208243319398604,1.0277403012375181,1.0420024050095382
NLD,49,1.019171885727952,1.0328665832422985,1.0420024050095382
NLD,50,0.8931322840892331,1.0478591093637393,1.0420024050095382
NLD,51,0.9782841441693675,1.0359883544772153,1.0420024050095382
NLD,52,1.0101773139617312,1.0296678960838124,1.0420024050095382
NLD,53,1.024826011287577,1.0269135170405006,1.0420024050095382
NLD,55T56,1.0325991090562243,1.034150256151254,1.0420024050095382
NLD,58T60,1.0105224837601343,1.0268990641963962,1.0420024050095382
NLD,61,1.0175548059759578,1.0276732612865316,1.0420024050095382
NLD,62T63,1.0121093550628901,1.0254289320369987,1.0420024050095382
NLD,64T66,1.0252941995766987,1.0248650290795163,1.0420024050095382
NLD,68,1.0374414565083112,1.0272337616433562,1.0420024050095382
NLD,69T75,1.0122535394949905,1.02653385838496,1.0420024050095382
NLD,77T82,1.0136953396321715,1.0269011784415312,1.0420024050095382
NLD,84,1.0392076176320897,1.0271993418161107,1.0420024050095382
NLD,85,1.0389362605016381,1.0265146939105525,1.0420024050095382
NLD,86T88,1.0411904870469573,1.0275215362138077,1.0420024050095382
NLD,90T93,1.0321514427591119,1.0317773574526652,1.0420024050095382
NLD,94T98,1.03580415699861,1.0301540579037027,1.0420024050095382
NOR,01T02,0.9928568842401169,1.034018097210647,1.026028673860789
NOR,03,1.0243399340667667,1.024599686910686,1.026028673860789
NOR,05T06,0.9763267326888053,1.018664483123733,1.026028673860789
NOR,07T08,1.0220315253353367,1.030329057299195,1.026028673860789
NOR,10T12,1.040152382623818,1.0446708258776012,1.026028673860789
NOR,13T15,1.0361740270914308,1.0263834613279776,1.026028673860789
NOR,16,1.0695605049206471,1.0391945485698104,1.026028673860789
NOR,17T18,1.0317130737816202,1.0350702345561151,1.026028673860789
NOR,19,0.9671553773510604,1.0442067043780066,1.026028673860789
NOR,20,0.9277222750217419,1.0351896842952395,1.026028673860789
NOR,21,0.9741472099735005,1.0262469291976997,1.026028673860789
NOR,22,1.06689087154992,1.0368243290658603,1.026028673860789
NOR,23,1.0272885858951235,1.0392717686768926,1.026028673860789
NOR,24,0.9945667482934653,1.0536501323051715,1.026028673860789
NOR,25,1.032351341541958,1.0399692275575891,1.026028673860789
NOR,26,1.029776161031593,1.0243040675687625,1.026028673860789
NOR,27,1.0330949022680118,1.0352339597625206,1.026028673860789
NOR,28,1.0259000457186243,1.031040127643958,1.026028673860789
NOR,29T30,1.017782789835263,1.0328085938432854,1.026028673860789
NOR,31T33,1.0376959705430095,1.0281719187184484,1.026028673860789
NOR,35,1.0579948233648853,1.0165284044190137,1.026028673860789
NOR,36T39,1.0196530259536967,1.0239980706859322,1.026028673860789
NOR,41T43,1.0239369078511253,1.0266614054702774,1.026028673860789
NOR,45T47,1.0179076072234665,1.022567340171377,1.026028673860789
NOR,49,1.026901408198277,1.0294941888042863,1.026028673860789
NOR,50,0.9181545074736497,1.0493249547934478,1.026028673860789
NOR,51,0.9402151503399756,1.0330947343702852,1.026028673860789
NOR,52,1.012880378457447,1.0270208667769087,1.026028673860789
NOR,53,1.0223726592672824,1.0229567868071252,1.026028673860789
NOR,55T56,1.029028959207139,1.0242294389488864,1.026028673860789
NOR,58T60,1.0163843372597678,1.0229999702349288,1.026028673860789
NOR,61,1.019101988242033,1.0173336944431945,1.026028673860789
NOR,62T63,1.0185210715129087,1.0181304552371697,1.026028673860789
NOR,64T66,1.0150972235970122,1.0147877005233368,1.026028673860789
NOR,68,1.0250108158234175,1.017091460116753,1.026028673860789
NOR,69T75,1.0140797638935068,1.0187429619481208,1.026028673860789
NOR,77T82,1.0128828846100317,1.023784462404091,1.026028673860789
NOR,84,1.024708852165728,1.0206888838001513,1.026028673860789
NOR,85,1.0261613777476513,1.0153914182592947,1.026028673860789
NOR,86T88,1.026053880288858,1.0162139383620254,1.026028673860789
NOR,90T93,1.0253278712313845,1.0211448578399078,1.026028673860789
NOR,94T98,1.0243402916018207,1.0196405456135136,1.026028673860789
NZL,01T02,0.7971826753186163,1.042382356181057,1.0220057681247936
NZL,03,0.9862901094083963,1.0161522811428576,1.0220057681247936
NZL,05T06,0.8945138688958031,1.026236704916408,1.0220057681247936
NZL,07T08,1.0029659559925173,1.0008303611064644,1.0220057681247936
NZL,10T12,0.9704929992802156,1.0803222634776042,1.0220057681247936
NZL,13T15,1.0178433082813028,1.0331348063318806,1.0220057681247936
NZL,16,1.0187762257695268,1.0449989696890447,1.0220057681247936
NZL,17T18,1.0092624049434349,1.0310217728464968,1.0220057681247936
NZL,19,1.0002731696879197,1.0415910500541896,1.0220057681247936
NZL,20,0.8734988400641357,1.0343215386305185,1.0220057681247936
NZL,21,0.922094722859212,1.0266325580131292,1.0220057681247936
NZL,22,1.0133795821853697,1.0251601701744968,1.0220057681247936
NZL,23,1.0539011685839463,1.0195520609383224,1.0220057681247936
NZL,24,0.9727382460210133,1.0265186657537526,1.0220057681247936
NZL,25,1.0365786032188666,1.0306640348274945,1.0220057681247936
NZL,26,1.0319053411095376,1.0176912787045709,1.0220057681247936
NZL,27,1.0669165722802514,1.0179986031778008,1.0220057681247936
NZL,28,1.0299802080361378,1.026778351914608,1.0220057681247936
NZL,29T30,1.058030837390176,1.0158528827795932,1.0220057681247936
NZL,31T33,1.0624047268734884,1.0159630400033177,1.0220057681247936
NZL,35,0.9748971399188799,1.022464221769974,1.0220057681247936
NZL,36T39,1.001833863466511,1.0048912195965198,1.0220057681247936
NZL,41T43,1.0116465527508676,1.0179199446945224,1.0220057681247936
NZL,45T47,1.0089870399187808,1.0071741707124446,1.0220057681247936
NZL,49,0.9845149654409778,1.0138642514161982,1.0220057681247936
NZL,50,0.9318369074206918,1.0155508204393553,1.0220057681247936
NZL,51,0.9569894110545215,1.0149139612665767,1.0220057681247936
NZL,52,1.0027147390451492,1.0043401199826736,1.0220057681247936
NZL,53,1.0109846222740417,1.0110202983552894,1.0220057681247936
NZL,55T56,1.0308900984755476,1.0162796883140444,1.0220057681247936
NZL,58T60,1.0218587659699827,1.007171084161469,1.0220057681247936
NZL,61,1.0208695308236186,1.0049878327304518,1.0220057681247936
NZL,62T63,1.0201922256628349,1.001797459241631,1.0220057681247936
NZL,64T66,1.0072410805552359,1.000671464441907,1.0220057681247936
NZL,68,1.016962764929919,1.0023657941102648,1.0220057681247936
NZL,69T75,1.0048074956444468,1.0051147874645012,1.0220057681247936
NZL,77T82,0.998872968236339,1.0060952900932731,1.0220057681247936
NZL,84,1.0200526809332557,1.0056623460966527,1.0220057681247936
NZL,85,1.0204662738237553,1.0022505036924985,1.0220057681247936
NZL,86T88,1.0219189541962799,1.0064441347982682,1.0220057681247936
NZL,90T93,1.0201747682469087,1.0084327817361545,1.0220057681247936
NZL,94T98,1.013410002989047,1.0045100619369167,1.0220057681247936
PER,01T02,0.561066799434403,1.0427975089920234,1.052236273843579
PER,03,1.0327682955037667,1.0252751512622955,1.052236273843579
PER,05T06,0.9520532762997813,1.026797260608018,1.052236273843579
PER,07T08,1.0696455706264496,1.0216801631559713,1.052236273843579
PER,10T12,1.0184564793524151,1.1250641430647712,1.052236273843579
PER,13T15,1.0166323692818562,1.0472966347462367,1.052236273843579
PER,16,0.9746088640563685,1.0783346809806915,1.052236273843579
PER,17T18,1.0510954598252147,1.0239381333312263,1.052236273843579
PER,19,1.0441676055101623,1.0553872943073832,1.052236273843579
PER,20,1.0884117689452057,1.03336085000155,1.052236273843579
PER,21,1.0589574204554497,1.0261624625176775,1.052236273843579
PER,22,0.9465981809377135,1.038596160238628,1.052236273843579
PER,23,1.0453504776444953,1.041420779006929,1.052236273843579
PER,24,1.4270530280065927,1.0396840536886471,1.052236273843579
PER,25,1.0684535507422162,1.0285918305770874,1.052236273843579
PER,26,1.0529006206825073,1.0232268417279293,1.052236273843579
PER,27,1.0725327830419744,1.025370453387465,1.052236273843579
PER,28,1.0566638270847168,1.0255481866106138,1.052236273843579
PER,29T30,1.0649496573488322,1.0221457641727512,1.052236273843579
PER,31T33,0.9102498554447235,1.0466167817808263,1.052236273843579
PER,35,0.9540959040942191,1.031277429580747,1.052236273843579
PER,36T39,1.0711009221392915,1.0216739298071715,1.052236273843579
PER,41T43,1.048613350203223,1.0334398940679421,1.052236273843579
PER,45T47,1.03249843866178,1.01628037471977,1.052236273843579
PER,49,1.02130575246547,1.025229827127372,1.052236273843579
PER,50,0.8888194253327459,1.02636150228266,1.052236273843579
PER,51,1.0574181418496709,1.0344714972673774,1.052236273843579
PER,52,1.0221928485673843,1.0238253860202886,1.052236273843579
PER,53,1.0298724617454276,1.0219296784485403,1.052236273843579
PER,55T56,1.0419995122587558,1.0496982513275053,1.052236273843579
PER,58T60,1.0512498601751494,1.0161941306528512,1.052236273843579
PER,61,1.0516298488365503,1.0164419497454313,1.052236273843579
PER,62T63,1.0545495004692893,1.0137278560072482,1.052236273843579
PER,64T66,1.0625707851600625,1.013134472811925,1.052236273843579
PER,68,1.048018927219151,1.012422974280819,1.052236273843579
PER,69T75,1.0487969139806246,1.0160345304147713,1.052236273843579
PER,77T82,1.063992061026683,1.0146624143187926,1.052236273843579
PER,84,1.049635803459266,1.0205102878198682,1.052236273843579
PER,85,1.0520300630960457,1.0125629586785927,1.052236273843579
PER,86T88,1.0516894322121597,1.0155240426007517,1.052236273843579
PER,90T93,1.047591937411018,1.0277940964831538,1.052236273843579
PER,94T98,1.0520534569752855,1.0149863980071356,1.052236273843579
PHL,01T02,0.9483716515813585,1.025323973707176,1.039153404983159
PHL,03,1.0326315974146871,1.0171300751669492,1.039153404983159
PHL,05T06,0.7487768044557864,1.0175624185242789,1.039153404983159
PHL,07T08,0.9261371051107308,1.0183496926049243,1.039153404983159
PHL,10T12,1.0388517103133224,1.0487902138326821,1.039153404983159
PHL,13T15,1.0413064205559464,1.0292574790412634,1.039153404983159
PHL,16,1.017991453709942,1.0469927378397619,1.039153404983159
PHL,17T18,0.8812434847034082,1.0526336310489808,1.039153404983159
PHL,19,0.9887634819535359,1.0443348259285081,1.039153404983159
PHL,20,1.072560913128317,1.037672539633594,1.039153404983159
PHL,21,1.0119813317346493,1.0407465793030808,1.039153404983159
PHL,22,1.067979813265904,1.0438091457708005,1.039153404983159
PHL,23,0.7624075238143361,1.049104852284258,1.039153404983159
PHL,24,1.1676151820509917,1.0608822268920493,1.039153404983159
PHL,25,1.0390256743760897,1.0602573818822096,1.039153404983159
PHL,26,1.023893829702795,1.0363363832942805,1.039153404983159
PHL,27,1.0524540273918774,1.0345751035259663,1.039153404983159
PHL,28,1.0292564554685824,1.0388103936510238,1.039153404983159
PHL,29T30,1.021585246455203,1.0389976435314303,1.039153404983159
PHL,31T33,1.0421764060025653,1.0382662519724484,1.039153404983159
PHL,35,0.8155238547248093,1.0397930720436852,1.039153404983159
PHL,36T39,1.030372012539729,1.031339117818708,1.039153404983159
PHL,41T43,1.0292309402305058,1.05397614362464,1.039153404983159
PHL,45T47,1.0177642703768077,1.026669096975896,1.039153404983159
PHL,49,0.9835368109237635,1.0332991258699222,1.039153404983159
PHL,50,0.802338602628738,1.0261501887368778,1.039153404983159
PHL,51,0.9023730822516932,1.0303133812421397,1.039153404983159
PHL,52,1.003560662597465,1.026196772939769,1.039153404983159
PHL,53,1.0270946690310563,1.022837758787405,1.039153404983159
PHL,55T56,1.0293036906950792,1.0394696582819796,1.039153404983159
PHL,58T60,0.9816121010907344,1.0380436105413993,1.039153404983159
PHL,61,1.0310388159136457,1.0211083579637414,1.039153404983159
PHL,62T63,0.9961461239277115,1.0248978823560517,1.039153404983159
PHL,64T66,1.0186312867641383,1.013879449545694,1.039153404983159
PHL,68,1.0339635092688797,1.0177120364744856,1.039153404983159
PHL,69T75,1.0137466168395604,1.0213144614810974,1.039153404983159
PHL,77T82,1.0110232457266972,1.0220854241748527,1.039153404983159
PHL,84,1.0383062017546407,1.0154716746334143,1.039153404983159
PHL,85,1.0337514478045027,1.016328467707181,1.039153404983159
PHL,86T88,1.0346640460313872,1.0293424334553507,1.039153404983159
PHL,90T93,1.0266801729144273,1.028436803024401,1.039153404983159
PHL,94T98,1.0351694724780471,1.0253427361539091,1.039153404983159
POL,01T02,0.8874984978324397,1.0520403776565341,1.0422348345901356
POL,03,1.0156332978926061,1.0275888261751356,1.0422348345901356
POL,05T06,0.6600889275963154,1.028600565724558,1.0422348345901356
POL,07T08,0.9303892025902208,1.0463138581686158,1.0422348345901356
POL,10T12,1.0146805340411298,1.058986833525699,1.0422348345901356
POL,13T15,1.0327391473419736,1.0289243849018896,1.0422348345901356
POL,16,1.0086407477123849,1.0510765972842784,1.0422348345901356
POL,17T18,1.0170565625246428,1.0372499716075962,1.0422348345901356
POL,19,0.9462030257337377,1.046962239083315,1.0422348345901356
POL,20,0.871472921550324,1.0503325377880737,1.0422348345901356
POL,21,0.9947266244352889,1.0177097483529018,1.0422348345901356
POL,22,1.0474215945764325,1.0435672151081026,1.0422348345901356
POL,23,0.915483570309505,1.0548048988384986,1.0422348345901356
POL,24,0.9317318440306275,1.0732340692848066,1.0422348345901356
POL,25,1.0275785594762965,1.0427919251937916,1.0422348345901356
POL,26,1.0286528129980625,1.0325609652245138,1.0422348345901356
POL,27,1.0315760578898758,1.0404414708868197,1.0422348345901356
POL,28,1.0215080107796985,1.0376015633576503,1.0422348345901356
POL,29T30,1.0309541984289283,1.034282173119552,1.0422348345901356
POL,31T33,1.0529386711459403,1.0317472422889942,1.0422348345901356
POL,35,0.7344509736486018,1.0485495478422115,1.0422348345901356
POL,36T39,1.0139024394568648,1.0330782588394343,1.0422348345901356
POL,41T43,1.0188427202957073,1.0331882861954165,1.0422348345901356
POL,45T47,1.0205000601716143,1.0200073368289597,1.0422348345901356
POL,49,0.9669088680473248,1.0290292464815427,1.0422348345901356
POL,50,1.0595585877476803,1.0261227021987152,1.0422348345901356
POL,51,1.0592742390969454,1.0278585932855648,1.0422348345901356
POL,52,1.006207478940114,1.0289360614767928,1.0422348345901356
POL,53,1.0254006104192444,1.0233712892859552,1.0422348345901356
POL,55T56,1.0332102314022,1.0318200121917531,1.0422348345901356
POL,58T60,1.0358196101945099,1.0181901371655306,1.0422348345901356
POL,61,1.0312382408447691,1.0188838665437474,1.0422348345901356
POL,62T63,1.031978594229279,1.0127106203522407,1.0422348345901356
POL,64T66,1.027479251304724,1.0143331497884582,1.0422348345901356
POL,68,1.027207058683382,1.0541401978931066,1.0422348345901356
POL,69T75,1.0264804635066642,1.0154404125647625,1.0422348345901356
POL,77T82,1.0162999510010589,1.0236013468293002,1.0422348345901356
POL,84,1.0407441767759367,1.0142966556854938,1.0422348345901356
POL,85,1.0408473634919648,1.017021683107038,1.0422348345901356
POL,86T88,1.0410655039581513,1.0215534387131786,1.0422348345901356
POL,90T93,1.0373262739246036,1.0296796547596478,1.0422348345901356
POL,94T98,1.0338026400043454,1.0206430864791205,1.0422348345901356
PRT,01T02,1.0277208647725138,1.045458661173664,1.0400253943194315
PRT,03,1.0313972091611883,1.0311341141543022,1.0400253943194315
PRT,05T06,0.40593760645820987,1.0476621638216073,1.0400253943194315
PRT,07T08,0.9848957180370058,1.0424027950116628,1.0400253943194315
PRT,10T12,1.0309199568536171,1.0586084277214647,1.0400253943194315
PRT,13T15,1.0231185388599269,1.0321869496694296,1.0400253943194315
PRT,16,1.0143341904259644,1.0529839957471272,1.0400253943194315
PRT,17T18,0.9861978809531363,1.0503381340549403,1.0400253943194315
PRT,19,0.9785996759964315,1.0584611247016678,1.0400253943194315
PRT,20,0.9809122843577173,1.0538525875432903,1.0400253943194315
PRT,21,1.01152092874627,1.0358927942884277,1.0400253943194315
PRT,22,1.0501916594860108,1.0459220717119715,1.0400253943194315
PRT,23,0.9203535636229642,1.0520743278933116,1.0400253943194315
PRT,24,1.1405788246619006,1.0568513398622157,1.0400253943194315
PRT,25,1.0258326986789894,1.043595221099996,1.0400253943194315
PRT,26,1.0252754445855699,1.0342705434211488,1.0400253943194315
PRT,27,1.0244899456947572,1.0448547363814438,1.0400253943194315
PRT,28,1.017084414830798,1.0426156759250247,1.0400253943194315
PRT,29T30,1.028249657820934,1.0373248264592416,1.0400253943194315
PRT,31T33,1.0460382130154025,1.0365058417129867,1.0400253943194315
PRT,35,0.916256261531546,1.0888342651926397,1.0400253943194315
PRT,36T39,1.0511373508409108,1.0371084638153805,1.0400253943194315
PRT,41T43,1.0323622054364778,1.0437533329472015,1.0400253943194315
PRT,45T47,1.020681577873143,1.0294646319914171,1.0400253943194315
PRT,49,0.9656527656415996,1.0354666817356977,1.0400253943194315
PRT,50,0.842029419336547,1.0370699441040994,1.0400253943194315
PRT,51,0.980280262635227,1.0361476525306845,1.0400253943194315
PRT,52,1.0101821718592596,1.0287271515331882,1.0400253943194315
PRT,53,1.024472890285677,1.0265199746076705,1.0400253943194315
PRT,55T56,1.0271348241415732,1.0360722179847779,1.0400253943194315
PRT,58T60,1.0167652484123415,1.0288067962223895,1.0400253943194315
PRT,61,1.026410138489451,1.0277184107052764,1.0400253943194315
PRT,62T63,1.0192706213087723,1.025465231959705,1.0400253943194315
PRT,64T66,1.026197215091615,1.0239745980861013,1.0400253943194315
PRT,68,1.037451339060433,1.0241266275423435,1.0400253943194315
PRT,69T75,1.0180777291457799,1.0267779121462892,1.0400253943194315
PRT,77T82,1.0175755632936774,1.027021533124005,1.0400253943194315
PRT,84,1.0374279921338192,1.0279711897991888,1.0400253943194315
PRT,85,1.0387262871120262,1.0248408773359097,1.0400253943194315
PRT,86T88,1.038883929222417,1.0301606522517122,1.0400253943194315
PRT,90T93,1.0328628833756055,1.030029121925235,1.0400253943194315
PRT,94T98,1.0366167771064874,1.0289991564319836,1.0400253943194315
ROU,01T02,0.9747711117662832,1.0458248919539874,1.0396535660873718
ROU,03,1.0371632030476126,1.03593115671706,1.0396535660873718
ROU,05T06,0.8254394128040199,1.0362686760573165,1.0396535660873718
ROU,07T08,0.8898919008120143,1.0371117867503785,1.0396535660873718
ROU,10T12,1.0388732101376847,1.0501876910435797,1.0396535660873718
ROU,13T15,1.0376066791232563,1.0293464412303022,1.0396535660873718
ROU,16,1.0185583944579768,1.0495816733770373,1.0396535660873718
ROU,17T18,1.0198356168343023,1.0367873260933125,1.0396535660873718
ROU,19,0.9832379058537225,1.0530242436794794,1.0396535660873718
ROU,20,0.658967100050434,1.0561839812491864,1.0396535660873718
ROU,21,0.8977671050510597,1.0338509996590566,1.0396535660873718
ROU,22,1.0388620475689838,1.0450081067954373,1.0396535660873718
ROU,23,0.8317744775345165,1.0458822427619108,1.0396535660873718
ROU,24,0.9220767790146177,1.0540425690936917,1.0396535660873718
ROU,25,1.0022941854204526,1.0428930327528503,1.0396535660873718
ROU,26,1.0278837768131095,1.0344415661136517,1.0396535660873718
ROU,27,1.0339169885677728,1.0385673965320874,1.0396535660873718
ROU,28,1.01317496690633,1.0436518391467573,1.0396535660873718
ROU,29T30,1.022371147086029,1.0383691708537919,1.0396535660873718
ROU,31T33,1.051724630610758,1.033563285656625,1.0396535660873718
ROU,35,0.8993100931567608,1.0569735433577372,1.0396535660873718
ROU,36T39,1.0326019679576348,1.0340586992308538,1.0396535660873718
ROU,41T43,1.0314967183363088,1.0496880317792885,1.0396535660873718
ROU,45T47,1.017670934033199,1.0275111551600304,1.0396535660873718
ROU,49,1.0164151992636759,1.0303523466996425,1.0396535660873718
ROU,50,1.0832512119641042,1.0279730826779672,1.0396535660873718
ROU,51,1.0256858963493367,1.0322658296461558,1.0396535660873718
ROU,52,1.0138098548629078,1.0274535370065747,1.0396535660873718
ROU,53,1.0208732024893237,1.0272524389190996,1.0396535660873718
ROU,55T56,1.0310968815889903,1.028600173213448,1.0396535660873718
ROU,58T60,1.0278264509314947,1.0234421769053061,1.0396535660873718
ROU,61,1.0242830367627647,1.02821547716246,1.0396535660873718
ROU,62T63,1.0147689695086632,1.0214970683060896,1.0396535660873718
ROU,64T66,1.0172216733442632,1.0196335794326064,1.0396535660873718
ROU,68,1.0349351875351696,1.0184246085698117,1.0396535660873718
ROU,69T75,1.0170103425036594,1.0257068914571534,1.0396535660873718
ROU,77T82,1.0188244078791295,1.025712519842196,1.0396535660873718
ROU,84,1.0377316468934727,1.0177147775561115,1.0396535660873718
ROU,85,1.0348954918639148,1.0185055515641912,1.0396535660873718
ROU,86T88,1.0375262023717278,1.0225521232329364,1.0396535660873718
ROU,90T93,1.0365065441421946,1.0252083639824336,1.0396535660873718
ROU,94T98,1.033123193954782,1.0252627968828134,1.0396535660873718
ROW,01T02,0.7411996248956566,1.0130874699615355,1.0127831332311523
ROW,03,1.0157222687439276,0.9715941591059083,1.0127831332311523
ROW,05T06,0.8199103379304693,0.9834729374583878,1.0127831332311523
ROW,07T08,1.0108304735305151,0.9794547320417187,1.0127831332311523
ROW,10T12,0.995039282980235,1.067455847860156,1.0127831332311523
ROW,13T15,1.090900258381209,0.9954057046429265,1.0127831332311523
ROW,16,1.003901151460606,1.0324605379454963,1.0127831332311523
ROW,17T18,1.031132964167493,1.016153701758739,1.0127831332311523
ROW,19,0.9521393474991118,1.0260383254108185,1.0127831332311523
ROW,20,0.832761111271833,1.0264652547887068,1.0127831332311523
ROW,21,1.0290334677074202,0.9950168838273691,1.0127831332311523
ROW,22,0.7145519352401668,1.0380042028005265,1.0127831332311523
ROW,23,0.8211693825623203,1.0192713381181668,1.0127831332311523
ROW,24,1.1214152509381266,1.0297248954074818,1.0127831332311523
ROW,25,1.0599538733516154,1.0139487492842403,1.0127831332311523
ROW,26,1.0434924478066017,0.9995490696560775,1.0127831332311523
ROW,27,1.0526509393104704,1.0157083663456699,1.0127831332311523
ROW,28,1.0461107260926932,1.0058000243632321,1.0127831332311523
ROW,29T30,1.0710005887575993,1.0004691253952882,1.0127831332311523
ROW,31T33,0.7808058932609966,1.0014848794871998,1.0127831332311523
ROW,35,0.7199268675345838,1.0322546538942878,1.0127831332311523
ROW,36T39,1.005051437549169,0.9879816842858972,1.0127831332311523
ROW,41T43,1.0066021775716933,1.0064051566565377,1.0127831332311523
ROW,45T47,1.012096062991144,0.9766227258246952,1.0127831332311523
ROW,49,0.9603033274385104,0.9847082314008797,1.0127831332311523
ROW,50,0.9924591492603099,0.9979150884478688,1.0127831332311523
ROW,51,0.8535226380137955,0.9949036508766254,1.0127831332311523
ROW,52,1.0152082340464743,0.9828272948165895,1.0127831332311523
ROW,53,1.0236957123400838,0.9753408882663777,1.0127831332311523
ROW,55T56,1.0319167661156905,1.0043444070214596,1.0127831332311523
ROW,58T60,1.067175332679792,0.9741440393903152,1.0127831332311523
ROW,61,1.021522093577928,0.969410993299202,1.0127831332311523
ROW,62T63,1.0744017969960786,0.9640648696355291,1.0127831332311523
ROW,64T66,1.0384815271415013,0.9606978070295373,1.0127831332311523
ROW,68,1.019843066287931,0.9595153392490383,1.0127831332311523
ROW,69T75,1.0471239684477194,0.9653805359516393,1.0127831332311523
ROW,77T82,1.022402837706434,0.9699409776952075,1.0127831332311523
ROW,84,1.0125333020675493,0.9733904109714608,1.0127831332311523
ROW,85,1.0147866408058916,0.9715115384673069,1.0127831332311523
ROW,86T88,1.0143670092408243,0.9771150677767527,1.0127831332311523
ROW,90T93,1.028885465476231,0.9816285838166199,1.0127831332311523
ROW,94T98,1.0147335273441906,0.9771806738141929,1.0127831332311523
RUS,01T02,0.9200842245445999,0.9916359192255351,0.9808023454484871
RUS,03,1.0252262088089954,0.9701986099654972,0.9808023454484871
RUS,05T06,0.8376961690799873,0.961278695508826,0.9808023454484871
RUS,07T08,0.8760420992743706,0.9776730713102874,0.9808023454484871
RUS,10T12,0.9994152285208643,1.0180769088572457,0.9808023454484871
RUS,13T15,1.117362164630907,0.9834296408517306,0.9808023454484871
RUS,16,0.8607632282447899,1.0197097753349045,0.9808023454484871
RUS,17T18,0.9956962552508507,1.0073563184328096,0.9808023454484871
RUS,19,0.91351000351946,0.9912597534048051,0.9808023454484871
RUS,20,0.6892795057622988,1.0276069319429049,0.9808023454484871
RUS,21,0.9941250343872452,0.9815690512083302,0.9808023454484871
RUS,22,0.9419387089996191,1.044384067032291,0.9808023454484871
RUS,23,0.7601767201567213,1.0513624141177063,0.9808023454484871
RUS,24,0.6581122207046439,1.0489612538182373,0.9808023454484871
RUS,25,0.9506335446514331,1.0389236985349948,0.9808023454484871
RUS,26,1.022243585351436,0.9858945945259884,0.9808023454484871
RUS,27,0.9768169084313367,1.0358684082014595,0.9808023454484871
RUS,28,0.9681829212503424,1.024914741363936,0.9808023454484871
RUS,29T30,1.006871462089167,1.0055265580135242,0.9808023454484871
RUS,31T33,0.9789175521288715,1.0001807738720365,0.9808023454484871
RUS,35,0.6172025164829559,1.0939889598872543,0.9808023454484871
RUS,36T39,0.8717147627343368,1.034654335666426,0.9808023454484871
RUS,41T43,0.9606369502047996,1.0009004646277646,0.9808023454484871
RUS,45T47,0.9856113890519561,0.9630947648825543,0.9808023454484871
RUS,49,0.8605949196430008,0.9803167467691017,0.9808023454484871
RUS,50,0.6948436287431026,0.9746655651259992,0.9808023454484871
RUS,51,0.9249880846345656,0.9894189128993648,0.9808023454484871
RUS,52,0.9370449584921453,0.9822785715478174,0.9808023454484871
RUS,53,0.9987843057135101,0.9668394791394801,0.9808023454484871
RUS,55T56,1.0303110968997589,0.9760667599617074,0.9808023454484871
RUS,58T60,1.0959669613056187,0.9599353368036363,0.9808023454484871
RUS,61,0.9983006542501209,0.9607102335173268,0.9808023454484871
RUS,62T63,1.0632659530393198,0.9490481702475679,0.9808023454484871
RUS,64T66,0.9761316498478881,0.9410309915242261,0.9808023454484871
RUS,68,0.9758297905490799,0.9583348715791669,0.9808023454484871
RUS,69T75,1.002522005451889,0.9569789876022339,0.9808023454484871
RUS,77T82,0.9423246116815088,0.9529089066591879,0.9808023454484871
RUS,84,0.980516498275672,0.9596295601642862,0.9808023454484871
RUS,85,0.983167050169673,0.9531450123391685,0.9808023454484871
RUS,86T88,0.9817450586167166,0.9639834157777709,0.9808023454484871
RUS,90T93,0.9913329702565433,0.9625099581551313,0.9808023454484871
RUS,94T98,0.9886017623237521,0.9489483395967089,0.9808023454484871
SAU,01T02,1.0862304108368284,0.9868798382438231,0.9877839780951252
SAU,03,0.9876346667907021,0.9969089469892352,0.9877839780951252
SAU,05T06,0.9377598637513639,0.9572676089731152,0.9877839780951252
SAU,07T08,0.9969264745439443,0.9643555565837896,0.9877839780951252
SAU,10T12,1.0508309204516968,0.9949681238604893,0.9877839780951252
SAU,13T15,1.0379213962519866,1.0026260787250356,0.9877839780951252
SAU,16,0.8367986518880428,1.0122013482425751,0.9877839780951252
SAU,17T18,0.9794524725331684,1.0147902764184047,0.9877839780951252
SAU,19,0.9523740782835401,0.9877304912628082,0.9877839780951252
SAU,20,0.8182723409004395,0.9924777990105725,0.9877839780951252
SAU,21,0.9011964739485461,1.0032899451181791,0.9877839780951252
SAU,22,0.29776076859141326,1.0263448874630738,0.9877839780951252
SAU,23,0.8266344523168836,1.0103067378231263,0.9877839780951252
SAU,24,1.222913645241839,1.0044068256501824,0.9877839780951252
SAU,25,1.0096838945050914,1.0051479407002608,0.9877839780951252
SAU,26,1.016882310711512,1.0061143772903347,0.9877839780951252
SAU,27,1.0176822152440819,1.0172159730667332,0.9877839780951252
SAU,28,0.9823674228691792,1.0095186079093883,0.9877839780951252
SAU,29T30,1.0810075778360573,1.0031412478990078,0.9877839780951252
SAU,31T33,0.4097286820083865,1.012085054036167,0.9877839780951252
SAU,35,0.5847936691391934,0.9930617311756652,0.9877839780951252
SAU,36T39,0.9779107468125021,0.9925161264234628,0.9877839780951252
SAU,41T43,0.9623268028323576,1.0129948684724392,0.9877839780951252
SAU,45T47,0.9773763337520012,0.990340705186854,0.9877839780951252
SAU,49,0.7543310613367893,0.9918853904629886,0.9877839780951252
SAU,50,0.8052058696519914,1.0014314279774086,0.9877839780951252
SAU,51,0.9496458111527164,1.007132628714032,0.9877839780951252
SAU,52,0.9635410361480188,1.0042529204412802,0.9877839780951252
SAU,53,0.9178735818869831,1.0158710001261053,0.9877839780951252
SAU,55T56,1.0228162058639687,0.9996781226948201,0.9877839780951252
SAU,58T60,1.0614082902597306,0.9915530858865202,0.9877839780951252
SAU,61,0.979811710900022,0.9924014416931318,0.9877839780951252
SAU,62T63,1.0006076536643913,0.9927439918670897,0.9877839780951252
SAU,64T66,1.015287252995814,0.9652010410068028,0.9877839780951252
SAU,68,0.9884324874795977,0.9638455745469777,0.9877839780951252
SAU,69T75,0.9710742651777297,1.0211167597832826,0.9877839780951252
SAU,77T82,0.9533385082647221,1.030145459057038,0.9877839780951252
SAU,84,0.9869301456451104,0.9642419443909879,0.9877839780951252
SAU,85,0.9890686651827507,0.9661689396663485,0.9877839780951252
SAU,86T88,0.9817594579729615,0.98941603664769,0.9877839780951252
SAU,90T93,0.9979075006119339,0.9737489886433869,0.9877839780951252
SAU,94T98,0.9822667899420116,0.9682547823266436,0.9877839780951252
SGP,01T02,0.8263003694985404,1.022465153152955,1.0389605646320559
SGP,03,1.0156210464933675,1.0233935903294904,1.0389605646320559
SGP,05T06,0.8421765375810628,1.011045178103553,1.0389605646320559
SGP,07T08,0.9921228645858303,1.0224832252795077,1.0389605646320559
SGP,10T12,0.9794318496735197,1.089661837171816,1.0389605646320559
SGP,13T15,0.923800214906144,1.0591768236822927,1.0389605646320559
SGP,16,0.9569896676572849,1.0754080632828722,1.0389605646320559
SGP,17T18,1.0108075271456605,1.047032744749446,1.0389605646320559
SGP,19,0.9911464747060469,1.0509995519082007,1.0389605646320559
SGP,20,0.964307985529192,1.0445244871183927,1.0389605646320559
SGP,21,1.073560446171122,1.0089234632534092,1.0389605646320559
SGP,22,0.7551697586324945,1.0810907221876533,1.0389605646320559
SGP,23,0.9948522315929812,1.07283703890089,1.0389605646320559
SGP,24,1.2031928803120437,1.0710460481028445,1.0389605646320559
SGP,25,1.016181351640072,1.055801949193811,1.0389605646320559
SGP,26,1.0241441091829249,1.0326262773016486,1.0389605646320559
SGP,27,1.0296473572998304,1.0458475313374023,1.0389605646320559
SGP,28,1.0404106055527138,1.0294979211274997,1.0389605646320559
SGP,29T30,1.016219235670031,1.0331482930549412,1.0389605646320559
SGP,31T33,0.919444067620345,1.0325869511419576,1.0389605646320559
SGP,35,0.689345275145921,1.0808905322137659,1.0389605646320559
SGP,36T39,1.00660041016288,1.029527751923898,1.0389605646320559
SGP,41T43,1.0239208209355817,1.0393014559678946,1.0389605646320559
SGP,45T47,0.9866515447536935,1.02140762211724,1.0389605646320559
SGP,49,0.9653005431591278,1.0226457163315854,1.0389605646320559
SGP,50,0.8025293943732692,1.063426558779256,1.0389605646320559
SGP,51,0.888123362365646,1.030241561714018,1.0389605646320559
SGP,52,0.9772019708494054,1.0202310187552506,1.0389605646320559
SGP,53,0.9988426127484649,1.019446295135406,1.0389605646320559
SGP,55T56,1.0189312404734985,1.0337299252124892,1.0389605646320559
SGP,58T60,1.0279207439331495,1.0150121608039182,1.0389605646320559
SGP,61,1.0324840202436525,1.0103540360848708,1.0389605646320559
SGP,62T63,1.0204430725197957,1.0100485777964976,1.0389605646320559
SGP,64T66,1.028858327563905,0.9999892247969312,1.0389605646320559
SGP,68,1.0287141046505113,1.0028231310198654,1.0389605646320559
SGP,69T75,1.0332570343975394,1.007472993811127,1.0389605646320559
SGP,77T82,1.018961460612842,1.0042504860872574,1.0389605646320559
SGP,84,1.0367845331332064,1.0162405587989365,1.0389605646320559
SGP,85,1.0382959279725514,1.0066552096566364,1.0389605646320559
SGP,86T88,1.0378906805932562,1.011664789941068,1.0389605646320559
SGP,90T93,1.032635061922339,1.0157817967810001,1.0389605646320559
SGP,94T98,1.0387762566055758,0.9931544611556296,1.0389605646320559
SVK,01T02,1.0808793418008824,1.0420132291575819,1.040098937279172
SVK,03,0.9769513072329669,1.0385413650502435,1.040098937279172
SVK,05T06,0.5536984198556318,1.0314354035440285,1.040098937279172
SVK,07T08,0.8562449583207101,1.0418963422551406,1.040098937279172
SVK,10T12,1.0528297323150915,1.0464076632366097,1.040098937279172
SVK,13T15,1.0234453483945163,1.0321038659495168,1.040098937279172
SVK,16,1.0673338916295754,1.0353289139533821,1.040098937279172
SVK,17T18,1.0206695033086977,1.040951923269436,1.040098937279172
SVK,19,0.959130687774786,1.0457315895307555,1.040098937279172
SVK,20,0.7016880895510342,1.0485374789801234,1.040098937279172
SVK,21,0.8692667421571196,1.0362982326258812,1.040098937279172
SVK,22,1.0461946504649524,1.046013618289416,1.040098937279172
SVK,23,0.7948585088916806,1.056932426783518,1.040098937279172
SVK,24,0.6232927006217108,1.0660022626350345,1.040098937279172
SVK,25,1.0267300648115438,1.0431117947447912,1.040098937279172
SVK,26,1.0324032955262785,1.0316224246603576,1.040098937279172
SVK,27,1.0376230489280807,1.0382435072467264,1.040098937279172
SVK,28,1.0137445078336598,1.0452004055663822,1.040098937279172
SVK,29T30,1.0310947867914695,1.0335108829983333,1.040098937279172
SVK,31T33,1.075185424813464,1.0334462577422452,1.040098937279172
SVK,35,1.0131977025432235,1.0604055672332844,1.040098937279172
SVK,36T39,1.0249194145854612,1.0280808753665194,1.040098937279172
SVK,41T43,1.031149664093394,1.0324619264336101,1.040098937279172
SVK,45T47,1.0132466022440751,1.027401534869795,1.040098937279172
SVK,49,0.992763089315953,1.0278975038011988,1.040098937279172
SVK,50,1.09403854436315,1.0413877526830653,1.040098937279172
SVK,51,1.1167767444574361,1.0476161605048009,1.040098937279172
SVK,52,1.0032429012599204,1.0325996707125218,1.040098937279172
SVK,53,1.0273003125901148,1.023972112559134,1.040098937279172
SVK,55T56,1.036061180524702,1.0300539034319358,1.040098937279172
SVK,58T60,1.0305174722056392,1.0238369350635455,1.040098937279172
SVK,61,1.0334558833659395,1.0211600212495862,1.040098937279172
SVK,62T63,1.0203208850815995,1.0205477486537247,1.040098937279172
SVK,64T66,1.0289393764501211,1.0192765574836589,1.040098937279172
SVK,68,1.0347410091788043,1.0204993754124068,1.040098937279172
SVK,69T75,1.0148500736882962,1.0285803966631846,1.040098937279172
SVK,77T82,1.0221232256963502,1.025583295598981,1.040098937279172
SVK,84,1.0384958059992893,1.0209653363385525,1.040098937279172
SVK,85,1.0388573305126736,1.0221924167963634,1.040098937279172
SVK,86T88,1.039439226874799,1.0244506991254947,1.040098937279172
SVK,90T93,1.0372897773890908,1.0255105191661686,1.040098937279172
SVK,94T98,1.0350726369342722,1.0257956985291912,1.040098937279172
SVN,01T02,0.9035887143855315,1.0444875284044843,1.0405291840574533
SVN,03,1.0306328874067845,1.0313169779359228,1.0405291840574533
SVN,05T06,0.631201150660709,1.0324643707261245,1.0405291840574533
SVN,07T08,0.9203054262123624,1.0437917295183998,1.0405291840574533
SVN,10T12,1.043754428547738,1.048075341917938,1.0405291840574533
SVN,13T15,1.0315323114576438,1.0284786878437229,1.0405291840574533
SVN,16,0.9525541585174793,1.050143187081658,1.0405291840574533
SVN,17T18,0.9767163090866914,1.0412237027717806,1.0405291840574533
SVN,19,0.000701805101879437,1.0397143531424033,1.0405291840574533
SVN,20,1.0759209917343193,1.0454370066590128,1.0405291840574533
SVN,21,1.03639420160058,1.0265092002637002,1.0405291840574533
SVN,22,1.0762464221753836,1.0385468675898604,1.0405291840574533
SVN,23,0.798554955691437,1.0465036985430853,1.0405291840574533
SVN,24,1.162451226671233,1.0567666817548826,1.0405291840574533
SVN,25,1.0499789000068525,1.038625505797738,1.0405291840574533
SVN,26,1.033476421966184,1.0288532257482803,1.0405291840574533
SVN,27,1.0310990500805552,1.0404835132816035,1.0405291840574533
SVN,28,1.0213376146583195,1.0397967940000106,1.0405291840574533
SVN,29T30,1.0305013645144376,1.037776878865234,1.0405291840574533
SVN,31T33,1.0597602186888844,1.034248975671915,1.0405291840574533
SVN,35,0.7954465053651882,1.0469038607398804,1.0405291840574533
SVN,36T39,1.044837210869056,1.0365839636271812,1.0405291840574533
SVN,41T43,1.0291358574730158,1.0390871860156055,1.0405291840574533
SVN,45T47,1.0210707890601742,1.0273628442342382,1.0405291840574533
SVN,49,0.9798063276336683,1.0320664452110009,1.0405291840574533
SVN,50,0.705822889006517,1.0638080612213416,1.0405291840574533
SVN,51,1.1061536371142209,1.0320001167924264,1.0405291840574533
SVN,52,1.013763278860249,1.0321959010036261,1.0405291840574533
SVN,53,1.0183910640255625,1.025445058686127,1.0405291840574533
SVN,55T56,1.0327750888987703,1.032708022031014,1.0405291840574533
SVN,58T60,1.0126216568847701,1.0232552210565882,1.0405291840574533
SVN,61,1.0223728847281914,1.0206530350885288,1.0405291840574533
SVN,62T63,1.011635828515595,1.0211747335314514,1.0405291840574533
SVN,64T66,1.0222025195753128,1.0209673279309395,1.0405291840574533
SVN,68,1.0389202332959235,1.0216238330651493,1.0405291840574533
SVN,69T75,1.0168544585412882,1.0260974339751294,1.0405291840574533
SVN,77T82,1.0195648541140463,1.0265341656959146,1.0405291840574533
SVN,84,1.0382006852287338,1.023841916712834,1.0405291840574533
SVN,85,1.0377406536706446,1.0238415393822509,1.0405291840574533
SVN,86T88,1.039316846471873,1.0248248564766411,1.0405291840574533
SVN,90T93,1.037248182853017,1.0268447310141788,1.0405291840574533
SVN,94T98,1.031155812701478,1.0257235754461411,1.0405291840574533
SWE,01T02,0.7982452092580631,1.0759778649956104,1.0357486957286828
SWE,03,1.0248470628039783,1.0299531397281076,1.0357486957286828
SWE,05T06,0.8979895023193141,1.0382483383099754,1.0357486957286828
SWE,07T08,1.0701175197175121,1.0306514284486374,1.0357486957286828
SWE,10T12,1.0268583076416153,1.05448390448587,1.0357486957286828
SWE,13T15,1.0148494720469332,1.0334496241104791,1.0357486957286828
SWE,16,0.9649380417708925,1.0823977990644211,1.0357486957286828
SWE,17T18,0.978174428761006,1.0558523393740569,1.0357486957286828
SWE,19,1.0248690396786626,1.0466415296753646,1.0357486957286828
SWE,20,0.9524218175762379,1.038386657663456,1.0357486957286828
SWE,21,1.0436473375457875,1.0301644244147365,1.0357486957286828
SWE,22,1.0759490444892161,1.0387768712404075,1.0357486957286828
SWE,23,1.020678832491759,1.0427072041178378,1.0357486957286828
SWE,24,1.1808340205155599,1.043970280544535,1.0357486957286828
SWE,25,1.0461901542578016,1.0405219125024463,1.0357486957286828
SWE,26,1.0309656883826528,1.029108882752207,1.0357486957286828
SWE,27,1.0416176703002735,1.0356391584610387,1.0357486957286828
SWE,28,1.0338866878384159,1.031537264422643,1.0357486957286828
SWE,29T30,1.0346917273567822,1.0321669378305804,1.0357486957286828
SWE,31T33,1.0420684158343057,1.033953773176077,1.0357486957286828
SWE,35,1.0390938219945198,1.0329018000092738,1.0357486957286828
SWE,36T39,1.0497254053143064,1.0301961179483574,1.0357486957286828
SWE,41T43,1.0309582394273737,1.0344070010798885,1.0357486957286828
SWE,45T47,1.0193472649764224,1.0265113897546472,1.0357486957286828
SWE,49,1.0169392787845457,1.0301926956173901,1.0357486957286828
SWE,50,0.8090589475468499,1.0385871656097967,1.0357486957286828
SWE,51,0.9856544995122634,1.033757906468502,1.0357486957286828
SWE,52,1.0108512625682677,1.0341199599465711,1.0357486957286828
SWE,53,1.02043171130942,1.0264785922446709,1.0357486957286828
SWE,55T56,1.027907029256326,1.033146360809088,1.0357486957286828
SWE,58T60,1.0151279047990744,1.0253614796632262,1.0357486957286828
SWE,61,1.0199760234308346,1.0250179647460407,1.0357486957286828
SWE,62T63,1.0089974291220722,1.0241409715179897,1.0357486957286828
SWE,64T66,1.0169915111067585,1.0241805874310743,1.0357486957286828
SWE,68,1.0318127795413539,1.027317905634075,1.0357486957286828
SWE,69T75,1.0230639391771146,1.0255482792378419,1.0357486957286828
SWE,77T82,1.020319148029423,1.029056452162916,1.0357486957286828
SWE,84,1.033814230874932,1.0261730159898679,1.0357486957286828
SWE,85,1.03454661645724,1.0256599574736391,1.0357486957286828
SWE,86T88,1.0351434184768165,1.0256937268028032,1.0357486957286828
SWE,90T93,1.0308207573289658,1.029598315202672,1.0357486957286828
SWE,94T98,1.0315580878217436,1.0267317012328634,1.0357486957286828
THA,01T02,0.9245595465442144,1.0218804973072935,1.0486146150210134
THA,03,1.0282280174773868,1.0191336751822948,1.0486146150210134
THA,05T06,0.7559972578040254,1.0170199200356005,1.0486146150210134
THA,07T08,0.9130133990197377,1.0239317546336757,1.0486146150210134
THA,10T12,1.0174361895406507,1.065802206751067,1.0486146150210134
THA,13T15,1.0427980245628543,1.0270633304389272,1.0486146150210134
THA,16,0.9930974056711677,1.0443060200210106,1.0486146150210134
THA,17T18,1.0014864491337385,1.0320747474183758,1.0486146150210134
THA,19,0.9515817315632688,1.069985019671934,1.0486146150210134
THA,20,0.9143380305995688,1.0471454345885887,1.0486146150210134
THA,21,1.0127933481226,1.038485015533928,1.0486146150210134
THA,22,1.0178609775419858,1.060945111704199,1.0486146150210134
THA,23,0.7800779124723461,1.0707269876009955,1.0486146150210134
THA,24,0.9115977795539786,1.0621228780317322,1.0486146150210134
THA,25,0.9945773218959129,1.0608112494619701,1.0486146150210134
THA,26,1.0359381292025012,1.0279269261564186,1.0486146150210134
THA,27,1.018664548036286,1.0511877431091199,1.0486146150210134
THA,28,1.0000252215489887,1.0450350999391425,1.0486146150210134
THA,29T30,1.0062983228065727,1.0427407944340643,1.0486146150210134
THA,31T33,1.0341216423629869,1.041607121014901,1.0486146150210134
THA,35,0.9067676434943006,1.053946746447325,1.0486146150210134
THA,36T39,1.0266014210786625,1.0198260908958956,1.0486146150210134
THA,41T43,1.0421582540566894,1.0833236894602638,1.0486146150210134
THA,45T47,1.0212671682035868,1.0062921539242835,1.0486146150210134
THA,49,0.8968887750006663,1.0463268533933603,1.0486146150210134
THA,50,0.9002693631170848,1.0325404505805709,1.0486146150210134
THA,51,0.8713122371524251,1.048080379942885,1.0486146150210134
THA,52,0.9824243279582916,1.0342818630754207,1.0486146150210134
THA,53,1.0203962969359621,1.0092324486825648,1.0486146150210134
THA,55T56,1.021696389291648,1.0430259724156057,1.0486146150210134
THA,58T60,1.0125853494404218,1.020045257286326,1.0486146150210134
THA,61,1.0349248086479461,1.0092873198982402,1.0486146150210134
THA,62T63,0.9882727448230668,1.0169926017503161,1.0486146150210134
THA,64T66,1.0109501968927526,1.0043161572890553,1.0486146150210134
THA,68,1.0351165732796863,1.004032290000268,1.0486146150210134
THA,69T75,1.0061490557848591,1.0138484274099715,1.0486146150210134
THA,77T82,0.9883181877819521,1.0170394845118782,1.0486146150210134
THA,84,1.048710238584848,1.0094249516206248,1.0486146150210134
THA,85,1.0486990600008494,1.0082662716826147,1.0486146150210134
THA,86T88,1.0419354252423898,1.0218708419386695,1.0486146150210134
THA,90T93,1.0382537573609796,1.0136595529749506,1.0486146150210134
THA,94T98,1.0226349701532034,1.025996450839972,1.0486146150210134
TUN,01T02,0.9795180819930039,1.0161039621629482,1.0390695376285566
TUN,03,1.0224519269375243,1.0054758108592179,1.0390695376285566
TUN,05T06,0.7540859960430706,1.067571236573505,1.0390695376285566
TUN,07T08,0.8312665413558369,1.0737383969125875,1.0390695376285566
TUN,10T12,1.0126655472005115,1.076655034150693,1.0390695376285566
TUN,13T15,1.0141189512710724,1.0331455081330208,1.0390695376285566
TUN,16,1.018984246092333,1.0383908547394978,1.0390695376285566
TUN,17T18,0.9681424382010652,1.0382933920114705,1.0390695376285566
TUN,19,0.8660528571378986,1.1113759465300423,1.0390695376285566
TUN,20,0.9492497052884874,1.0559886466007666,1.0390695376285566
TUN,21,0.9934171001504601,1.0335373019660599,1.0390695376285566
TUN,22,0.70909065653521,1.0488984586361414,1.0390695376285566
TUN,23,0.554847673615371,1.1177685443329577,1.0390695376285566
TUN,24,1.033852373496279,1.0896677119235814,1.0390695376285566
TUN,25,0.9916361165766312,1.0535252009151603,1.0390695376285566
TUN,26,1.0199338381130414,1.0428095657572602,1.0390695376285566
TUN,27,1.0178902106970567,1.049266834023119,1.0390695376285566
TUN,28,1.0190898466080334,1.0425785385146413,1.0390695376285566
TUN,29T30,1.0258661098142527,1.0387355863301173,1.0390695376285566
TUN,31T33,0.8444275903853723,1.0350218251239076,1.0390695376285566
TUN,35,0.6107154736556288,1.091328533349533,1.0390695376285566
TUN,36T39,1.0231525584059928,1.0748737923808256,1.0390695376285566
TUN,41T43,1.0244818056672216,1.0940129132634713,1.0390695376285566
TUN,45T47,1.0273066879903776,1.0113338193181034,1.0390695376285566
TUN,49,0.9232176549369027,1.0176125006040813,1.0390695376285566
TUN,50,1.0786259664234348,1.0245633655485042,1.0390695376285566
TUN,51,0.7757188900810347,1.0306962054611373,1.0390695376285566
TUN,52,0.954405373147562,1.0109347798572417,1.0390695376285566
TUN,53,1.0180239367921287,1.0101388037972494,1.0390695376285566
TUN,55T56,1.0329842945795698,1.0235052919163063,1.0390695376285566
TUN,58T60,1.0258042754350627,1.0217520794890618,1.0390695376285566
TUN,61,1.0321108345852037,1.0073349055202867,1.0390695376285566
TUN,62T63,1.0120011515113536,1.01271136566404,1.0390695376285566
TUN,64T66,1.008322193292989,1.0025585606467446,1.0390695376285566
TUN,68,1.035785213922975,1.0084348315139453,1.0390695376285566
TUN,69T75,1.0188795079632706,1.0160470435263393,1.0390695376285566
TUN,77T82,1.0127449521886267,1.0158403764451789,1.0390695376285566
TUN,84,1.038968832937048,1.0018309810390102,1.0390695376285566
TUN,85,1.039547021013599,1.0054326051071365,1.0390695376285566
TUN,86T88,1.0352212467602318,1.0135588571185505,1.0390695376285566
TUN,90T93,1.0216017152562022,1.0231382777510665,1.0390695376285566
TUN,94T98,1.0387428965935226,1.0057631498173631,1.0390695376285566
TUR,01T02,1.028689489416303,1.0438475619250498,1.0427245103271634
TUR,03,1.0322117887673206,1.0220185055242197,1.0427245103271634
TUR,05T06,0.7603270812430305,1.0361414519574836,1.0427245103271634
TUR,07T08,0.9248298494249453,1.0243920877180408,1.0427245103271634
TUR,10T12,1.026799064898368,1.0554903207948387,1.0427245103271634
TUR,13T15,1.0189026156894507,1.0280872316921625,1.0427245103271634
TUR,16,0.9583843303103993,1.0541189357903031,1.0427245103271634
TUR,17T18,0.9990920089681942,1.0352548552601326,1.0427245103271634
TUR,19,0.9579922265220686,1.0466940966063203,1.0427245103271634
TUR,20,0.8492951254961472,1.0430799591515552,1.0427245103271634
TUR,21,0.9846048037046456,1.0334688462794828,1.0427245103271634
TUR,22,1.024560059588599,1.0508498873745045,1.0427245103271634
TUR,23,0.7619906288876168,1.0793277624622062,1.0427245103271634
TUR,24,0.9543822152996418,1.0605850447099483,1.0427245103271634
TUR,25,1.019966908244556,1.0467921382713092,1.0427245103271634
TUR,26,1.0423016282634274,1.0200416665466236,1.0427245103271634
TUR,27,1.0156591619901274,1.0500082377195283,1.0427245103271634
TUR,28,1.0200054967574332,1.0418489024222488,1.0427245103271634
TUR,29T30,1.0333926651589782,1.034698506360883,1.0427245103271634
TUR,31T33,1.0402070561957026,1.0367341351751418,1.0427245103271634
TUR,35,0.7321899329930401,1.2492522089700275,1.0427245103271634
TUR,36T39,0.9924719919751541,1.0404312609441246,1.0427245103271634
TUR,41T43,1.033147410475381,1.053985657510532,1.0427245103271634
TUR,45T47,1.0130934320048826,1.020115778440581,1.0427245103271634
TUR,49,0.9884271481278619,1.028078107213779,1.0427245103271634
TUR,50,0.9726650030547748,1.022429142794953,1.0427245103271634
TUR,51,0.784891955868806,1.0212587018668813,1.0427245103271634
TUR,52,0.9947688823979505,1.0153514789456852,1.0427245103271634
TUR,53,1.00626052631218,1.02182856354978,1.0427245103271634
TUR,55T56,1.0306372691860164,1.0291584504105578,1.0427245103271634
TUR,58T60,1.02262439900106,1.0207964027284573,1.0427245103271634
TUR,61,1.0326992748522557,1.0216217465396709,1.0427245103271634
TUR,62T63,1.0204013070793336,1.007934628965835,1.0427245103271634
TUR,64T66,1.007167753950751,1.0129318745103513,1.0427245103271634
TUR,68,1.0319480464550452,1.0350797860033805,1.0427245103271634
TUR,69T75,1.01576247584507,1.0168710038698905,1.0427245103271634
TUR,77T82,1.0147901086282083,1.0149860780313826,1.0427245103271634
TUR,84,1.0380624218554815,1.0225106932515686,1.0427245103271634
TUR,85,1.0402966043469255,1.0131301039571594,1.0427245103271634
TUR,86T88,1.0415161023966237,1.024139692035258,1.0427245103271634
TUR,90T93,1.0324506917815224,1.0201951089992978,1.0427245103271634
TUR,94T98,1.0373721985276572,1.0240882011995496,1.0427245103271634
TWN,01T02,1.1060101827651105,1.029240930994539,1.0462940108949488
TWN,03,1.0306848469529077,1.038100424683455,1.0462940108949488
TWN,05T06,0.7737107358191325,1.0357710445650292,1.0462940108949488
TWN,07T08,0.7932293612797622,1.0417678344642312,1.0462940108949488
TWN,10T12,1.0616123449470232,1.0408150562916272,1.0462940108949488
TWN,13T15,0.9722354549205876,1.047239289506087,1.0462940108949488
TWN,16,1.053763308064866,1.0492882132830623,1.0462940108949488
TWN,17T18,0.9761253076522776,1.0510247722409822,1.0462940108949488
TWN,19,0.9151724159629332,1.0512505294239567,1.0462940108949488
TWN,20,0.918505628833979,1.078770879186628,1.0462940108949488
TWN,21,1.020144083852143,1.0336150291166737,1.0462940108949488
TWN,22,1.0287406980400529,1.0585095001438012,1.0462940108949488
TWN,23,0.9671395897776031,1.076672916271595,1.0462940108949488
TWN,24,0.7686815988586814,1.0979678362884222,1.0462940108949488
TWN,25,0.9600467283718481,1.0770922820004059,1.0462940108949488
TWN,26,1.0158994925940592,1.0394049740298954,1.0462940108949488
TWN,27,1.0202851141116112,1.052478073340574,1.0462940108949488
TWN,28,0.9922066851020604,1.060941970366252,1.0462940108949488
TWN,29T30,1.0152999207400684,1.0435492353235922,1.0462940108949488
TWN,31T33,1.0142301454350373,1.0432294850781976,1.0462940108949488
TWN,35,0.6873223976491997,1.0589595486183148,1.0462940108949488
TWN,36T39,0.9463327186117491,1.0433199563515982,1.0462940108949488
TWN,41T43,1.0356055822060264,1.0627568237978586,1.0462940108949488
TWN,45T47,1.0148875078928716,1.0194660640943327,1.0462940108949488
TWN,49,0.9521315365131864,1.0333570410703612,1.0462940108949488
TWN,50,0.8721465587590339,1.0560861636703462,1.0462940108949488
TWN,51,0.8816860372966153,1.0433119153622492,1.0462940108949488
TWN,52,0.9673681519203333,1.0240580055350976,1.0462940108949488
TWN,53,1.0183236254731942,1.031860823575481,1.0462940108949488
TWN,55T56,1.037789043942107,1.0302383188007842,1.0462940108949488
TWN,58T60,1.014422252406351,1.025573769112946,1.0462940108949488
TWN,61,1.0301934662568883,1.0211777577895327,1.0462940108949488
TWN,62T63,1.0152461892761908,1.0170514410688736,1.0462940108949488
TWN,64T66,1.0288085374594615,1.0129563668306327,1.0462940108949488
TWN,68,1.0409011157698924,1.0147909478123212,1.0462940108949488
TWN,69T75,1.0122481768403138,1.022541046326746,1.0462940108949488
TWN,77T82,1.0081482352270603,1.018593537778574,1.0462940108949488
TWN,84,1.0437911914287001,1.0174268875580035,1.0462940108949488
TWN,85,1.0455496799277457,1.0181356674448476,1.0462940108949488
TWN,86T88,1.042639201007816,1.0249687081471492,1.0462940108949488
TWN,90T93,1.035096135393193,1.0229563830321582,1.0462940108949488
TWN,94T98,1.0432691938027345,1.0211452584097482,1.0462940108949488
USA,01T02,0.9515830434479825,1.0538994550010368,1.0303676785446476
USA,03,1.0221317074456502,1.020473995466613,1.0303676785446476
USA,05T06,0.9142992071241924,1.032371366294323,1.0303676785446476
USA,07T08,1.0046363435884562,1.0347779333339993,1.0303676785446476
USA,10T12,1.0211012578017917,1.0588295976068294,1.0303676785446476
USA,13T15,1.0090589628728595,1.034325258281313,1.0303676785446476
USA,16,1.0362997661336604,1.0446752268236923,1.0303676785446476
USA,17T18,1.0126709783600631,1.0374158538485578,1.0303676785446476
USA,19,0.9943083675937496,1.05730925948482,1.0303676785446476
USA,20,0.9956837357366682,1.0408587220119494,1.0303676785446476
USA,21,1.009974136916519,1.0253367026650877,1.0303676785446476
USA,22,1.040571672411038,1.0396479470321929,1.0303676785446476
USA,23,0.998722450822754,1.0402555381635143,1.0303676785446476
USA,24,1.0809353427024115,1.0488766683463926,1.0303676785446476
USA,25,1.036950370657046,1.0371759958168603,1.0303676785446476
USA,26,1.0375734614647383,1.0208753028464976,1.0303676785446476
USA,27,1.0504299112992714,1.0318600233721982,1.0303676785446476
USA,28,1.0267008159554447,1.0312211276522725,1.0303676785446476
USA,29T30,1.0312808941052594,1.0306154602263509,1.0303676785446476
USA,31T33,1.0649032330638213,1.0282768278611467,1.0303676785446476
USA,35,0.7894382480625369,1.0356879692869372,1.0303676785446476
USA,36T39,1.0181386466048088,1.0241691108814641,1.0303676785446476
USA,41T43,1.0231498417479217,1.030860483576783,1.0303676785446476
USA,45T47,1.0183833557787891,1.0250877561849048,1.0303676785446476
USA,49,0.9893771034293871,1.026744351479114,1.0303676785446476
USA,50,0.9745795969269316,1.0279887815307283,1.0303676785446476
USA,51,0.9530215693497645,1.0252254613690883,1.0303676785446476
USA,52,0.9972906356530828,1.033121554397188,1.0303676785446476
USA,53,0.9903603219713649,1.0272603978037962,1.0303676785446476
USA,55T56,1.0260817084835323,1.0284882678838851,1.0303676785446476
USA,58T60,1.0253195973387461,1.0208775334652076,1.0303676785446476
USA,61,1.024234215111431,1.0222937245790198,1.0303676785446476
USA,62T63,1.018580602224052,1.0206738432858584,1.0303676785446476
USA,64T66,1.0203652673530732,1.0201356473269256,1.0303676785446476
USA,68,1.0267532007733013,1.0260980896055176,1.0303676785446476
USA,69T75,1.0193298833455497,1.0217882382975492,1.0303676785446476
USA,77T82,1.0151682282527688,1.0221776974817773,1.0303676785446476
USA,84,1.0279889325658136,1.0251099895996614,1.0303676785446476
USA,85,1.028943399454192,1.0237019615379055,1.0303676785446476
USA,86T88,1.030176162511693,1.0224663129723979,1.0303676785446476
USA,90T93,1.0276638880929347,1.0234930648515643,1.0303676785446476
USA,94T98,1.0286579880856332,1.0226861360718602,1.0303676785446476
VNM,01T02,0.954760466406117,1.0496858993835065,1.0528759441412852
VNM,03,1.0171377727207505,1.0409918287889488,1.0528759441412852
VNM,05T06,0.857065530096577,1.0266775598415934,1.0528759441412852
VNM,07T08,0.503250083128877,1.071598866085081,1.0528759441412852
VNM,10T12,1.002412946633572,1.0795919952976667,1.0528759441412852
VNM,13T15,1.0360107732260646,1.030323050418101,1.0528759441412852
VNM,16,0.902136208810244,1.102654828803905,1.0528759441412852
VNM,17T18,0.9476300650881547,1.0547058234643776,1.0528759441412852
VNM,19,0.8580408075126126,1.0583285074226896,1.0528759441412852
VNM,20,0.9419119993298397,1.0668272989434635,1.0528759441412852
VNM,21,1.0231898155178658,1.0293424100596877,1.0528759441412852
VNM,22,1.0068674141851819,1.0645279592521695,1.0528759441412852
VNM,23,0.6869323481932377,1.1142081978397629,1.0528759441412852
VNM,24,0.8219803491959989,1.1079235488672108,1.0528759441412852
VNM,25,0.8831659999093607,1.0921948397493308,1.0528759441412852
VNM,26,1.0224315515378493,1.031728214676998,1.0528759441412852
VNM,27,0.9901296627006259,1.0606009174639177,1.0528759441412852
VNM,28,1.0170117060797306,1.0389129493468794,1.0528759441412852
VNM,29T30,1.0293676594069066,1.040178020136834,1.0528759441412852
VNM,31T33,0.9509198523970782,1.0608211525262092,1.0528759441412852
VNM,35,0.5253628676342734,1.045359556491625,1.0528759441412852
VNM,36T39,1.0084223706345568,1.0330257469285622,1.0528759441412852
VNM,41T43,1.0376864402670312,1.0955581931296483,1.0528759441412852
VNM,45T47,1.000790141271634,1.0157267377618522,1.0528759441412852
VNM,49,0.8970498350733114,1.0360324317373042,1.0528759441412852
VNM,50,0.6964851261213362,1.041615634033573,1.0528759441412852
VNM,51,0.8527908993572711,1.041610457208253,1.0528759441412852
VNM,52,0.9656441761140466,1.011359570054753,1.0528759441412852
VNM,53,0.9849353375320237,1.0211301034285756,1.0528759441412852
VNM,55T56,1.024727176043602,1.0434416393387576,1.0528759441412852
VNM,58T60,1.0177495487079753,1.0227342375992312,1.0528759441412852
VNM,61,1.0343620199501795,1.0249446775580033,1.0528759441412852
VNM,62T63,1.0566229044996605,0.9945767632308504,1.0528759441412852
VNM,64T66,1.007537201530307,0.9955344142424717,1.0528759441412852
VNM,68,1.0379219590602449,1.0181589469023238,1.0528759441412852
VNM,69T75,1.0036650142062213,1.0088769158058488,1.0528759441412852
VNM,77T82,1.009114598797135,1.0096149787192854,1.0528759441412852
VNM,84,1.0480823493029754,1.0132589200198663,1.0528759441412852
VNM,85,1.0484616744781081,1.001379759223677,1.0528759441412852
VNM,86T88,1.0503428538858606,1.0154191780447952,1.0528759441412852
VNM,90T93,1.0498608271251872,1.0060812620039998,1.0528759441412852
VNM,94T98,1.0445449425178663,1.024945455720808,1.0528759441412852
ZAF,01T02,0.8826556313674716,1.0121029987958414,0.9774336545297363
ZAF,03,1.0081745761227758,0.961174102539847,0.9774336545297363
ZAF,05T06,0.785587232890749,0.9952064444492068,0.9774336545297363
ZAF,07T08,0.7515298386922088,1.0263250991402402,0.9774336545297363
ZAF,10T12,1.0217362044228095,1.0204048147622988,0.9774336545297363
ZAF,13T15,1.061020454251915,0.998927243647629,0.9774336545297363
ZAF,16,1.0106044766659332,1.0118576751099713,0.9774336545297363
ZAF,17T18,1.0214912140322623,0.9899521212607716,0.9774336545297363
ZAF,19,0.8138153606864202,1.0157827124106578,0.9774336545297363
ZAF,20,0.9033155588367648,1.0394516594179526,0.9774336545297363
ZAF,21,0.9774417236528492,1.0082945749652434,0.9774336545297363
ZAF,22,0.8286364529055934,1.0151875052847845,0.9774336545297363
ZAF,23,0.762248017903073,1.0380515104461372,0.9774336545297363
ZAF,24,0.22811515066788268,1.1276253296129797,0.9774336545297363
ZAF,25,0.8348282381108765,1.110507706031443,0.9774336545297363
ZAF,26,1.0156468749276617,1.002884784690542,0.9774336545297363
ZAF,27,0.9058864797424684,1.0597978245976187,0.9774336545297363
ZAF,28,0.9707566663812841,1.0324699578352945,0.9774336545297363
ZAF,29T30,0.9716724835493089,1.0422488145367577,0.9774336545297363
ZAF,31T33,0.6345281091294618,1.023294856771897,0.9774336545297363
ZAF,35,0.4347870931670352,1.0418846366203665,0.9774336545297363
ZAF,36T39,0.9508318307602172,0.961163113813734,0.9774336545297363
ZAF,41T43,0.9564773983794901,1.011561828747087,0.9774336545297363
ZAF,45T47,0.9686603476964114,0.9558998080682085,0.9774336545297363
ZAF,49,0.9364455237309195,0.9701185740586596,0.9774336545297363
ZAF,50,0.3595698193272274,0.9674575520356117,0.9774336545297363
ZAF,51,0.9197099828882995,0.9859635604913051,0.9774336545297363
ZAF,52,0.8634271436549088,0.9810704984747399,0.9774336545297363
ZAF,53,0.9644975451476244,0.9642422739070854,0.9774336545297363
ZAF,55T56,1.0109079533686165,0.9632757442359566,0.9774336545297363
ZAF,58T60,0.9952546403475421,0.966629215440429,0.9774336545297363
ZAF,61,0.9860635108037308,0.9707737780504229,0.9774336545297363
ZAF,62T63,0.9527164026669225,0.9691976827940724,0.9774336545297363
ZAF,64T66,0.9734815335082133,0.9395171298850822,0.9774336545297363
ZAF,68,0.9745691676270011,0.9548253898705974,0.9774336545297363
ZAF,69T75,0.9651104124817724,0.9621192780044426,0.9774336545297363
ZAF,77T82,0.9462651317230597,0.9676035780280136,0.9774336545297363
ZAF,84,0.9774450654949357,0.9505619425414246,0.9774336545297363
ZAF,85,0.9740468443946227,0.9412155468003767,0.9774336545297363
ZAF,86T88,0.9733804759494873,0.9539750820263914,0.9774336545297363
ZAF,90T93,0.9317997638710959,0.9622231515758156,0.9774336545297363
ZAF,94T98,0.9715306011776893,0.9332120797034978,0.9774336545297363
