country,sector,output_hat,price_hat,spending_hat
ARG,01T02,0.7085257773827229,1.0482699485124223,1.0116880081288608
ARG,03,1.0011477850545314,0.9883136655135749,1.0116880081288608
ARG,05T06,0.8577569101188581,1.0064060415331522,1.0116880081288608
ARG,07T08,1.0128770644893983,0.9920639710300097,1.0116880081288608
ARG,10T12,0.9841294135732093,1.10146073489094,1.0116880081288608
ARG,13T15,1.0155007092856494,1.0153230962581414,1.0116880081288608
ARG,16,1.0238792111204735,1.005423156079397,1.0116880081288608
ARG,17T18,1.0261092234236135,0.9955107008009721,1.0116880081288608
ARG,19,0.9731972731770906,1.063054379077565,1.0116880081288608
ARG,20,1.0073990988845778,1.0014866873233421,1.0116880081288608
ARG,21,1.023447756427045,0.9920902720844925,1.0116880081288608
ARG,22,1.0060845094028243,1.0008799027290782,1.0116880081288608
ARG,23,1.0071127115333154,0.9980562076878217,1.0116880081288608
ARG,24,0.9771490786798731,1.0195335728675856,1.0116880081288608
ARG,25,1.044845586014994,1.0078987119192975,1.0116880081288608
ARG,26,1.0274682028225206,1.0028668069165059,1.0116880081288608
ARG,27,1.030867328612298,1.0101819336688544,1.0116880081288608
ARG,28,1.0268560450514679,1.0020630749424158,1.0116880081288608
ARG,29T30,1.0031571219490711,1.0063661988591779,1.0116880081288608
ARG,31T33,1.0387859857415433,0.9949118961781571,1.0116880081288608
ARG,35,0.8816844167470582,1.0388077689907027,1.0116880081288608
ARG,36T39,1.0072006658087838,0.9938311452392086,1.0116880081288608
ARG,41T43,1.0086431180232938,0.99110572702164,1.0116880081288608
ARG,45T47,1.0025297056615203,0.9860418565339389,1.0116880081288608
ARG,49,0.9958238424717291,0.9927975599527508,1.0116880081288608
ARG,50,1.0270191026304543,0.9926461546387416,1.0116880081288608
ARG,51,1.0211773267662934,1.0066305544954757,1.0116880081288608
ARG,52,0.9997852805069336,0.9997133297522809,1.0116880081288608
ARG,53,1.0231179523671878,0.9887401035881184,1.0116880081288608
ARG,55T56,1.0144239986795283,1.011571761759837,1.0116880081288608
ARG,58T60,1.0240524703435678,0.9892363152225611,1.0116880081288608
ARG,61,1.0186195296903136,0.9883391400795575,1.0116880081288608
ARG,62T63,1.0314251078677577,0.9879301350909082,1.0116880081288608
ARG,64T66,1.0102446842459072,0.9857054902048997,1.0116880081288608
ARG,68,1.0153453531557295,0.9813568075658554,1.0116880081288608
ARG,69T75,1.0171472544348896,0.9866878383375605,1.0116880081288608
ARG,77T82,1.0101187709377237,0.9849776246548735,1.0116880081288608
ARG,84,1.0112047776564854,0.9876629564254605,1.0116880081288608
ARG,85,1.0120763384548481,0.985656683487253,1.0116880081288608
ARG,86T88,1.0118589820283306,0.9858000112331113,1.0116880081288608
ARG,90T93,1.0172009186507849,0.9897904656641668,1.0116880081288608
ARG,94T98,1.0114907742158095,0.9873069277529443,1.0116880081288608
AUS,01T02,0.7695743710875054,1.0361495403259895,1.0074895460758122
AUS,03,0.9782073008533563,1.0354269551257842,1.0074895460758122
AUS,05T06,0.9135772342632951,1.003471164811059,1.0074895460758122
AUS,07T08,1.0394083887106218,1.0070338673180224,1.0074895460758122
AUS,10T12,0.9798351737834803,1.0751687436164965,1.0074895460758122
AUS,13T15,0.9313710671068508,1.0468726236121604,1.0074895460758122
AUS,16,1.0125193382706563,1.0356787063921802,1.0074895460758122
AUS,17T18,1.0141661868906964,1.0143480368080378,1.0074895460758122
AUS,19,1.03060383216411,1.0221974769887707,1.0074895460758122
AUS,20,0.9977120728334725,1.0232607086201269,1.0074895460758122
AUS,21,1.0119382850430192,1.0127967217778375,1.0074895460758122
AUS,22,1.0233023183084557,1.0183082081246135,1.0074895460758122
AUS,23,1.0120963013957416,1.0104282005497192,1.0074895460758122
AUS,24,1.1651056650364624,1.0213844938608134,1.0074895460758122
AUS,25,1.0322089163129908,1.0224187308569992,1.0074895460758122
AUS,26,1.025934251027012,1.0052089780845028,1.0074895460758122
AUS,27,1.0443000924231478,1.0117297592062136,1.0074895460758122
AUS,28,1.0248782536934484,1.0111381279441578,1.0074895460758122
AUS,29T30,1.0286737526385383,1.0140095567436183,1.0074895460758122
AUS,31T33,1.0106898881178872,1.0086941243946494,1.0074895460758122
AUS,35,0.7587189440555725,1.0869350262930932,1.0074895460758122
AUS,36T39,0.9913876210978102,1.0029730467998021,1.0074895460758122
AUS,41T43,1.0028832013666364,1.0068106392888092,1.0074895460758122
AUS,45T47,1.0004222671585337,1.004693602305624,1.0074895460758122
AUS,49,1.0007284365522953,1.0042322177790137,1.0074895460758122
AUS,50,0.987884616056491,0.9994449403390395,1.0074895460758122
AUS,51,1.0118072798434412,1.0050146589238669,1.0074895460758122
AUS,52,0.9969856128479421,0.9998879510325442,1.0074895460758122
AUS,53,1.0006433019091274,1.0033733751617808,1.0074895460758122
AUS,55T56,1.0116028411513618,1.0150324763018823,1.0074895460758122
AUS,58T60,1.0156698844194294,1.0012203468142293,1.0074895460758122
AUS,61,1.0073620701718309,1.001870994920603,1.0074895460758122
AUS,62T63,1.0045824248550006,0.996720665442977,1.0074895460758122
AUS,64T66,0.9936795651497902,0.9946442873258806,1.0074895460758122
AUS,68,1.006511771316597,0.9949705819283806,1.0074895460758122
AUS,69T75,0.9990917619854665,0.9982082422097388,1.0074895460758122
AUS,77T82,0.9995841740702819,1.0001613012005894,1.0074895460758122
AUS,84,1.0064658041735903,1.0041303207329617,1.0074895460758122
AUS,85,1.0099632011960473,0.9972841550497394,1.0074895460758122
AUS,86T88,1.007532701059068,0.9981664101494753,1.0074895460758122
AUS,90T93,1.009021473446713,0.9986348930681053,1.0074895460758122
AUS,94T98,1.0071518742863086,0.9980016380870574,1.0074895460758122
AUT,01T02,1.014134403047391,1.0358718492591825,1.0270502010214746
AUT,03,1.0175785394229513,1.025693603387272,1.0270502010214746
AUT,05T06,0.8250640202027856,1.0337571557429326,1.0270502010214746
AUT,07T08,1.0120140865484957,1.0305511959295732,1.0270502010214746
AUT,10T12,1.0444635759571996,1.0352752427734493,1.0270502010214746
AUT,13T15,1.0170780781543576,1.0221571309678832,1.0270502010214746
AUT,16,1.022451352319931,1.0351116638500983,1.0270502010214746
AUT,17T18,1.0078575652938195,1.0290194971884155,1.0270502010214746
AUT,19,0.9826378576559841,1.0598606927376109,1.0270502010214746
AUT,20,1.0131091453358667,1.0261326071251864,1.0270502010214746
AUT,21,1.0090647926827856,1.021916611396367,1.0270502010214746
AUT,22,1.0224029401133776,1.023976426022437,1.0270502010214746
AUT,23,1.0244073985318052,1.0246280324094987,1.0270502010214746
AUT,24,1.038003058905125,1.0437154607713786,1.0270502010214746
AUT,25,1.0273830055290525,1.032306417073475,1.0270502010214746
AUT,26,1.0195343873020548,1.022079260193184,1.0270502010214746
AUT,27,1.0279973037474854,1.0263384537434825,1.0270502010214746
AUT,28,1.0220911521901082,1.025249368712649,1.0270502010214746
AUT,29T30,1.0192324814332248,1.0252140468440052,1.0270502010214746
AUT,31T33,1.003804359980155,1.0287976120610527,1.0270502010214746
AUT,35,1.0259512210021375,1.053157943065492,1.0270502010214746
AUT,36T39,1.0240324934965537,1.0229248424964872,1.0270502010214746
AUT,41T43,1.0247221363541508,1.023148038602129,1.0270502010214746
AUT,45T47,1.0149831486085246,1.020549331348278,1.0270502010214746
AUT,49,1.0038029701553528,1.0232656129129234,1.0270502010214746
AUT,50,1.0003540854264472,1.024001110092161,1.0270502010214746
AUT,51,1.0051063798685789,1.0224367435658743,1.0270502010214746
AUT,52,1.0097427583444156,1.0209820939182168,1.0270502010214746
AUT,53,1.010517391223018,1.019392266304668,1.0270502010214746
AUT,55T56,1.0251627323698764,1.023119021938435,1.0270502010214746
AUT,58T60,1.0086111520130296,1.020742019104785,1.0270502010214746
AUT,61,1.0124782493495443,1.020439793571661,1.0270502010214746
AUT,62T63,1.0020264460256696,1.018709636637682,1.0270502010214746
AUT,64T66,1.0119855979132424,1.019618568944958,1.0270502010214746
AUT,68,1.0239441819408577,1.020788929662963,1.0270502010214746
AUT,69T75,1.0111155777034138,1.0202549353076575,1.0270502010214746
AUT,77T82,1.017846314503314,1.0205382046064455,1.0270502010214746
AUT,84,1.026263151402801,1.0211209886815258,1.0270502010214746
AUT,85,1.0259214386400222,1.0211998712064403,1.0270502010214746
AUT,86T88,1.0265417668666075,1.0217473321740633,1.0270502010214746
AUT,90T93,1.0234407733930821,1.0217266619768017,1.0270502010214746
AUT,94T98,1.0247056321282502,1.0211699302970527,1.0270502010214746
BEL,01T02,0.9826208219751575,1.0365801346688674,1.0255745553497544
BEL,03,1.017930452120954,1.0227962631921392,1.0255745553497544
BEL,05T06,0.00841529599615596,1.125052570602181,1.0255745553497544
BEL,07T08,1.0044770818580246,1.0224049721444204,1.0255745553497544
BEL,10T12,1.0311409377310823,1.0408870651043853,1.0255745553497544
BEL,13T15,1.014769386129339,1.0222238786069835,1.0255745553497544
BEL,16,1.038170995431059,1.0305083538228337,1.0255745553497544
BEL,17T18,1.0198278698862873,1.0244794650689004,1.0255745553497544
BEL,19,1.007258970979323,1.0440616709764283,1.0255745553497544
BEL,20,1.0155879196259443,1.025115311767894,1.0255745553497544
BEL,21,1.01421630202486,1.0193067991974145,1.0255745553497544
BEL,22,1.014800137479773,1.0264188202824698,1.0255745553497544
BEL,23,1.0302490116568233,1.0205098091800529,1.0255745553497544
BEL,24,1.173214028624981,1.0405699474203889,1.0255745553497544
BEL,25,1.0347566906240726,1.0309576984777613,1.0255745553497544
BEL,26,1.0200388182135651,1.0225704816198535,1.0255745553497544
BEL,27,1.0240009100032554,1.0288008498244785,1.0255745553497544
BEL,28,1.0216890064037982,1.0261442269418954,1.0255745553497544
BEL,29T30,1.024178161978541,1.0232652188356053,1.0255745553497544
BEL,31T33,1.0285086659967917,1.0206989413953567,1.0255745553497544
BEL,35,0.9759073847813698,1.0357585305508237,1.0255745553497544
BEL,36T39,1.058301276190822,1.023038540344968,1.0255745553497544
BEL,41T43,1.0238807022144576,1.0216537506213559,1.0255745553497544
BEL,45T47,1.015934217032061,1.0195648721859083,1.0255745553497544
BEL,49,1.010045645672897,1.021693541386749,1.0255745553497544
BEL,50,1.0018007634141035,1.020351371026977,1.0255745553497544
BEL,51,1.0012877286642214,1.0224506387291896,1.0255745553497544
BEL,52,1.0073117558785005,1.0201023569042718,1.0255745553497544
BEL,53,1.010226846018845,1.0194345239867544,1.0255745553497544
BEL,55T56,1.021102077165247,1.0252355629365995,1.0255745553497544
BEL,58T60,1.004547406034559,1.0187605250477196,1.0255745553497544
BEL,61,1.0090770742274826,1.0182920338538362,1.0255745553497544
BEL,62T63,1.0065349107751802,1.0178349271597789,1.0255745553497544
BEL,64T66,1.0080391740534986,1.0157012529856806,1.0255745553497544
BEL,68,1.022731520556698,1.019005071246265,1.0255745553497544
BEL,69T75,1.010390831755372,1.0188343589017403,1.0255745553497544
BEL,77T82,1.0149976443299529,1.019836480605894,1.0255745553497544
BEL,84,1.0252195130294772,1.0195006742864112,1.0255745553497544
BEL,85,1.0245424825874836,1.019302666900917,1.0255745553497544
BEL,86T88,1.0252872720827575,1.020303114102,1.0255745553497544
BEL,90T93,1.0212464892726796,1.0203416605955478,1.0255745553497544
BEL,94T98,1.0233805382320968,1.0201962077591498,1.0255745553497544
BGR,01T02,0.7836336282061886,1.0341479428328386,1.033550057724956
BGR,03,1.0297772334888369,1.0139467405839928,1.033550057724956
BGR,05T06,0.9001043603355885,1.065409426877715,1.033550057724956
BGR,07T08,1.0042703007226859,1.0300965409379208,1.033550057724956
BGR,10T12,1.029616977460333,1.045147907409021,1.033550057724956
BGR,13T15,1.0286377499428645,1.0188625186220426,1.033550057724956
BGR,16,0.9751102180242186,1.0518644602089717,1.033550057724956
BGR,17T18,1.0083401580389342,1.0290957441204855,1.033550057724956
BGR,19,1.0036300303090544,1.0394167619821497,1.033550057724956
BGR,20,0.9595420955331667,1.044041165640861,1.033550057724956
BGR,21,0.9315285131909573,1.046881118357954,1.033550057724956
BGR,22,1.0259112525398304,1.0236268155928658,1.033550057724956
BGR,23,1.0020348860600783,1.0373304443756965,1.033550057724956
BGR,24,1.1914211472936411,1.0572023962611081,1.033550057724956
BGR,25,1.0375272389132306,1.0305176283403092,1.033550057724956
BGR,26,1.0214592664731752,1.0225433339256378,1.033550057724956
BGR,27,1.0240716498745526,1.0293462968544143,1.033550057724956
BGR,28,1.0176432706820702,1.029102652917729,1.033550057724956
BGR,29T30,1.0264668250268494,1.0237851313318296,1.033550057724956
BGR,31T33,1.0441315551699408,1.0176000742515543,1.033550057724956
BGR,35,0.6787165057365863,1.0339277607167,1.033550057724956
BGR,36T39,1.023279263034094,1.045015342883356,1.033550057724956
BGR,41T43,1.0285116600947732,1.020709433118151,1.033550057724956
BGR,45T47,1.011169691261321,1.0153089008797167,1.033550057724956
BGR,49,1.0063044922807618,1.0193717105289597,1.033550057724956
BGR,50,0.9957311968393642,1.0170883334444514,1.033550057724956
BGR,51,1.0010975205239339,1.0167376480344348,1.033550057724956
BGR,52,1.0015017360239047,1.0211775425391152,1.033550057724956
BGR,53,1.0234342855440495,1.010387667819739,1.033550057724956
BGR,55T56,1.020040649043566,1.0226715360967507,1.033550057724956
BGR,58T60,1.0306225142538123,1.0073583343890193,1.033550057724956
BGR,61,1.0210412079156066,1.0171973400868828,1.033550057724956
BGR,62T63,1.01960770074628,1.0073281399817133,1.033550057724956
BGR,64T66,1.0146473687329347,1.0060381824688094,1.033550057724956
BGR,68,1.0281880133027324,1.0109956644132645,1.033550057724956
BGR,69T75,1.0184126674337926,1.0080731077699439,1.033550057724956
BGR,77T82,1.0204877846999543,1.0109415049375634,1.033550057724956
BGR,84,1.0319467268600448,1.0116047735682223,1.033550057724956
BGR,85,1.0323130238661653,1.00339940028509,1.033550057724956
BGR,86T88,1.0306974795422403,1.0130736841598917,1.033550057724956
BGR,90T93,1.027037978974353,1.0112487314489862,1.033550057724956
BGR,94T98,1.0253133629866147,1.0151126588040105,1.033550057724956
BRA,01T02,0.4456810022662325,0.9984214538706788,0.9810946936040152
BRA,03,0.9794324453808538,0.962589885830164,0.9810946936040152
BRA,05T06,0.9024994158975069,0.9735840591528014,0.9810946936040152
BRA,07T08,1.0436594677452833,0.9703079102609264,0.9810946936040152
BRA,10T12,0.9358289710562937,1.1167035444741387,0.9810946936040152
BRA,13T15,1.0130954934775396,0.9889077768208904,0.9810946936040152
BRA,16,1.0183961976635796,1.0097172520325195,0.9810946936040152
BRA,17T18,1.0262374287358256,0.9949274901508891,0.9810946936040152
BRA,19,0.9537180875813142,1.0210535817238513,0.9810946936040152
BRA,20,0.880891236120846,1.0216659732561981,0.9810946936040152
BRA,21,1.0074257570922065,0.9683802924300844,0.9810946936040152
BRA,22,1.0028974603651595,0.9922869213334397,0.9810946936040152
BRA,23,0.965226040571454,0.97679262275888,0.9810946936040152
BRA,24,0.918808470372412,0.9982935874593905,0.9810946936040152
BRA,25,1.003018303501841,0.9975495809829664,0.9810946936040152
BRA,26,1.0145517068531198,0.9776111561966333,0.9810946936040152
BRA,27,1.019534178199185,0.9901725862652949,0.9810946936040152
BRA,28,1.0265878161312687,0.9825273618596041,0.9810946936040152
BRA,29T30,1.0419872069999803,0.984009542117655,0.9810946936040152
BRA,31T33,1.0052241780444218,0.9784445785964583,0.9810946936040152
BRA,35,0.9163878149101266,0.9818143416765989,0.9810946936040152
BRA,36T39,0.9770191484532232,0.9656466542980738,0.9810946936040152
BRA,41T43,0.9811975560768716,0.9732586439624139,0.9810946936040152
BRA,45T47,0.986544768923497,0.9650937149586387,0.9810946936040152
BRA,49,0.973466339125203,0.9732799682340468,0.9810946936040152
BRA,50,1.0491803265370576,0.9706237786834048,0.9810946936040152
BRA,51,1.0336284267378821,0.9808164511154313,0.9810946936040152
BRA,52,1.0046210905460828,0.9639138690209912,0.9810946936040152
BRA,53,0.986698174484919,0.9623218740473034,0.9810946936040152
BRA,55T56,0.9886423736360901,0.9954507860302321,0.9810946936040152
BRA,58T60,1.0352142554803823,0.9764894338122957,0.9810946936040152
BRA,61,0.9894242226008488,0.9626681194863266,0.9810946936040152
BRA,62T63,1.0210674041944496,0.9605653464094608,0.9810946936040152
BRA,64T66,0.9785584314727112,0.9591849320331053,0.9810946936040152
BRA,68,0.9849581650649173,0.9566186545509816,0.9810946936040152
BRA,69T75,1.00761652780162,0.9615699847080471,0.9810946936040152
BRA,77T82,0.9955867791546634,0.9630717389909936,0.9810946936040152
BRA,84,0.9817258107539778,0.9605577960925911,0.9810946936040152
BRA,85,0.9819489802234407,0.9596067875292983,0.9810946936040152
BRA,86T88,0.9817387512006991,0.9637339877404072,0.9810946936040152
BRA,90T93,0.9978395123477807,0.9641847875084852,0.9810946936040152
BRA,94T98,0.9819419065977891,0.9688830355371942,0.9810946936040152
BRN,01T02,0.7396165618514585,0.9951216334287936,0.9771558091771498
BRN,03,1.0205190920759541,0.9855225516644064,0.9771558091771498
BRN,05T06,0.9172924398620202,0.972425455877616,0.9771558091771498
BRN,07T08,1.1786815985605814,0.9574602436172328,0.9771558091771498
BRN,10T12,1.1397876268385936,1.0133045934029659,0.9771558091771498
BRN,13T15,1.0521331989221774,1.008424297906651,0.9771558091771498
BRN,16,1.1803323373056012,0.994684670552585,0.9771558091771498
BRN,17T18,1.0295888775529265,0.9974721516984238,0.9771558091771498
BRN,19,0.9601519520964314,0.9962733506123922,0.9771558091771498
BRN,20,1.0640190152501212,1.0084559086483382,0.9771558091771498
BRN,21,0.989126865088541,1.0115160835108465,0.9771558091771498
BRN,22,1.0655691237624327,1.0008154129108906,0.9771558091771498
BRN,23,1.0649713479885359,0.9861995757518157,0.9771558091771498
BRN,24,1.8371937993170346,0.9791556582514346,0.9771558091771498
BRN,25,1.0996598047034398,1.0262598196251043,0.9771558091771498
BRN,26,1.0023990220307255,1.0018126457792957,0.9771558091771498
BRN,27,1.0673827322602436,0.9962870462669448,0.9771558091771498
BRN,28,1.0518074985515447,0.9996024059929897,0.9771558091771498
BRN,29T30,1.0285617320227871,0.9905917452402734,0.9771558091771498
BRN,31T33,1.0107684770727983,1.0168402811650747,0.9771558091771498
BRN,35,0.5061934430763437,0.9916760006554521,0.9771558091771498
BRN,36T39,0.9749101552903228,0.9749691760978808,0.9771558091771498
BRN,41T43,0.9771619448018495,1.0021437451232726,0.9771558091771498
BRN,45T47,0.9890069352317469,0.9837571779519453,0.9771558091771498
BRN,49,1.047044256680436,0.9854838979265008,0.9771558091771498
BRN,50,0.9891425825497795,0.981817111118108,0.9771558091771498
BRN,51,1.0329477506032876,0.9740407050150667,0.9771558091771498
BRN,52,1.0652802298580188,0.9824826164642806,0.9771558091771498
BRN,53,1.0185652182654652,0.9893390660001132,0.9771558091771498
BRN,55T56,1.0091771556234572,1.010941873109117,0.9771558091771498
BRN,58T60,1.0494344756714802,0.9741184895752918,0.9771558091771498
BRN,61,0.9738402947685715,0.9828165772949352,0.9771558091771498
BRN,62T63,1.0307981199964276,0.9810947678166229,0.9771558091771498
BRN,64T66,0.9930049214525968,0.9659236274129936,0.9771558091771498
BRN,68,1.0002898491692198,0.9623897363833328,0.9771558091771498
BRN,69T75,0.9951317153411746,0.978672591773041,0.9771558091771498
BRN,77T82,1.0070107378106368,0.9841422121970497,0.9771558091771498
BRN,84,0.977858400709139,0.9847348568057245,0.9771558091771498
BRN,85,0.9789214382280733,0.9790256326137963,0.9771558091771498
BRN,86T88,0.9773616632443275,0.9876948367126702,0.9771558091771498
BRN,90T93,0.9750253740194484,1.0296040734359073,0.9771558091771498
BRN,94T98,1.0224705115221289,0.973649506712444,0.9771558091771498
CAN,01T02,0.7131593344688097,1.0484787672329756,1.0124880307777513
CAN,03,0.9882020562182574,1.018216822748335,1.0124880307777513
CAN,05T06,0.8715235128707605,1.01608020028113,1.0124880307777513
CAN,07T08,1.04184857861841,1.0138127996967323,1.0124880307777513
CAN,10T12,0.9843473121212251,1.0661654969193182,1.0124880307777513
CAN,13T15,1.059361248669589,1.010205192584106,1.0124880307777513
CAN,16,0.9375132384259784,1.0773167761158307,1.0124880307777513
CAN,17T18,1.010714436997083,1.0259557604503007,1.0124880307777513
CAN,19,0.9870773095836737,1.055978498900298,1.0124880307777513
CAN,20,1.0016707002633325,1.0209673298582054,1.0124880307777513
CAN,21,1.0338415608200948,1.0095084547707007,1.0124880307777513
CAN,22,1.0289838597846015,1.015729293039447,1.0124880307777513
CAN,23,1.0265808795379219,1.0131457011051845,1.0124880307777513
CAN,24,1.095983504088213,1.0324823854515166,1.0124880307777513
CAN,25,1.0586288561170678,1.0218198016386844,1.0124880307777513
CAN,26,1.0292968674320755,1.009718772830216,1.0124880307777513
CAN,27,1.037042017038217,1.0212971536705593,1.0124880307777513
CAN,28,1.0260396351519632,1.0160663206841645,1.0124880307777513
CAN,29T30,1.0338665701747625,1.0160811893653623,1.0124880307777513
CAN,31T33,1.0325028143849642,1.0131939835622217,1.0124880307777513
CAN,35,0.927061455629771,1.0071360744552291,1.0124880307777513
CAN,36T39,1.0083791304043717,1.0061574143868701,1.0124880307777513
CAN,41T43,1.0104107355664769,1.0150923988129485,1.0124880307777513
CAN,45T47,1.0156041077094438,1.004549739935963,1.0124880307777513
CAN,49,1.0015593786542094,1.0086435809133028,1.0124880307777513
CAN,50,1.0066134441013472,1.0101749467082872,1.0124880307777513
CAN,51,1.0192045204760312,1.0109658755847917,1.0124880307777513
CAN,52,1.0099485686935068,1.0069799092647111,1.0124880307777513
CAN,53,1.0186348827340952,1.0068831199529664,1.0124880307777513
CAN,55T56,1.0141510091836232,1.0192220760101678,1.0124880307777513
CAN,58T60,1.0219590805612728,1.0065963743985258,1.0124880307777513
CAN,61,1.0120140207048471,1.004679438311754,1.0124880307777513
CAN,62T63,1.0134905534328276,1.003506971540428,1.0124880307777513
CAN,64T66,1.0085376325938846,1.0037073099828817,1.0124880307777513
CAN,68,1.0127886823122936,1.0029528629508904,1.0124880307777513
CAN,69T75,1.0055170510665612,1.004281118168649,1.0124880307777513
CAN,77T82,1.0096903851190877,1.0050768090570592,1.0124880307777513
CAN,84,1.012392463114192,1.0055907752762687,1.0124880307777513
CAN,85,1.0140721498758865,1.004017020654525,1.0124880307777513
CAN,86T88,1.0125667663892814,1.0048691602734445,1.0124880307777513
CAN,90T93,1.0146058785425829,1.0075870777557299,1.0124880307777513
CAN,94T98,1.0115797318708564,1.006920662816602,1.0124880307777513
CHE,01T02,1.0743532445448858,1.0336507526793566,1.025136724546019
CHE,03,1.0092581874843998,1.0162910095734914,1.025136724546019
CHE,05T06,0.9771959299057843,1.0279435321743151,1.025136724546019
CHE,07T08,1.0392882592133776,1.024713013118911,1.025136724546019
CHE,10T12,1.0417271387720406,1.0355267188450565,1.025136724546019
CHE,13T15,1.0219333415301652,1.0216515667327688,1.025136724546019
CHE,16,1.0448021133776948,1.0247445986063597,1.025136724546019
CHE,17T18,1.0218014065258134,1.023107041039778,1.025136724546019
CHE,19,1.0300996007167524,1.033719867421243,1.025136724546019
CHE,20,1.012971921250271,1.0247539633853822,1.025136724546019
CHE,21,1.0081431699200278,1.0210622111145804,1.025136724546019
CHE,22,1.0213413918766177,1.0240978510972059,1.025136724546019
CHE,23,1.0257068782213068,1.025206972889903,1.025136724546019
CHE,24,1.3490745804181645,1.0358190077848306,1.025136724546019
CHE,25,1.0502072849923256,1.0259296666949385,1.025136724546019
CHE,26,1.018412631058963,1.022235821845818,1.025136724546019
CHE,27,1.0315514250802895,1.0257313582555088,1.025136724546019
CHE,28,1.0250273607241647,1.02412850819932,1.025136724546019
CHE,29T30,1.0216418556610953,1.0227292195167894,1.025136724546019
CHE,31T33,1.0167670060029748,1.0232258299286343,1.025136724546019
CHE,35,1.075699657272493,1.0270368561857197,1.025136724546019
CHE,36T39,1.0319487263348874,1.023096113222943,1.025136724546019
CHE,41T43,1.0251776432022408,1.0224150946722403,1.025136724546019
CHE,45T47,1.0144763482336001,1.0216188284827394,1.025136724546019
CHE,49,1.0155096593935236,1.0222779475165882,1.025136724546019
CHE,50,1.0094544541149102,1.0222316397293116,1.025136724546019
CHE,51,1.0072938174766126,1.0220163766512396,1.025136724546019
CHE,52,1.0083242271035266,1.021819584032978,1.025136724546019
CHE,53,1.0142662395394,1.0209478576510171,1.025136724546019
CHE,55T56,1.0206084756032587,1.0253694829363877,1.025136724546019
CHE,58T60,1.0005690222531058,1.0201787123192658,1.025136724546019
CHE,61,1.015915324289687,1.0204625001330938,1.025136724546019
CHE,62T63,1.0005783146715175,1.0184329402268846,1.025136724546019
CHE,64T66,1.0076952377639814,1.0200058032312151,1.025136724546019
CHE,68,1.0227612189632127,1.0205058273143177,1.025136724546019
CHE,69T75,1.0149646070161868,1.0205157245033194,1.025136724546019
CHE,77T82,1.018273912848102,1.0206753424382788,1.025136724546019
CHE,84,1.0231074584346702,1.021332013530278,1.025136724546019
CHE,85,1.0207194007965628,1.0213578186470205,1.025136724546019
CHE,86T88,1.0246724752878074,1.0211812010855474,1.025136724546019
CHE,90T93,1.01795471077977,1.021217777396937,1.025136724546019
CHE,94T98,1.0227467953354734,1.0209568498998833,1.025136724546019
CHL,01T02,1.0394573952668975,1.0516156760319721,1.0517711451551535
CHL,03,1.0384995740608285,1.0448471540958266,1.0517711451551535
CHL,05T06,0.614630239676535,1.0438249321792186,1.0517711451551535
CHL,07T08,0.9613862109410819,1.0501029974830345,1.0517711451551535
CHL,10T12,1.0443231265558042,1.0543232502846727,1.0517711451551535
CHL,13T15,0.9808353491816444,1.0414870867398587,1.0517711451551535
CHL,16,0.9872980088529256,1.060281616342382,1.0517711451551535
CHL,17T18,0.957990701665171,1.0606011910966613,1.0517711451551535
CHL,19,0.9902881941762164,1.081489501498798,1.0517711451551535
CHL,20,0.9826355994502459,1.0502064466520993,1.0517711451551535
CHL,21,1.005945477939145,1.0408584651238415,1.0517711451551535
CHL,22,0.9961885852413986,1.0446740546995408,1.0517711451551535
CHL,23,1.0287580255300786,1.0517402301288874,1.0517711451551535
CHL,24,1.2896208813849759,1.056683989929949,1.0517711451551535
CHL,25,1.02773555672145,1.053277849593291,1.0517711451551535
CHL,26,1.0294183091537863,1.0421030497948922,1.0517711451551535
CHL,27,1.0113688559414353,1.0452505686977076,1.0517711451551535
CHL,28,1.0102528117506266,1.0478676274554495,1.0517711451551535
CHL,29T30,1.0022983947524982,1.04291620233335,1.0517711451551535
CHL,31T33,1.0065858047781193,1.0445811149435507,1.0517711451551535
CHL,35,0.8906547134685904,1.1102972389670387,1.0517711451551535
CHL,36T39,1.044967842546252,1.047327967364092,1.0517711451551535
CHL,41T43,1.0489477700601517,1.0426273628189424,1.0517711451551535
CHL,45T47,1.0175949884378184,1.0419320501196319,1.0517711451551535
CHL,49,1.0165594869334165,1.0445216537527684,1.0517711451551535
CHL,50,0.9665196000113555,1.0420001472753389,1.0517711451551535
CHL,51,0.993113837012344,1.0419575630629268,1.0517711451551535
CHL,52,1.006395026840589,1.0426088089292038,1.0517711451551535
CHL,53,1.0184561331502027,1.0397188121590133,1.0517711451551535
CHL,55T56,1.0365892220624784,1.0472170375752021,1.0517711451551535
CHL,58T60,1.0146256847229393,1.0416049376585625,1.0517711451551535
CHL,61,1.0408205278191072,1.0426324287592479,1.0517711451551535
CHL,62T63,1.015674617743505,1.0390768702284434,1.0517711451551535
CHL,64T66,1.0312654923460962,1.0392946132926923,1.0517711451551535
CHL,68,1.0421124958047163,1.0402326671353797,1.0517711451551535
CHL,69T75,1.036249823606703,1.0398713872990475,1.0517711451551535
CHL,77T82,1.0255108171465463,1.0397931269751688,1.0517711451551535
CHL,84,1.0495720316221995,1.041563228121695,1.0517711451551535
CHL,85,1.050704388016222,1.0416426026018377,1.0517711451551535
CHL,86T88,1.0506217006981957,1.0414565193804064,1.0517711451551535
CHL,90T93,1.0408810876516794,1.0404782365530392,1.0517711451551535
CHL,94T98,1.041091192509169,1.0402983768248941,1.0517711451551535
CHN,01T02,0.9725737549140784,1.0298813755438188,1.0269127559845148
CHN,03,1.0173600238919918,1.0177853620291137,1.0269127559845148
CHN,05T06,0.831220331645526,1.0500896545742453,1.0269127559845148
CHN,07T08,0.9077282971077012,1.0575577216372514,1.0269127559845148
CHN,10T12,1.0137914066735887,1.0433549878957238,1.0269127559845148
CHN,13T15,0.9972370625540188,1.0300458354554742,1.0269127559845148
CHN,16,1.0025723986824138,1.0430361809465618,1.0269127559845148
CHN,17T18,1.0056190648399068,1.0343997755902374,1.0269127559845148
CHN,19,0.9647464786025765,1.048091436578997,1.0269127559845148
CHN,20,0.9771437285860226,1.0432183880532417,1.0269127559845148
CHN,21,1.0162774193080093,1.0247040191391947,1.0269127559845148
CHN,22,0.997151173968102,1.033019574178614,1.0269127559845148
CHN,23,1.0116939027155396,1.0405389776004554,1.0269127559845148
CHN,24,0.850191699414916,1.0785444110873497,1.0269127559845148
CHN,25,0.9827872042644722,1.0704939005134766,1.0269127559845148
CHN,26,1.0072395622036943,1.0257852553749014,1.0269127559845148
CHN,27,0.9820674796928092,1.0524849412556756,1.0269127559845148
CHN,28,0.9948316880277048,1.0486524601215554,1.0269127559845148
CHN,29T30,1.0140761540433596,1.0323450733967532,1.0269127559845148
CHN,31T33,0.9974783984321229,1.0304688155307953,1.0269127559845148
CHN,35,0.6775468133680007,1.1162926401617834,1.0269127559845148
CHN,36T39,0.9603742954043669,1.0375311308204918,1.0269127559845148
CHN,41T43,1.0265314627399476,1.0398657806338663,1.0269127559845148
CHN,45T47,1.0074334401882559,1.0011586066340143,1.0269127559845148
CHN,49,0.9885135464535943,1.021580901601093,1.0269127559845148
CHN,50,0.991729789525073,1.0157634112646587,1.0269127559845148
CHN,51,1.0050541919903078,1.0133185670523281,1.0269127559845148
CHN,52,0.9915278786201036,1.0150436027855148,1.0269127559845148
CHN,53,0.9951246897097282,1.0092895398406871,1.0269127559845148
CHN,55T56,1.01288676143916,1.0222212374368318,1.0269127559845148
CHN,58T60,1.0211630788118784,1.009409079148382,1.0269127559845148
CHN,61,1.0159578826123348,1.0150297508921133,1.0269127559845148
CHN,62T63,1.0229959947269007,0.998688342371103,1.0269127559845148
CHN,64T66,0.9945724418723854,0.9928529064801891,1.0269127559845148
CHN,68,1.022746508166812,0.994122804680029,1.0269127559845148
CHN,69T75,1.0068360946669839,1.009656629997958,1.0269127559845148
CHN,77T82,1.004263985602487,1.0094208339816835,1.0269127559845148
CHN,84,1.0265750018802673,0.9992984165356611,1.0269127559845148
CHN,85,1.0274307770713973,0.9979469964653837,1.0269127559845148
CHN,86T88,1.0261520449568242,1.001944734223934,1.0269127559845148
CHN,90T93,1.0236969153111046,1.001248337228461,1.0269127559845148
CHN,94T98,1.0209895167423682,1.0035318068817414,1.0269127559845148
COL,01T02,0.6519573432428547,1.012078310719863,1.00753463571472
COL,03,1.0051150548407677,1.0350254785702813,1.00753463571472
COL,05T06,0.9345213746977681,0.9990098540024545,1.00753463571472
COL,07T08,1.0640720210953163,0.9920070278808879,1.00753463571472
COL,10T12,0.9629543919052556,1.0997911278893908,1.00753463571472
COL,13T15,1.0445830733742432,0.9988515157041284,1.00753463571472
COL,16,0.9790815558422331,1.0496623949669674,1.00753463571472
COL,17T18,1.0175317556193761,1.000117186825683,1.00753463571472
COL,19,1.0154627335571906,1.013290137662427,1.00753463571472
COL,20,1.0079176395270864,1.0022553354391655,1.00753463571472
COL,21,1.039551637643565,0.9935801126716488,1.00753463571472
COL,22,1.0283281921749898,1.0037946213850515,1.00753463571472
COL,23,1.0206859416783418,0.9929115365759337,1.00753463571472
COL,24,1.1411839603897393,1.007591140325964,1.00753463571472
COL,25,1.0474582449465781,1.0060040341959138,1.00753463571472
COL,26,1.0336711690445413,1.0024469683174477,1.00753463571472
COL,27,1.0450065935861599,1.0069269135196213,1.00753463571472
COL,28,1.0340561416674743,1.0069306916821261,1.00753463571472
COL,29T30,1.049358297801487,0.9994772304085171,1.00753463571472
COL,31T33,1.016034907624553,0.9978630776930145,1.00753463571472
COL,35,0.9354765845095138,1.0127694225425594,1.00753463571472
COL,36T39,1.0078716971428547,0.9901637117559294,1.00753463571472
COL,41T43,1.00651485859077,0.9929247787271849,1.00753463571472
COL,45T47,1.0056949558497796,0.9866480449303655,1.00753463571472
COL,49,1.0012971429474513,0.9913005435518857,1.00753463571472
COL,50,1.0264125848403216,0.9916784004337891,1.00753463571472
COL,51,1.039515584606905,0.994526276314088,1.00753463571472
COL,52,1.012172363823848,0.98479448463098,1.00753463571472
COL,53,1.0167616614147468,0.9878092819344914,1.00753463571472
COL,55T56,1.0080859037668464,1.0202714768699774,1.00753463571472
COL,58T60,1.034555431123516,0.9879171281188984,1.00753463571472
COL,61,1.0104127368516018,0.9840426529765983,1.00753463571472
COL,62T63,1.020310399346838,0.983316067420493,1.00753463571472
COL,64T66,1.0124781601346737,0.9843911383962267,1.00753463571472
COL,68,1.0092870348486056,0.980810441720633,1.00753463571472
COL,69T75,1.0115198755973571,0.9832336246895587,1.00753463571472
COL,77T82,1.0080702777936237,0.9827213025494423,1.00753463571472
COL,84,1.007861174184196,0.9865452426021375,1.00753463571472
COL,85,1.0085221794916246,0.9839883544053346,1.00753463571472
COL,86T88,1.0073156023102714,0.9870796606300809,1.00753463571472
COL,90T93,1.011556734199864,0.9854499095118056,1.00753463571472
COL,94T98,1.008934968821172,0.9852555654353978,1.00753463571472
CRI,01T02,1.0453088936587018,1.0298294696886117,1.026608588308118
CRI,03,1.025680333867402,1.0294358231324348,1.026608588308118
CRI,05T06,1.0446533495335804,1.0256105391813324,1.026608588308118
CRI,07T08,1.01804390721768,1.0245934324230306,1.026608588308118
CRI,10T12,1.0393153018514056,1.0441527224959604,1.026608588308118
CRI,13T15,1.005637759643212,1.0215830542995823,1.026608588308118
CRI,16,1.0288062494522165,1.0366744466252689,1.026608588308118
CRI,17T18,1.01199131598046,1.0222252081492995,1.026608588308118
CRI,19,1.0648097000183414,1.022223718434703,1.026608588308118
CRI,20,1.0215977587803553,1.0231616879710743,1.026608588308118
CRI,21,0.9692798987144823,1.0221970923366894,1.026608588308118
CRI,22,1.0103272577589173,1.0248322739300855,1.026608588308118
CRI,23,1.0195097106209259,1.023920192064264,1.026608588308118
CRI,24,1.2077937301028085,1.0465506403136107,1.026608588308118
CRI,25,1.0253512993636635,1.0325013911519665,1.026608588308118
CRI,26,1.0165741147189908,1.0218440379531335,1.026608588308118
CRI,27,1.0257757961023268,1.0283223933159007,1.026608588308118
CRI,28,1.0166561782808163,1.0283049406465856,1.026608588308118
CRI,29T30,1.0235893265950602,1.0267321504636946,1.026608588308118
CRI,31T33,1.0157743802404906,1.023540029731264,1.026608588308118
CRI,35,1.0394304911654682,1.0224220421771093,1.026608588308118
CRI,36T39,1.030624485991041,1.022496872676145,1.026608588308118
CRI,41T43,1.025417905816778,1.0249932448073797,1.026608588308118
CRI,45T47,1.0116094215452638,1.0220904939601327,1.026608588308118
CRI,49,1.0102863268788547,1.0235492586918213,1.026608588308118
CRI,50,0.9990156814884205,1.023497164283844,1.026608588308118
CRI,51,0.9986319190559924,1.0248240121396084,1.026608588308118
CRI,52,1.0111625200429257,1.022222998823574,1.026608588308118
CRI,53,1.019072524237346,1.021584546700521,1.026608588308118
CRI,55T56,1.0165364573690958,1.0285284957286311,1.026608588308118
CRI,58T60,1.0099841476496962,1.0221777555875564,1.026608588308118
CRI,61,1.0154308539308248,1.0217466666636903,1.026608588308118
CRI,62T63,1.0065059932274163,1.0216922311084808,1.026608588308118
CRI,64T66,1.017665556702513,1.0215822853978327,1.026608588308118
CRI,68,1.0241760179347439,1.0220653154860055,1.026608588308118
CRI,69T75,1.013218268702672,1.0218907562428297,1.026608588308118
CRI,77T82,1.0159639857282796,1.0220975430138124,1.026608588308118
CRI,84,1.0263589834407012,1.022111508711397,1.026608588308118
CRI,85,1.0253615054585343,1.022574465720564,1.026608588308118
CRI,86T88,1.0257756327592977,1.0223348182243857,1.026608588308118
CRI,90T93,1.0148588187265082,1.0225611530057668,1.026608588308118
CRI,94T98,1.0232875762267717,1.0225400136242917,1.026608588308118
CYP,01T02,1.0734404954170358,1.0246945604394573,1.0172779842289554
CYP,03,1.0216386896023313,1.0133992609316391,1.0172779842289554
CYP,05T06,0.9116542402693472,1.0347023720294901,1.0172779842289554
CYP,07T08,0.9870021729371313,1.0466334678772766,1.0172779842289554
CYP,10T12,1.0382614499754106,1.034546199479941,1.0172779842289554
CYP,13T15,1.0373023832417403,1.0161995456797155,1.0172779842289554
CYP,16,1.0448330011436513,1.0180124303650104,1.0172779842289554
CYP,17T18,1.0182489020075984,1.0186064268925155,1.0172779842289554
CYP,19,0.9654769177454328,1.0112592542056604,1.0172779842289554
CYP,20,1.02552996018658,1.021727280967315,1.0172779842289554
CYP,21,1.019752102897765,1.0162443937711156,1.0172779842289554
CYP,22,1.0068164540263347,1.0301001003748127,1.0172779842289554
CYP,23,1.0096209990856488,1.031673100574909,1.0172779842289554
CYP,24,1.2240401135046286,1.0375085509327984,1.0172779842289554
CYP,25,1.0329081287269457,1.025198202121354,1.0172779842289554
CYP,26,1.0202922299390877,1.0171407521366067,1.0172779842289554
CYP,27,1.0468226387281285,1.0190898600735785,1.0172779842289554
CYP,28,1.038009913115478,1.0173036462647904,1.0172779842289554
CYP,29T30,1.0308439734779915,1.0180066890800608,1.0172779842289554
CYP,31T33,1.0150680188257146,1.0151721671846479,1.0172779842289554
CYP,35,0.7705748012249931,1.0207574532282029,1.0172779842289554
CYP,36T39,1.0137356387386698,1.0353259247586801,1.0172779842289554
CYP,41T43,1.0114148334697284,1.013479257652318,1.0172779842289554
CYP,45T47,1.0094586012262372,1.0159948272882298,1.0172779842289554
CYP,49,1.0097678326333768,1.0136743463638214,1.0172779842289554
CYP,50,1.0058738553608335,1.0095238974927119,1.0172779842289554
CYP,51,0.9855361314031481,1.016915345733743,1.0172779842289554
CYP,52,1.0063224304394527,1.010583200018835,1.0172779842289554
CYP,53,1.0082534880132328,1.0142352194798872,1.0172779842289554
CYP,55T56,1.0115355519165283,1.0215196938265863,1.0172779842289554
CYP,58T60,1.0037081414514861,1.0122465254580715,1.0172779842289554
CYP,61,1.0036389549428473,1.0147748052209045,1.0172779842289554
CYP,62T63,0.991030129631326,1.006969475789909,1.0172779842289554
CYP,64T66,0.9958971995770113,1.0084392239131543,1.0172779842289554
CYP,68,1.0133670204951817,1.0088297923521674,1.0172779842289554
CYP,69T75,0.9971070440020814,1.0094967933189005,1.0172779842289554
CYP,77T82,1.0036668097179104,1.0104687796213905,1.0172779842289554
CYP,84,1.0169000938801052,1.012730380154967,1.0172779842289554
CYP,85,1.0159779528950137,1.009299454447792,1.0172779842289554
CYP,86T88,1.0155095375538454,1.0134148151403222,1.0172779842289554
CYP,90T93,1.0133546901163464,1.0138617626447954,1.0172779842289554
CYP,94T98,1.0135383130959656,1.0125560473525022,1.0172779842289554
CZE,01T02,1.0071381512907216,1.0301644360770565,1.0315686330053342
CZE,03,0.9740960723485972,1.0482720776031613,1.0315686330053342
CZE,05T06,0.7815048061288594,1.0277588477564585,1.0315686330053342
CZE,07T08,0.9873466543772901,1.02954334275948,1.0315686330053342
CZE,10T12,1.0278252239279912,1.0432404963614073,1.0315686330053342
CZE,13T15,0.9960146895522599,1.0272013702340717,1.0315686330053342
CZE,16,1.0062447609432918,1.039189875444714,1.0315686330053342
CZE,17T18,1.0040232039470056,1.0303614049193233,1.0315686330053342
CZE,19,0.9704161883061815,1.0650458887801204,1.0315686330053342
CZE,20,0.9873758377652676,1.0360091708497188,1.0315686330053342
CZE,21,1.0154877425344406,1.0208400274590264,1.0315686330053342
CZE,22,1.0223505779489148,1.0229376292010615,1.0315686330053342
CZE,23,1.0068126580597654,1.0318546586101365,1.0315686330053342
CZE,24,0.9492172246930736,1.0492824737794937,1.0315686330053342
CZE,25,1.0214505668815317,1.0320513319824618,1.0315686330053342
CZE,26,1.01352768236933,1.02679335133455,1.0315686330053342
CZE,27,1.0141960674593156,1.0316968966545577,1.0315686330053342
CZE,28,1.0073694830041744,1.0331556833051947,1.0315686330053342
CZE,29T30,1.0206981864169709,1.0244970089499787,1.0315686330053342
CZE,31T33,1.0123080671966203,1.0229960069028519,1.0315686330053342
CZE,35,0.7735568284181654,1.0689176766290063,1.0315686330053342
CZE,36T39,0.9993173949070289,1.0254107123002973,1.0315686330053342
CZE,41T43,1.024323595781414,1.0198403394948226,1.0315686330053342
CZE,45T47,1.012651492862559,1.0175386551897807,1.0315686330053342
CZE,49,1.0056527431704083,1.0194886997166632,1.0315686330053342
CZE,50,1.0041337141585558,1.021379632889139,1.0315686330053342
CZE,51,1.0026208515226913,1.0201459743435783,1.0315686330053342
CZE,52,1.005737551954456,1.0187346707346314,1.0315686330053342
CZE,53,1.0122534065247215,1.0144384401209021,1.0315686330053342
CZE,55T56,1.023615949336619,1.0234744875430932,1.0315686330053342
CZE,58T60,1.0177437181260753,1.0155402059493484,1.0315686330053342
CZE,61,1.0185442892818148,1.015325757291757,1.0315686330053342
CZE,62T63,1.017128706934876,1.0119651530867746,1.0315686330053342
CZE,64T66,1.014344963943299,1.0132413984518938,1.0315686330053342
CZE,68,1.0253465669511779,1.0206417896556583,1.0315686330053342
CZE,69T75,1.014384399479022,1.016346259010039,1.0315686330053342
CZE,77T82,1.0150112426699212,1.0173409823436301,1.0315686330053342
CZE,84,1.0290912546558437,1.0173342545777495,1.0315686330053342
CZE,85,1.0294753203000275,1.0170283869755612,1.0315686330053342
CZE,86T88,1.0307872758130665,1.0186456342464756,1.0315686330053342
CZE,90T93,1.026848982108562,1.0199422445026756,1.0315686330053342
CZE,94T98,1.0254980406136034,1.0175182895647477,1.0315686330053342
DEU,01T02,0.9633951415608711,1.0296708725630048,1.027106905425123
DEU,03,1.017235264690076,1.0208078351081233,1.027106905425123
DEU,05T06,0.8706444481856468,1.0347395304205125,1.027106905425123
DEU,07T08,1.009189486881057,1.0212662171118319,1.027106905425123
DEU,10T12,1.030224902387087,1.0414762129345478,1.027106905425123
DEU,13T15,1.012509728741803,1.0231446196112397,1.027106905425123
DEU,16,1.0201527765631118,1.0369361042704874,1.027106905425123
DEU,17T18,1.0184063315471306,1.026218508575684,1.027106905425123
DEU,19,1.008681296245693,1.042386174729921,1.027106905425123
DEU,20,1.0116965614875926,1.025631598740165,1.027106905425123
DEU,21,1.0122175823421267,1.0203893168309375,1.027106905425123
DEU,22,1.020956078954754,1.0244735565030274,1.027106905425123
DEU,23,1.0213335056358235,1.0254121701532648,1.027106905425123
DEU,24,0.9886614605331928,1.0498642947728087,1.027106905425123
DEU,25,1.0361685232636486,1.0296579094959029,1.027106905425123
DEU,26,1.0196834004114463,1.0216019162668826,1.027106905425123
DEU,27,1.0317402139157748,1.0247962172051333,1.027106905425123
DEU,28,1.0239358535340706,1.0245682710699076,1.027106905425123
DEU,29T30,1.0231655254024843,1.0238798815176837,1.027106905425123
DEU,31T33,1.0157026679411298,1.0238815723010295,1.027106905425123
DEU,35,0.9044964376987673,1.0444384013428964,1.027106905425123
DEU,36T39,1.0194344822914658,1.0217448830122962,1.027106905425123
DEU,41T43,1.0231187693854937,1.021899907852619,1.027106905425123
DEU,45T47,1.0132584499124733,1.0206286056399079,1.027106905425123
DEU,49,1.0085711261030463,1.0228531558441927,1.027106905425123
DEU,50,0.9909209255123334,1.0205202268907447,1.027106905425123
DEU,51,0.9957959448427708,1.021611286513643,1.027106905425123
DEU,52,1.0100546373406218,1.0205025055642853,1.027106905425123
DEU,53,1.0145002621416692,1.020543840238584,1.027106905425123
DEU,55T56,1.0218580019257564,1.0250953579855673,1.027106905425123
DEU,58T60,1.0142372905515913,1.0191565145073085,1.027106905425123
DEU,61,1.0186486733074789,1.0200870601624887,1.027106905425123
DEU,62T63,1.0100954628017353,1.0171444667278062,1.027106905425123
DEU,64T66,1.0163106084648748,1.0183366781049805,1.027106905425123
DEU,68,1.0230222339269688,1.0183730443020271,1.027106905425123
DEU,69T75,1.0145535435358861,1.0187398288725176,1.027106905425123
DEU,77T82,1.0160059093504434,1.0194145386023312,1.027106905425123
DEU,84,1.0222701710838817,1.0197268131848176,1.027106905425123
DEU,85,1.0260899145699296,1.0181770407057322,1.027106905425123
DEU,86T88,1.0268854499038584,1.0200480748644085,1.027106905425123
DEU,90T93,1.0239062236121528,1.019628135756992,1.027106905425123
DEU,94T98,1.0250062296340885,1.0195000314978928,1.027106905425123
DNK,01T02,0.9615274091688855,1.0345447375287475,1.0218058787603614
DNK,03,1.0174107939606152,1.0213226027364584,1.0218058787603614
DNK,05T06,0.9544742311418949,1.0214529152382519,1.0218058787603614
DNK,07T08,0.9966748578456817,1.0256698510538818,1.0218058787603614
DNK,10T12,1.0377394801146973,1.0368352534130258,1.0218058787603614
DNK,13T15,1.0252040848136488,1.0191915876385254,1.0218058787603614
DNK,16,1.0575267334874907,1.0280833846114685,1.0218058787603614
DNK,17T18,1.0384109938637283,1.0200501804022424,1.0218058787603614
DNK,19,0.9988694511386167,1.0417999123892683,1.0218058787603614
DNK,20,1.0248929776969686,1.0200502697016567,1.0218058787603614
DNK,21,1.0155834567613438,1.0173076576287572,1.0218058787603614
DNK,22,1.0288227190294479,1.0207116302657695,1.0218058787603614
DNK,23,1.0243083045988242,1.0220005018255414,1.0218058787603614
DNK,24,1.2477298977158622,1.0356431763612493,1.0218058787603614
DNK,25,1.0416242088874408,1.0262267638833518,1.0218058787603614
DNK,26,1.0207607263644858,1.0190537478329043,1.0218058787603614
DNK,27,1.039159396396612,1.020929392548465,1.0218058787603614
DNK,28,1.0256347568753459,1.0215912990065903,1.0218058787603614
DNK,29T30,1.0235167048396847,1.0228504268519403,1.0218058787603614
DNK,31T33,1.024426799238496,1.0198887699309183,1.0218058787603614
DNK,35,0.935053992418066,1.0269212358788515,1.0218058787603614
DNK,36T39,1.019534706851589,1.018360408605403,1.0218058787603614
DNK,41T43,1.0194825210463663,1.0202434516199284,1.0218058787603614
DNK,45T47,1.0151166338579667,1.0172174622307435,1.0218058787603614
DNK,49,1.015008037900419,1.018116865672251,1.0218058787603614
DNK,50,0.9981612430090662,1.017242595639911,1.0218058787603614
DNK,51,1.003668482255461,1.0186396241104667,1.0218058787603614
DNK,52,1.0059575322951424,1.0172827224802778,1.0218058787603614
DNK,53,1.013040487768052,1.0172748913167744,1.0218058787603614
DNK,55T56,1.0199019544004202,1.0233754436097064,1.0218058787603614
DNK,58T60,1.012755966789433,1.0170362662435186,1.0218058787603614
DNK,61,1.0142561237042695,1.0170713639947206,1.0218058787603614
DNK,62T63,1.0100775608117716,1.016724424050754,1.0218058787603614
DNK,64T66,1.0136188940176651,1.0165779734373581,1.0218058787603614
DNK,68,1.0202236788704684,1.0170465750482547,1.0218058787603614
DNK,69T75,1.0136218035176674,1.0169720720526454,1.0218058787603614
DNK,77T82,1.0145810093043035,1.0176394229035781,1.0218058787603614
DNK,84,1.0212456993175896,1.0172697914321633,1.0218058787603614
DNK,85,1.0214108834848352,1.0174446352754611,1.0218058787603614
DNK,86T88,1.0216341129091606,1.017687551231658,1.0218058787603614
DNK,90T93,1.0203111094600148,1.0182045271165752,1.0218058787603614
DNK,94T98,1.019505524303416,1.017296264542064,1.0218058787603614
ESP,01T02,1.0573772555455314,1.0296428010210223,1.0296761186379486
ESP,03,1.0192751589587203,1.0257923718147317,1.0296761186379486
ESP,05T06,0.5641923668352772,1.0239132613885609,1.0296761186379486
ESP,07T08,0.9900632451110689,1.0278745945716443,1.0296761186379486
ESP,10T12,1.030618460452324,1.045380136710534,1.0296761186379486
ESP,13T15,1.0067381360861096,1.0255004583856906,1.0296761186379486
ESP,16,1.0370757390941239,1.0288651832802007,1.0296761186379486
ESP,17T18,1.015271409906782,1.0288839168629949,1.0296761186379486
ESP,19,0.9881083433946272,1.0616353141273522,1.0296761186379486
ESP,20,1.0033963631167795,1.0302946246698965,1.0296761186379486
ESP,21,0.9983130105858806,1.026051580449512,1.0296761186379486
ESP,22,1.012619032107558,1.0281280089905416,1.0296761186379486
ESP,23,1.0144776319577602,1.0302132322610833,1.0296761186379486
ESP,24,1.1078098705586168,1.0386180788937516,1.0296761186379486
ESP,25,1.0228278945610052,1.03616484129566,1.0296761186379486
ESP,26,1.0176353676310244,1.0247540827353134,1.0296761186379486
ESP,27,1.0226272487813857,1.0302616322686267,1.0296761186379486
ESP,28,1.0158148143001933,1.0295467171434618,1.0296761186379486
ESP,29T30,1.0157961282487256,1.0274997438492537,1.0296761186379486
ESP,31T33,1.0181361262926192,1.0250824278379786,1.0296761186379486
ESP,35,0.9502142236688995,1.0414035878528969,1.0296761186379486
ESP,36T39,1.034622899736781,1.025329170033601,1.0296761186379486
ESP,41T43,1.0268415700903775,1.024295653368741,1.0296761186379486
ESP,45T47,1.0156905168870523,1.0235510762516007,1.0296761186379486
ESP,49,1.0042652761403315,1.028072337429816,1.0296761186379486
ESP,50,1.0020964378554391,1.0254970440350155,1.0296761186379486
ESP,51,0.991896269271528,1.0301535928916186,1.0296761186379486
ESP,52,1.008511128435511,1.026273402470505,1.0296761186379486
ESP,53,1.0148219621859917,1.0230207930270172,1.0296761186379486
ESP,55T56,1.0230838967642644,1.0270980032718127,1.0296761186379486
ESP,58T60,1.008625236811373,1.022173374266629,1.0296761186379486
ESP,61,1.0161393924724444,1.024832665278671,1.0296761186379486
ESP,62T63,1.0033109404716116,1.0222057959598876,1.0296761186379486
ESP,64T66,1.0185996492925404,1.020737337203954,1.0296761186379486
ESP,68,1.0260291872109806,1.0209038375265802,1.0296761186379486
ESP,69T75,1.0143313977107271,1.0226048171753133,1.0296761186379486
ESP,77T82,1.0144554902938596,1.0223489300444726,1.0296761186379486
ESP,84,1.0266658994095572,1.023037950460885,1.0296761186379486
ESP,85,1.0275946172568524,1.0217361790006816,1.0296761186379486
ESP,86T88,1.0285705392002287,1.0223613895168633,1.0296761186379486
ESP,90T93,1.0248844976461244,1.0231327194890045,1.0296761186379486
ESP,94T98,1.0259518174276108,1.0216796956628178,1.0296761186379486
EST,01T02,0.7826489577866739,1.0449719205262094,1.0180171417490076
EST,03,1.017352205494447,1.009050188961004,1.0180171417490076
EST,05T06,0.6257465391268534,1.0195670871340383,1.0180171417490076
EST,07T08,0.9988705440018624,1.022383790041951,1.0180171417490076
EST,10T12,0.9998199989708723,1.053266882206518,1.0180171417490076
EST,13T15,1.0469221930299117,1.0129049895586482,1.0180171417490076
EST,16,0.933913909919533,1.0623473613959156,1.0180171417490076
EST,17T18,0.96736147776314,1.046898084736385,1.0180171417490076
EST,19,0.9075641797854489,1.077073093056388,1.0180171417490076
EST,20,1.0010756123165871,1.0228466490712596,1.0180171417490076
EST,21,1.0271835546027,1.0100069188899234,1.0180171417490076
EST,22,1.0269155703876565,1.0164672814791218,1.0180171417490076
EST,23,1.014215222507602,1.022090624939938,1.0180171417490076
EST,24,1.1736531008843782,1.0578956043532353,1.0180171417490076
EST,25,1.0172625814147156,1.0302815691964329,1.0180171417490076
EST,26,1.0189036077542701,1.0157753158875504,1.0180171417490076
EST,27,1.0420340191720001,1.0184141790438028,1.0180171417490076
EST,28,1.0168248747404607,1.0225256050008693,1.0180171417490076
EST,29T30,1.0354757372805716,1.0154453790847044,1.0180171417490076
EST,31T33,1.001095635557953,1.0204924051520514,1.0180171417490076
EST,35,0.6476095752141113,1.066622698644451,1.0180171417490076
EST,36T39,1.0325155283350311,1.0296175800275198,1.0180171417490076
EST,41T43,1.0140665522617338,1.010112681903426,1.0180171417490076
EST,45T47,1.0082964592717267,1.0054873153679287,1.0180171417490076
EST,49,1.0138399147327093,1.0041381155955391,1.0180171417490076
EST,50,1.0038505165294886,1.0084262338258252,1.0180171417490076
EST,51,1.0051984267974585,1.0115592665783746,1.0180171417490076
EST,52,0.9946132490519737,1.0140938935405248,1.0180171417490076
EST,53,1.0264559141853589,1.002175258633146,1.0180171417490076
EST,55T56,1.018477461546665,1.0203995854979213,1.0180171417490076
EST,58T60,1.0285583193790322,1.0049272229181714,1.0180171417490076
EST,61,1.025860600011751,1.0018178564625286,1.0180171417490076
EST,62T63,1.0278767922321337,0.9973210783522806,1.0180171417490076
EST,64T66,1.0165123531886624,0.9963407477553634,1.0180171417490076
EST,68,1.0138867096454052,1.0020423517495842,1.0180171417490076
EST,69T75,1.0179080446913666,1.0012327757613837,1.0180171417490076
EST,77T82,1.0116242861566491,1.0008718424032672,1.0180171417490076
EST,84,1.0174712434235251,1.001118180158295,1.0180171417490076
EST,85,1.0178001539976187,1.0054810871414919,1.0180171417490076
EST,86T88,1.0184008851943027,1.0029895224079066,1.0180171417490076
EST,90T93,1.0174095023253371,1.0108907197969037,1.0180171417490076
EST,94T98,1.0136363856584836,1.0129223224802064,1.0180171417490076
FIN,01T02,0.9377155943760026,1.0294453508365873,1.0232819270305482
FIN,03,1.0181882379972944,1.0177073550816553,1.0232819270305482
FIN,05T06,0.43043464143100196,1.0292941304215715,1.0232819270305482
FIN,07T08,1.005442030485068,1.0283515541548078,1.0232819270305482
FIN,10T12,1.0223024847616877,1.04105528716081,1.0232819270305482
FIN,13T15,1.0261102766758263,1.018367855045748,1.0232819270305482
FIN,16,0.9773774497313213,1.0575084160064794,1.0232819270305482
FIN,17T18,0.9808397469062281,1.0383591496220688,1.0232819270305482
FIN,19,1.0130545051414441,1.0320150407710753,1.0232819270305482
FIN,20,1.009766995388867,1.0234058359342475,1.0232819270305482
FIN,21,1.0245266923276437,1.0143468741735582,1.0232819270305482
FIN,22,1.0214453764514027,1.021691960047747,1.0232819270305482
FIN,23,1.0186579416614419,1.0237417833531208,1.0232819270305482
FIN,24,1.0949332272061678,1.042263305739399,1.0232819270305482
FIN,25,1.032446868043345,1.030864645593964,1.0232819270305482
FIN,26,1.019917641624842,1.0161486645475912,1.0232819270305482
FIN,27,1.0303894712746369,1.0236022914054121,1.0232819270305482
FIN,28,1.0219675118767204,1.021035480850115,1.0232819270305482
FIN,29T30,1.0222067592449682,1.023722674632257,1.0232819270305482
FIN,31T33,1.0107936230353616,1.0194264548889145,1.0232819270305482
FIN,35,0.9211520607187254,1.04418641524107,1.0232819270305482
FIN,36T39,1.0332492618519182,1.0186649759590136,1.0232819270305482
FIN,41T43,1.0200434239881147,1.021369286039701,1.0232819270305482
FIN,45T47,1.0098811567603811,1.0166803563314413,1.0232819270305482
FIN,49,1.0095639004657908,1.0170328246205482,1.0232819270305482
FIN,50,0.9952664969568669,1.0177489732393512,1.0232819270305482
FIN,51,0.9987359573269157,1.018232938756789,1.0232819270305482
FIN,52,1.008238597904037,1.0185197679614497,1.0232819270305482
FIN,53,1.0111572599965002,1.0155512099414625,1.0232819270305482
FIN,55T56,1.0177082801164046,1.0225117478170576,1.0232819270305482
FIN,58T60,1.0078081388023057,1.015890161906999,1.0232819270305482
FIN,61,1.0152391088995378,1.0154494128587859,1.0232819270305482
FIN,62T63,1.0023747304233912,1.014334770359823,1.0232819270305482
FIN,64T66,1.0122906585631417,1.0148758366040465,1.0232819270305482
FIN,68,1.0207270071991725,1.0162007290174713,1.0232819270305482
FIN,69T75,1.0095683605840071,1.0151534411754088,1.0232819270305482
FIN,77T82,1.0128291578741204,1.015511207892533,1.0232819270305482
FIN,84,1.020407478078706,1.0170304148630929,1.0232819270305482
FIN,85,1.0227409479182799,1.0153029339860844,1.0232819270305482
FIN,86T88,1.0229705841831225,1.0154761418516187,1.0232819270305482
FIN,90T93,1.0201914716226466,1.0201993642942933,1.0232819270305482
FIN,94T98,1.020144572344615,1.0204044713703748,1.0232819270305482
FRA,01T02,0.9917434917392368,1.0333945528161956,1.0220461429875305
FRA,03,1.017179733641216,1.0212894610691432,1.0220461429875305
FRA,05T06,0.2948938546294875,1.0189130018536436,1.0220461429875305
FRA,07T08,0.9979643308003212,1.0239045861277365,1.0220461429875305
FRA,10T12,1.032823779987727,1.037225298687939,1.0220461429875305
FRA,13T15,1.0225745802685589,1.0206498811045532,1.0220461429875305
FRA,16,1.020192861241954,1.035546898876065,1.0220461429875305
FRA,17T18,1.0253098202432092,1.0215922991780648,1.0220461429875305
FRA,19,1.0026707239728436,1.0475405362364925,1.0220461429875305
FRA,20,1.016938429351225,1.0231408797657888,1.0220461429875305
FRA,21,1.012888152526632,1.019539574651333,1.0220461429875305
FRA,22,1.0278372478083273,1.0214038618843968,1.0220461429875305
FRA,23,1.0239758700815005,1.0226500886766747,1.0220461429875305
FRA,24,0.9335068814384305,1.0356969271171834,1.0220461429875305
FRA,25,1.0325415977034518,1.0285048975459177,1.0220461429875305
FRA,26,1.018540269883562,1.0213075228639077,1.0220461429875305
FRA,27,1.0314859172519772,1.0253236879582643,1.0220461429875305
FRA,28,1.022381768358848,1.0245641988524261,1.0220461429875305
FRA,29T30,1.024473860836195,1.0228591130334215,1.0220461429875305
FRA,31T33,1.0165980469322198,1.0227839623173998,1.0220461429875305
FRA,35,1.0038851860336944,1.0345334443417364,1.0220461429875305
FRA,36T39,1.0147015959412164,1.0214301989384722,1.0220461429875305
FRA,41T43,1.0215755828513753,1.0217881225658103,1.0220461429875305
FRA,45T47,1.0150407509500676,1.0186388043131431,1.0220461429875305
FRA,49,1.0147293572844753,1.0196262858344802,1.0220461429875305
FRA,50,0.9898384145164901,1.0196043941109716,1.0220461429875305
FRA,51,1.0054244656549725,1.0208292072306084,1.0220461429875305
FRA,52,1.012436078432148,1.0184958532533763,1.0220461429875305
FRA,53,1.0128127209468398,1.0181106936588922,1.0220461429875305
FRA,55T56,1.0209268203584114,1.022979370829789,1.0220461429875305
FRA,58T60,1.012045276149551,1.019799256034067,1.0220461429875305
FRA,61,1.014448080886583,1.0189305359221015,1.0220461429875305
FRA,62T63,1.0147582728635876,1.0178508244234272,1.0220461429875305
FRA,64T66,1.0145290837884753,1.0174674441068585,1.0220461429875305
FRA,68,1.0201713178436407,1.0176574928181534,1.0220461429875305
FRA,69T75,1.0153241234341017,1.0182285883782762,1.0220461429875305
FRA,77T82,1.0140458795887377,1.0182375269039312,1.0220461429875305
FRA,84,1.0212879072515784,1.0185814801181368,1.0220461429875305
FRA,85,1.020925779076061,1.0184312232257078,1.0220461429875305
FRA,86T88,1.0217889040233243,1.0182876838306363,1.0220461429875305
FRA,90T93,1.0204746686448503,1.019649040322163,1.0220461429875305
FRA,94T98,1.0202147923577634,1.0187413144271955,1.0220461429875305
GBR,01T02,0.9590477823579441,1.0348315583812504,1.0195363074471508
GBR,03,1.015542589426044,1.0210940541386164,1.0195363074471508
GBR,05T06,0.9465564935628333,1.0217245391466625,1.0195363074471508
GBR,07T08,1.0079992086026002,1.023509164781058,1.0195363074471508
GBR,10T12,1.0339550895441865,1.0360977932040936,1.0195363074471508
GBR,13T15,1.028071061135343,1.0175493690501272,1.0195363074471508
GBR,16,1.038203016353525,1.032092771869624,1.0195363074471508
GBR,17T18,1.0226051999565353,1.0212240214023536,1.0195363074471508
GBR,19,0.9987998610180305,1.0440893186657934,1.0195363074471508
GBR,20,1.0214505333634352,1.0214763327278902,1.0195363074471508
GBR,21,1.0167277324631563,1.0177892602939067,1.0195363074471508
GBR,22,1.026812619180439,1.0207955734961742,1.0195363074471508
GBR,23,1.0235048924850418,1.020532728419167,1.0195363074471508
GBR,24,0.9983752924242667,1.034526638874817,1.0195363074471508
GBR,25,1.0404437115392027,1.0239276155825012,1.0195363074471508
GBR,26,1.0194379416238146,1.0184072766201517,1.0195363074471508
GBR,27,1.0354528452784344,1.0219402738276877,1.0195363074471508
GBR,28,1.0219337611661448,1.022348672026798,1.0195363074471508
GBR,29T30,1.0237538455372097,1.0226232089941985,1.0195363074471508
GBR,31T33,1.018510944044754,1.0202083033300904,1.0195363074471508
GBR,35,0.96539676810449,1.0522960814475129,1.0195363074471508
GBR,36T39,1.017228168142062,1.0179059948848053,1.0195363074471508
GBR,41T43,1.0180787677529577,1.0181137335346655,1.0195363074471508
GBR,45T47,1.0154061764721558,1.0173736608553885,1.0195363074471508
GBR,49,1.0157468229064388,1.018014377035723,1.0195363074471508
GBR,50,1.0033149835812227,1.0164591320791423,1.0195363074471508
GBR,51,1.0058511810969073,1.01937980313285,1.0195363074471508
GBR,52,1.014439043628519,1.017573046062301,1.0195363074471508
GBR,53,1.0130570669925185,1.016100222929921,1.0195363074471508
GBR,55T56,1.0206234730759467,1.0199728628161853,1.0195363074471508
GBR,58T60,1.0132516678095433,1.016243062609963,1.0195363074471508
GBR,61,1.0131826894098594,1.016158400245355,1.0195363074471508
GBR,62T63,1.0112412373254336,1.0158820246946463,1.0195363074471508
GBR,64T66,1.0093567179399527,1.0158228531145421,1.0195363074471508
GBR,68,1.0186695874404426,1.0155856535459389,1.0195363074471508
GBR,69T75,1.0112198931469139,1.0160739556950142,1.0195363074471508
GBR,77T82,1.0125869467671131,1.016310056194863,1.0195363074471508
GBR,84,1.0191482989139744,1.016678460561005,1.0195363074471508
GBR,85,1.0179320824859972,1.0162802507563022,1.0195363074471508
GBR,86T88,1.0193847264357314,1.0167613163651485,1.0195363074471508
GBR,90T93,1.0169403865156765,1.017255505977678,1.0195363074471508
GBR,94T98,1.0188173370187672,1.015961017918272,1.0195363074471508
GRC,01T02,1.063540257600108,1.0331638694085323,1.0329457212451947
GRC,03,1.0212929919517275,1.017810434748069,1.0329457212451947
GRC,05T06,0.38788603832945245,1.0270166302431865,1.0329457212451947
GRC,07T08,0.9831960378645053,1.032755958555532,1.0329457212451947
GRC,10T12,1.033347176363115,1.0430304151434056,1.0329457212451947
GRC,13T15,0.9888025909119221,1.0291826609279484,1.0329457212451947
GRC,16,1.0330324866579843,1.0316230692494017,1.0329457212451947
GRC,17T18,1.0214446791271938,1.0247316877958095,1.0329457212451947
GRC,19,0.9615556124960962,1.0576548526430933,1.0329457212451947
GRC,20,1.011982786240797,1.0252310451321514,1.0329457212451947
GRC,21,1.0098557906585992,1.0243860065158008,1.0329457212451947
GRC,22,1.0146365069802978,1.0260854801112016,1.0329457212451947
GRC,23,1.0025883864278657,1.0368327609759243,1.0329457212451947
GRC,24,0.9529195682181677,1.0790999448788143,1.0329457212451947
GRC,25,1.0068717494257549,1.0406617576789463,1.0329457212451947
GRC,26,1.0186537896011763,1.025498154276177,1.0329457212451947
GRC,27,0.9761490860299982,1.052710785767006,1.0329457212451947
GRC,28,1.0086989322693325,1.0332474460324081,1.0329457212451947
GRC,29T30,1.0175189312631034,1.0303342995236693,1.0329457212451947
GRC,31T33,1.001399242369793,1.0290706624171808,1.0329457212451947
GRC,35,0.8481479183283808,1.0657391710764104,1.0329457212451947
GRC,36T39,1.02789806735378,1.0611882736966185,1.0329457212451947
GRC,41T43,1.030108984534179,1.0262289309258938,1.0329457212451947
GRC,45T47,1.0146423617309541,1.0189350919271745,1.0329457212451947
GRC,49,1.0063721666000682,1.0214069602900389,1.0329457212451947
GRC,50,0.9919189527984775,1.0199089704060071,1.0329457212451947
GRC,51,0.9936386124867921,1.0233689987560233,1.0329457212451947
GRC,52,0.9949469341242204,1.0300225640298997,1.0329457212451947
GRC,53,1.015738428640849,1.0196794087127574,1.0329457212451947
GRC,55T56,1.0225837713862955,1.0273462796890254,1.0329457212451947
GRC,58T60,1.0070163450107381,1.0230179498518375,1.0329457212451947
GRC,61,1.0244032442914546,1.0195886418776094,1.0329457212451947
GRC,62T63,1.013072656294648,1.0184813931606518,1.0329457212451947
GRC,64T66,1.0165327357053364,1.0163572287278804,1.0329457212451947
GRC,68,1.0237949786899907,1.0160537470298787,1.0329457212451947
GRC,69T75,1.0137602042336387,1.018233389605471,1.0329457212451947
GRC,77T82,1.022261744146297,1.020834710460672,1.0329457212451947
GRC,84,1.0312195146372032,1.018619043527068,1.0329457212451947
GRC,85,1.0310803278075784,1.0180777329489163,1.0329457212451947
GRC,86T88,1.0316651350919073,1.0203119645163847,1.0329457212451947
GRC,90T93,1.0264709113917365,1.0233719533983099,1.0329457212451947
GRC,94T98,1.0271317698829172,1.0235176141146753,1.0329457212451947
HRV,01T02,0.9569739292642069,1.033745860833007,1.0276086879651576
HRV,03,1.0238665434961614,1.021448685802138,1.0276086879651576
HRV,05T06,0.6725210683404125,1.0578922564494795,1.0276086879651576
HRV,07T08,0.9905157537046745,1.0317068183530818,1.0276086879651576
HRV,10T12,1.0339601677397185,1.0382164672556147,1.0276086879651576
HRV,13T15,1.017327100916262,1.0222531525708545,1.0276086879651576
HRV,16,1.0267442479994335,1.0327357513204982,1.0276086879651576
HRV,17T18,1.016751355043947,1.0266643928769568,1.0276086879651576
HRV,19,1.0074215684471155,1.0442684301955556,1.0276086879651576
HRV,20,1.0091840975051214,1.0276187060675892,1.0276086879651576
HRV,21,1.0121851989288737,1.0211008464087383,1.0276086879651576
HRV,22,1.0189761158851216,1.0246022851959071,1.0276086879651576
HRV,23,1.021577787792348,1.0234492433196092,1.0276086879651576
HRV,24,1.1085933537706407,1.0353807211562702,1.0276086879651576
HRV,25,1.0360202439257729,1.0247813216679964,1.0276086879651576
HRV,26,1.0243153369447595,1.0178829163003926,1.0276086879651576
HRV,27,1.032903789040465,1.0233052761973642,1.0276086879651576
HRV,28,1.0278041212434936,1.0227186896274898,1.0276086879651576
HRV,29T30,1.020618691130378,1.0227677088875142,1.0276086879651576
HRV,31T33,0.9922860815430622,1.0324283568997035,1.0276086879651576
HRV,35,1.0045492233948294,1.0274961760087058,1.0276086879651576
HRV,36T39,1.0216330777327356,1.0233453912237551,1.0276086879651576
HRV,41T43,1.0244066110049679,1.022414875423506,1.0276086879651576
HRV,45T47,1.0118222290034988,1.0244147464887525,1.0276086879651576
HRV,49,1.0097096531752436,1.0205869407332824,1.0276086879651576
HRV,50,1.0066584630557112,1.0223752314498216,1.0276086879651576
HRV,51,1.0102755624056732,1.020344385066695,1.0276086879651576
HRV,52,1.01077508286867,1.024110094633704,1.0276086879651576
HRV,53,1.0172778835644125,1.0170862131592906,1.0276086879651576
HRV,55T56,1.0214123553594234,1.023661843626316,1.0276086879651576
HRV,58T60,1.005845688099004,1.0196058696585846,1.0276086879651576
HRV,61,1.017749853608546,1.0194793205949833,1.0276086879651576
HRV,62T63,1.0035497090139844,1.0183568005445487,1.0276086879651576
HRV,64T66,1.0161410530859787,1.0170059749987908,1.0276086879651576
HRV,68,1.0232969706117596,1.0222707417215229,1.0276086879651576
HRV,69T75,1.009593096821438,1.0204023227685415,1.0276086879651576
HRV,77T82,1.0168946138277641,1.0227108617408849,1.0276086879651576
HRV,84,1.0261421865140083,1.0209437795555174,1.0276086879651576
HRV,85,1.024426141076321,1.018838480666909,1.0276086879651576
HRV,86T88,1.0261897787119814,1.0207598677545922,1.0276086879651576
HRV,90T93,1.0227000767020096,1.021737074704619,1.0276086879651576
HRV,94T98,1.020468248478869,1.0196952997455002,1.0276086879651576
HUN,01T02,0.9085165425143685,1.0373127317976292,1.0244664669831822
HUN,03,1.0126802630637177,1.0297102644478353,1.0244664669831822
HUN,05T06,0.4991669248746369,1.0460783673418768,1.0244664669831822
HUN,07T08,0.9769969621199074,1.0475538583000013,1.0244664669831822
HUN,10T12,1.0054598601562383,1.051869894984473,1.0244664669831822
HUN,13T15,1.030002839654557,1.018556076879862,1.0244664669831822
HUN,16,1.013307911545632,1.034483273569394,1.0244664669831822
HUN,17T18,1.024825275698287,1.0218764762731316,1.0244664669831822
HUN,19,1.0090373322932638,1.0399030977855823,1.0244664669831822
HUN,20,1.0016235194955718,1.0283500941655017,1.0244664669831822
HUN,21,1.0162191113078276,1.0172996613072152,1.0244664669831822
HUN,22,1.0212631540937873,1.0231202918662234,1.0244664669831822
HUN,23,1.0130254735709032,1.0281279215774344,1.0244664669831822
HUN,24,1.0648201055053468,1.0432877714355582,1.0244664669831822
HUN,25,1.024030621127858,1.0324462587804544,1.0244664669831822
HUN,26,1.0214302837725382,1.0192071947508463,1.0244664669831822
HUN,27,1.0250828048962928,1.0272876836556162,1.0244664669831822
HUN,28,1.0226736793473563,1.0239588135417887,1.0244664669831822
HUN,29T30,1.0257807430766595,1.0222073698697967,1.0244664669831822
HUN,31T33,1.0231447386005652,1.0194196686029855,1.0244664669831822
HUN,35,0.7894361931423384,1.0306855146090934,1.0244664669831822
HUN,36T39,1.019850470149,1.0209357217277981,1.0244664669831822
HUN,41T43,1.0221774241159238,1.0215880757901055,1.0244664669831822
HUN,45T47,1.0081455672570057,1.0193251170033695,1.0244664669831822
HUN,49,1.0095248123601035,1.018562142437017,1.0244664669831822
HUN,50,1.0006946919780024,1.0202415985795112,1.0244664669831822
HUN,51,1.0101484847243407,1.0194975389724141,1.0244664669831822
HUN,52,1.0114550209491682,1.0161602061317216,1.0244664669831822
HUN,53,1.0164502469313268,1.0133837825362169,1.0244664669831822
HUN,55T56,1.0199078911216144,1.025742673979913,1.0244664669831822
HUN,58T60,1.0193266588223324,1.0140517207155575,1.0244664669831822
HUN,61,1.0212669194783988,1.0135901127902012,1.0244664669831822
HUN,62T63,1.0136015858281935,1.0118500574341955,1.0244664669831822
HUN,64T66,1.015640478095649,1.0117996344951956,1.0244664669831822
HUN,68,1.02063432012665,1.0137527554473944,1.0244664669831822
HUN,69T75,1.0152400426256045,1.0137684786599832,1.0244664669831822
HUN,77T82,1.0124919573578242,1.0145713974123711,1.0244664669831822
HUN,84,1.0234058884968595,1.0132909761916062,1.0244664669831822
HUN,85,1.024020046431392,1.0133373139557282,1.0244664669831822
HUN,86T88,1.0240859259768051,1.0151504040904364,1.0244664669831822
HUN,90T93,1.0220723742588134,1.017018793832653,1.0244664669831822
HUN,94T98,1.0206760539257096,1.014671936725017,1.0244664669831822
IDN,01T02,0.585633606297445,0.9911031746967257,1.0106239825313752
IDN,03,1.0051514199909124,0.9598234651360844,1.0106239825313752
IDN,05T06,0.8323814109535597,0.9894865425855973,1.0106239825313752
IDN,07T08,1.0647965844207108,0.97099080926827,1.0106239825313752
IDN,10T12,0.9461789344845307,1.130475139294876,1.0106239825313752
IDN,13T15,1.1191382573036204,0.9851194341030354,1.0106239825313752
IDN,16,0.95849024278992,1.087785477614526,1.0106239825313752
IDN,17T18,1.0487847303473943,1.000956176493073,1.0106239825313752
IDN,19,0.9884941339929803,1.0309042771977652,1.0106239825313752
IDN,20,0.9708392486964506,1.021017694831083,1.0106239825313752
IDN,21,0.9925199628646019,1.0285980824668572,1.0106239825313752
IDN,22,0.9574149342440055,1.0819949011925767,1.0106239825313752
IDN,23,1.016867695620751,1.0134305209673686,1.0106239825313752
IDN,24,1.1622188016234367,0.982334668923448,1.0106239825313752
IDN,25,1.031661689299221,1.0090168945977953,1.0106239825313752
IDN,26,1.0445396578569324,0.9896811297309432,1.0106239825313752
IDN,27,1.0723749036518928,0.9982461030367543,1.0106239825313752
IDN,28,1.042769151437376,1.0105956107891776,1.0106239825313752
IDN,29T30,1.059966896934039,0.9798354107483619,1.0106239825313752
IDN,31T33,1.0756062679495364,1.0040374974000177,1.0106239825313752
IDN,35,0.6588010852750774,1.1885029092453123,1.0106239825313752
IDN,36T39,1.009777616241079,0.9898400359408742,1.0106239825313752
IDN,41T43,1.0062713321347145,0.9937566193271385,1.0106239825313752
IDN,45T47,1.0143905307226857,0.9698641250445723,1.0106239825313752
IDN,49,1.013638740436333,0.9727272825556381,1.0106239825313752
IDN,50,1.0134981561425385,0.9927556168062219,1.0106239825313752
IDN,51,1.020875764914408,0.9801812143367893,1.0106239825313752
IDN,52,1.0142425728155715,0.9824555861771436,1.0106239825313752
IDN,53,1.0261825847691535,0.9830743349168384,1.0106239825313752
IDN,55T56,1.0072673258901825,1.0383460203903165,1.0106239825313752
IDN,58T60,1.0242681454389548,0.9853671102353447,1.0106239825313752
IDN,61,1.0100480956077866,0.9689215280102511,1.0106239825313752
IDN,62T63,1.0137128709499563,0.9968314112704032,1.0106239825313752
IDN,64T66,0.9853630472769764,0.9577849990590895,1.0106239825313752
IDN,68,1.015185718695692,0.9609626751094463,1.0106239825313752
IDN,69T75,1.1283320790068219,0.9649459098722467,1.0106239825313752
IDN,77T82,1.0022418360447187,0.964351842207002,1.0106239825313752
IDN,84,1.0089338156938292,0.9794197777416589,1.0106239825313752
IDN,85,1.011347552738963,0.9680253014741258,1.0106239825313752
IDN,86T88,1.0103203954168956,0.9960012238636442,1.0106239825313752
IDN,90T93,1.023470940961301,0.9824601045097134,1.0106239825313752
IDN,94T98,1.0087889282454408,0.9690248223192289,1.0106239825313752
IND,01T02,0.9187355935128504,1.0037094815013954,1.0283264874977582
IND,03,1.028211226325257,0.9883439920885398,1.0283264874977582
IND,05T06,0.8158409015647969,1.0050012173912488,1.0283264874977582
IND,07T08,0.74622605674751,1.015921774235697,1.0283264874977582
IND,10T12,1.0265617801159492,1.0590362427930915,1.0283264874977582
IND,13T15,1.0127585660894263,1.0237555208734794,1.0283264874977582
IND,16,1.0243162837756163,1.0188715957132892,1.0283264874977582
IND,17T18,0.9953609432742847,1.0228985348668058,1.0283264874977582
IND,19,0.9759274445873211,1.04441007339102,1.0283264874977582
IND,20,1.001349315836733,1.0189964646659722,1.0283264874977582
IND,21,1.0273657391387885,1.0002345058080013,1.0283264874977582
IND,22,1.0056800583102383,1.0256438664957461,1.0283264874977582
IND,23,1.0073214884056785,1.0193665557576355,1.0283264874977582
IND,24,0.6149477594891252,1.0602397115301807,1.0283264874977582
IND,25,0.9502805135016392,1.0607259692509334,1.0283264874977582
IND,26,0.9885724387871063,1.054267057338914,1.0283264874977582
IND,27,0.9662364077015375,1.085617389697372,1.0283264874977582
IND,28,0.9859735869711973,1.0611306877934383,1.0283264874977582
IND,29T30,0.9949910241781239,1.071079705545954,1.0283264874977582
IND,31T33,0.9815715306560825,1.027874435997659,1.0283264874977582
IND,35,0.6406654966935363,1.0249088167374327,1.0283264874977582
IND,36T39,0.9784004418186599,1.01005842278387,1.0283264874977582
IND,41T43,1.0220829457804097,1.0276407211769782,1.0283264874977582
IND,45T47,1.0048177954784958,0.9950885143235758,1.0283264874977582
IND,49,0.9880292770086387,1.0105034794065373,1.0283264874977582
IND,50,0.9492492633127843,1.0222902654723647,1.0283264874977582
IND,51,0.9551097798734668,1.0419770006408209,1.0283264874977582
IND,52,0.9688217358088499,1.0240688545781695,1.0283264874977582
IND,53,0.9922796108010001,1.0008265600405448,1.0283264874977582
IND,55T56,0.9998039011015313,1.0514881233028148,1.0283264874977582
IND,58T60,1.010677286666065,1.0137017966199633,1.0283264874977582
IND,61,0.9995623461982869,1.050067400800049,1.0283264874977582
IND,62T63,1.0499681168448254,0.9905155588549814,1.0283264874977582
IND,64T66,1.0061507504702323,1.0101144171270426,1.0283264874977582
IND,68,1.0272893214601049,0.9880875955585808,1.0283264874977582
IND,69T75,1.026384860417854,1.003746908956136,1.0283264874977582
IND,77T82,0.9968218036406772,0.9984838225424181,1.0283264874977582
IND,84,1.028388581904329,1.0002387729512474,1.0283264874977582
IND,85,1.0280799812692538,0.987377896298389,1.0283264874977582
IND,86T88,1.0286728918061143,0.992204622677664,1.0283264874977582
IND,90T93,1.0281133792610087,1.001415603096535,1.0283264874977582
IND,94T98,1.0274059010575545,1.0121537207302307,1.0283264874977582
IRL,01T02,0.7321260844256358,1.0363667613918064,1.0252549961317927
IRL,03,0.9959859071068131,1.033706495462068,1.0252549961317927
IRL,05T06,0.4227954446349424,1.0415557872414816,1.0252549961317927
IRL,07T08,0.9786097668592967,1.038916500883465,1.0252549961317927
IRL,10T12,1.0312805045807292,1.0383797352554,1.0252549961317927
IRL,13T15,1.03163868875818,1.017322688095198,1.0252549961317927
IRL,16,0.9911748939613187,1.0446004127673811,1.0252549961317927
IRL,17T18,1.0348786490634463,1.016628586089889,1.0252549961317927
IRL,19,1.0507518862620087,1.022422184266092,1.0252549961317927
IRL,20,1.025388239890124,1.017634071492052,1.0252549961317927
IRL,21,1.0198898918829293,1.0163389602713506,1.0252549961317927
IRL,22,1.0345799730166958,1.0186827460863557,1.0252549961317927
IRL,23,1.016633843999491,1.020390639757037,1.0252549961317927
IRL,24,1.029412933538732,1.0233675469582304,1.0252549961317927
IRL,25,1.0697286492644642,1.020432474837858,1.0252549961317927
IRL,26,1.021116860767368,1.017776964901431,1.0252549961317927
IRL,27,1.0434392277463163,1.0206749261996406,1.0252549961317927
IRL,28,1.030930168356038,1.0180864751091365,1.0252549961317927
IRL,29T30,1.0264711090472223,1.0210438660273342,1.0252549961317927
IRL,31T33,1.0328282324763116,1.0165212782179243,1.0252549961317927
IRL,35,0.9372498180640276,1.021275287770151,1.0252549961317927
IRL,36T39,1.0203288132124493,1.0184457404648404,1.0252549961317927
IRL,41T43,1.0197423240776249,1.0199518853211733,1.0252549961317927
IRL,45T47,1.0067904958475218,1.0169875037374443,1.0252549961317927
IRL,49,1.0138228965108225,1.0178636568483301,1.0252549961317927
IRL,50,1.0094803982046672,1.0182136608573813,1.0252549961317927
IRL,51,1.0091653569214698,1.018391130038018,1.0252549961317927
IRL,52,1.012164079966218,1.017772934362912,1.0252549961317927
IRL,53,1.0117251256730082,1.016096740555274,1.0252549961317927
IRL,55T56,1.0266797313271085,1.018578887977032,1.0252549961317927
IRL,58T60,1.0123589464136038,1.0154802358136017,1.0252549961317927
IRL,61,1.012668719637504,1.0165838217071677,1.0252549961317927
IRL,62T63,1.006510519588726,1.0167844829928216,1.0252549961317927
IRL,64T66,1.0031221209468135,1.0155000401547216,1.0252549961317927
IRL,68,1.0154801364713792,1.015105414409623,1.0252549961317927
IRL,69T75,1.0089243938143044,1.0158743470652014,1.0252549961317927
IRL,77T82,1.0057134561581058,1.0159939984649726,1.0252549961317927
IRL,84,1.023999151004289,1.0170519130902442,1.0252549961317927
IRL,85,1.024428247981154,1.0155443005042966,1.0252549961317927
IRL,86T88,1.0250614251298387,1.0157832127862019,1.0252549961317927
IRL,90T93,1.0176233704151325,1.0177163554500068,1.0252549961317927
IRL,94T98,1.0182656692434824,1.016379054048245,1.0252549961317927
ISL,01T02,0.9507649427893424,1.0284002671648413,1.0194441990767926
ISL,03,1.0262467202114736,1.0180071808876712,1.0194441990767926
ISL,05T06,1.0054566153252316,1.019520639829545,1.0194441990767926
ISL,07T08,0.9900937597263099,1.0172889445628002,1.0194441990767926
ISL,10T12,1.0603778778909931,1.0273321445361896,1.0194441990767926
ISL,13T15,1.0247952822847886,1.0191844980354368,1.0194441990767926
ISL,16,1.0688468389356107,1.0286615482029347,1.0194441990767926
ISL,17T18,1.0333959821259924,1.0176846675592173,1.0194441990767926
ISL,19,1.0679880551139669,1.0176314800277284,1.0194441990767926
ISL,20,1.0323236989009859,1.018014312268921,1.0194441990767926
ISL,21,1.0148449973144773,1.019263400500903,1.0194441990767926
ISL,22,1.0338763628145198,1.0184526024643723,1.0194441990767926
ISL,23,1.0225149076396984,1.0179787839869219,1.0194441990767926
ISL,24,0.9287796567397056,1.035962209085646,1.0194441990767926
ISL,25,1.029989770588854,1.0267269930173293,1.0194441990767926
ISL,26,1.0196277605796684,1.020284972119517,1.0194441990767926
ISL,27,0.9999521306496038,1.020826199543135,1.0194441990767926
ISL,28,1.0205571412856873,1.0205118793365184,1.0194441990767926
ISL,29T30,1.0214072110365175,1.0211782583435187,1.0194441990767926
ISL,31T33,1.0160538262549095,1.0203446654737363,1.0194441990767926
ISL,35,1.0022431194659556,1.0183458737009667,1.0194441990767926
ISL,36T39,1.0004140087922855,1.018442091971618,1.0194441990767926
ISL,41T43,1.0192688064431419,1.0206266782960791,1.0194441990767926
ISL,45T47,1.0148193860962307,1.0165082282151088,1.0194441990767926
ISL,49,1.0109000016773488,1.0183302526068498,1.0194441990767926
ISL,50,0.9975392266338433,1.0196943139951897,1.0194441990767926
ISL,51,0.9985633030180818,1.0188873135136407,1.0194441990767926
ISL,52,1.0068084084951605,1.016691764348438,1.0194441990767926
ISL,53,1.01400542245305,1.0168089594320215,1.0194441990767926
ISL,55T56,1.0271616748989358,1.0190854366006667,1.0194441990767926
ISL,58T60,1.00852213061363,1.0166589505143313,1.0194441990767926
ISL,61,1.0113428239635078,1.0166097208581988,1.0194441990767926
ISL,62T63,1.0085222552315227,1.0160220219835048,1.0194441990767926
ISL,64T66,1.0103863897591736,1.015845238581245,1.0194441990767926
ISL,68,1.0180060835582814,1.016341802952191,1.0194441990767926
ISL,69T75,1.0125870981123777,1.0161967863447512,1.0194441990767926
ISL,77T82,1.0164902401783562,1.0167541512466507,1.0194441990767926
ISL,84,1.0187744745492864,1.016333975272587,1.0194441990767926
ISL,85,1.019170413668973,1.016280729876661,1.0194441990767926
ISL,86T88,1.0192858327810448,1.0163444971712785,1.0194441990767926
ISL,90T93,1.0184875041459855,1.0163934765014861,1.0194441990767926
ISL,94T98,1.0178074818914467,1.0163075795384247,1.0194441990767926
ISR,01T02,1.150515337700789,1.0414379933813867,1.0273428298784684
ISR,03,1.0216874284371158,1.0256571431935289,1.0273428298784684
ISR,05T06,0.48328192605569614,1.0302213665515463,1.0273428298784684
ISR,07T08,0.9885734075161767,1.0233337927127075,1.0273428298784684
ISR,10T12,1.0387047613385696,1.0345444185352373,1.0273428298784684
ISR,13T15,1.0135976945868088,1.0232028854775055,1.0273428298784684
ISR,16,1.0683976070055201,1.0254194888303532,1.0273428298784684
ISR,17T18,1.0300787588728844,1.0234158444979868,1.0273428298784684
ISR,19,0.9864206903669885,1.0495746526976506,1.0273428298784684
ISR,20,1.0060897008017697,1.024439424985876,1.0273428298784684
ISR,21,1.011409877617484,1.0215080451320895,1.0273428298784684
ISR,22,1.0175018205062913,1.0276484938340726,1.0273428298784684
ISR,23,1.025268349502264,1.0261271979601574,1.0273428298784684
ISR,24,1.2129893117165247,1.048665049298258,1.0273428298784684
ISR,25,1.048636367108682,1.0282143993219364,1.0273428298784684
ISR,26,1.0218905348637821,1.0211492535931308,1.0273428298784684
ISR,27,1.0422923296623865,1.0242091301150014,1.0273428298784684
ISR,28,1.0269173590033085,1.0249554743294362,1.0273428298784684
ISR,29T30,1.021585302388775,1.025337554810721,1.0273428298784684
ISR,31T33,1.0417627509963967,1.0156850049527963,1.0273428298784684
ISR,35,0.8626439373775167,1.0429081357163243,1.0273428298784684
ISR,36T39,1.0280250737304457,1.0277612235279232,1.0273428298784684
ISR,41T43,1.0263511770337428,1.0218891693533794,1.0273428298784684
ISR,45T47,1.013928778214548,1.0196747027468005,1.0273428298784684
ISR,49,1.0143520386483056,1.0218321157914156,1.0273428298784684
ISR,50,0.9832992346578379,1.0200986713111069,1.0273428298784684
ISR,51,1.0089860277408367,1.0209607797013207,1.0273428298784684
ISR,52,0.9906705007911807,1.0233933434453868,1.0273428298784684
ISR,53,1.0188386282281017,1.0202596444509249,1.0273428298784684
ISR,55T56,1.0189867885083088,1.0288057004908961,1.0273428298784684
ISR,58T60,1.0068714297913972,1.01970139975875,1.0273428298784684
ISR,61,1.0174265646843925,1.0189925084612692,1.0273428298784684
ISR,62T63,0.9936283060319896,1.0182516893978906,1.0273428298784684
ISR,64T66,1.0120101041888345,1.0187226880328775,1.0273428298784684
ISR,68,1.0246152535815838,1.0183892964350572,1.0273428298784684
ISR,69T75,1.0166889738929201,1.019599729456953,1.0273428298784684
ISR,77T82,1.0183370801603115,1.0182822199421808,1.0273428298784684
ISR,84,1.0271824165302252,1.022782584176754,1.0273428298784684
ISR,85,1.026717077411708,1.0195521422445732,1.0273428298784684
ISR,86T88,1.0269515692986781,1.0198091325270728,1.0273428298784684
ISR,90T93,1.024551142626912,1.01859758282279,1.0273428298784684
ISR,94T98,1.0208634499805664,1.0239053934544724,1.0273428298784684
ITA,01T02,1.0504857899310693,1.0300962360031511,1.029483695855005
ITA,03,1.0198125559000775,1.0285400751325209,1.029483695855005
ITA,05T06,0.9301592084369746,1.028434716653411,1.029483695855005
ITA,07T08,1.0069307005499823,1.022270113006443,1.029483695855005
ITA,10T12,1.03875156935986,1.037038710777952,1.029483695855005
ITA,13T15,1.012553057982931,1.024302506604195,1.029483695855005
ITA,16,1.0309450172270627,1.0302677856818956,1.029483695855005
ITA,17T18,1.018818943802855,1.0267303355470623,1.029483695855005
ITA,19,1.0033822250540287,1.0506909303433185,1.029483695855005
ITA,20,1.0052867845869915,1.030917921880198,1.029483695855005
ITA,21,1.0057441645200151,1.0254961281303383,1.029483695855005
ITA,22,1.015141947321727,1.028001990550855,1.029483695855005
ITA,23,1.0160572874698839,1.030536434099243,1.029483695855005
ITA,24,1.1092343539877816,1.048162328332539,1.029483695855005
ITA,25,1.0276547501357114,1.0315182278922308,1.029483695855005
ITA,26,1.0159306858709192,1.0269369131193076,1.029483695855005
ITA,27,1.0204249549942712,1.0304813511018303,1.029483695855005
ITA,28,1.0180240263628066,1.0284299162753385,1.029483695855005
ITA,29T30,1.0170529580624015,1.0270634118655426,1.029483695855005
ITA,31T33,1.0135703832832312,1.027267564481095,1.029483695855005
ITA,35,0.9336558449102934,1.0609359227018056,1.029483695855005
ITA,36T39,1.0312984728728054,1.027718604625578,1.029483695855005
ITA,41T43,1.0273335234398955,1.0244451718732919,1.029483695855005
ITA,45T47,1.0143574870098258,1.0238179271223375,1.029483695855005
ITA,49,1.0118777295530694,1.0260877684485832,1.029483695855005
ITA,50,1.0021407557779334,1.0264845423819766,1.029483695855005
ITA,51,0.9995580947089082,1.025893420440606,1.029483695855005
ITA,52,1.013330642834689,1.0247677853887114,1.029483695855005
ITA,53,1.0066574844755507,1.0319212838898775,1.029483695855005
ITA,55T56,1.0235231426758795,1.0275796329052884,1.029483695855005
ITA,58T60,1.0074979379347624,1.0229641724638787,1.029483695855005
ITA,61,1.0154764739768085,1.0224917758882863,1.029483695855005
ITA,62T63,1.014646342296101,1.0217181249703078,1.029483695855005
ITA,64T66,1.0166975575974246,1.0214182797787952,1.029483695855005
ITA,68,1.025893110170915,1.0213606035666882,1.029483695855005
ITA,69T75,1.016874919607377,1.0232901689181768,1.029483695855005
ITA,77T82,1.0182259692435285,1.0242965075673374,1.029483695855005
ITA,84,1.0287120683804274,1.023852969247212,1.029483695855005
ITA,85,1.027948601962047,1.022715690928219,1.029483695855005
ITA,86T88,1.028667961332887,1.0243682612055696,1.029483695855005
ITA,90T93,1.0239337580231238,1.024070809320092,1.029483695855005
ITA,94T98,1.026761053732609,1.025874359877032,1.029483695855005
JPN,01T02,1.0614768013211466,1.0318969505286177,1.0293336479106503
JPN,03,1.0255798035477335,1.024550103924948,1.0293336479106503
JPN,05T06,0.838279827473162,1.0276269654270487,1.0293336479106503
JPN,07T08,0.985235786769593,1.0274898470793856,1.0293336479106503
JPN,10T12,1.03856207440149,1.0325659399308633,1.0293336479106503
JPN,13T15,1.0162488490837736,1.0261657496164953,1.0293336479106503
JPN,16,1.0377381837041424,1.0334493457945992,1.0293336479106503
JPN,17T18,1.0172438316989605,1.0292677767311083,1.0293336479106503
JPN,19,1.010538379825026,1.0364739497785462,1.0293336479106503
JPN,20,1.0147672794310518,1.0300316513623498,1.0293336479106503
JPN,21,1.0185451563625163,1.0248322162875372,1.0293336479106503
JPN,22,1.0217484306141595,1.0299681532995557,1.0293336479106503
JPN,23,1.0315515244842108,1.02148357978023,1.0293336479106503
JPN,24,1.0504612713207586,1.0382712234919447,1.0293336479106503
JPN,25,1.0315362902468779,1.0404153464489987,1.0293336479106503
JPN,26,1.0147988913893047,1.0282851088780207,1.0293336479106503
JPN,27,1.0258196386853706,1.0315061580299247,1.0293336479106503
JPN,28,1.020583719793585,1.030490343873273,1.0293336479106503
JPN,29T30,1.005855479706883,1.032041443631396,1.0293336479106503
JPN,31T33,1.012735282622388,1.0270718149480522,1.0293336479106503
JPN,35,0.8629529333567576,1.0588121634397294,1.0293336479106503
JPN,36T39,1.0209858550700797,1.0236206732914521,1.0293336479106503
JPN,41T43,1.0283553354204498,1.0265909790165255,1.0293336479106503
JPN,45T47,1.014057647140737,1.024516171106992,1.0293336479106503
JPN,49,1.0163432406186363,1.0244370228528061,1.0293336479106503
JPN,50,0.9981568398645795,1.0263382212848482,1.0293336479106503
JPN,51,1.0163037246974258,1.026391695671082,1.0293336479106503
JPN,52,1.0118446180360219,1.0236377225544633,1.0293336479106503
JPN,53,1.012096876520713,1.0221639080249307,1.0293336479106503
JPN,55T56,1.0236628356327686,1.0303237232980516,1.0293336479106503
JPN,58T60,1.0138010525989216,1.0227522099556876,1.0293336479106503
JPN,61,1.0254540991524164,1.022566466834049,1.0293336479106503
JPN,62T63,1.0136247762127715,1.0214474768636617,1.0293336479106503
JPN,64T66,1.0177833769382945,1.0215961785447438,1.0293336479106503
JPN,68,1.0265811740896866,1.0205655569889056,1.0293336479106503
JPN,69T75,1.0118201921904069,1.0224875706698913,1.0293336479106503
JPN,77T82,1.0105893781233866,1.0223337017960574,1.0293336479106503
JPN,84,1.0292002955298445,1.023003131390399,1.0293336479106503
JPN,85,1.0276101481780424,1.0226990616247151,1.0293336479106503
JPN,86T88,1.0290810890233193,1.023158943807533,1.0293336479106503
JPN,90T93,1.025849974436764,1.027368079444962,1.0293336479106503
JPN,94T98,1.0261968822525867,1.024842823327097,1.0293336479106503
KAZ,01T02,0.8673452847194627,0.9914982221702067,0.9905119054134959
KAZ,03,0.9954755608927862,0.9632996795770474,0.9905119054134959
KAZ,05T06,0.8545752702317597,0.9832445991952512,0.9905119054134959
KAZ,07T08,0.975723821808278,0.9892894485049546,0.9905119054134959
KAZ,10T12,1.0228920406751851,1.013043794276465,0.9905119054134959
KAZ,13T15,1.046980969085129,1.000685587679374,0.9905119054134959
KAZ,16,1.070550964383816,1.006953604926379,0.9905119054134959
KAZ,17T18,1.04802908536169,0.9864830620618054,0.9905119054134959
KAZ,19,1.0177085736818001,0.9943044234072788,0.9905119054134959
KAZ,20,1.1058458578590313,0.9771654652630745,0.9905119054134959
KAZ,21,1.0740967958706067,0.9682387763995576,0.9905119054134959
KAZ,22,1.0487183591470133,0.9851669640786876,0.9905119054134959
KAZ,23,1.0060245398343977,0.9844563925614246,0.9905119054134959
KAZ,24,0.9420254442448474,0.9746538662209493,0.9905119054134959
KAZ,25,1.063371836438206,1.0028745049827485,0.9905119054134959
KAZ,26,1.014410080012493,0.9832244415125735,0.9905119054134959
KAZ,27,1.0573955932916872,0.9964461885934546,0.9905119054134959
KAZ,28,1.0393602080238133,0.9973272457418965,0.9905119054134959
KAZ,29T30,1.0813288953032356,0.9806173587261207,0.9905119054134959
KAZ,31T33,1.0003184241706442,0.9929698001993307,0.9905119054134959
KAZ,35,0.34673929151079375,1.0133928362207745,0.9905119054134959
KAZ,36T39,0.9846996207433799,1.0297247753778638,0.9905119054134959
KAZ,41T43,0.9851864632103188,1.001438038586035,0.9905119054134959
KAZ,45T47,1.0005016609967112,0.9728183125794421,0.9905119054134959
KAZ,49,0.9971663954710811,0.9765628413754542,0.9905119054134959
KAZ,50,1.0184144980250749,0.9871880979648836,0.9905119054134959
KAZ,51,1.061010048067404,0.9734153100501899,0.9905119054134959
KAZ,52,1.0071130731545752,0.9756756398004574,0.9905119054134959
KAZ,53,1.0115951137107122,0.9711813995927906,0.9905119054134959
KAZ,55T56,1.0324818770904518,0.9841161617951839,0.9905119054134959
KAZ,58T60,1.001161293469198,1.0004695386639204,0.9905119054134959
KAZ,61,0.9994024856787447,0.9832592571769155,0.9905119054134959
KAZ,62T63,0.9729263969403831,0.990590262425042,0.9905119054134959
KAZ,64T66,0.9885232968455411,0.9677354035858148,0.9905119054134959
KAZ,68,0.9931756876174083,0.9723115138588432,0.9905119054134959
KAZ,69T75,0.9932061133931995,0.9792676248493584,0.9905119054134959
KAZ,77T82,0.9893169291987475,0.9800284429164893,0.9905119054134959
KAZ,84,0.9905391741801625,1.0066244294335525,0.9905119054134959
KAZ,85,0.9904789871635984,1.0062969924268244,0.9905119054134959
KAZ,86T88,0.9902641104390244,0.9919281112476591,0.9905119054134959
KAZ,90T93,0.9892660093279845,1.010624787841863,0.9905119054134959
KAZ,94T98,0.9893913479099458,1.0306967348224,0.9905119054134959
KHM,01T02,0.43405477285054084,1.0001230807353794,1.0378552025391825
KHM,03,0.976776513965356,0.9549864926947156,1.0378552025391825
KHM,05T06,1.0276913162608419,0.9689799291450003,1.0378552025391825
KHM,07T08,1.036713932228864,0.9715971640315497,1.0378552025391825
KHM,10T12,0.9069845799123968,1.1362029619599567,1.0378552025391825
KHM,13T15,1.1631324099793727,0.9913585484668566,1.0378552025391825
KHM,16,0.9945867448812074,1.028382043120665,1.0378552025391825
KHM,17T18,0.9903078512393572,1.0329139737319672,1.0378552025391825
KHM,19,1.027009242105948,0.9960617638338978,1.0378552025391825
KHM,20,0.9788838698459019,1.032525013733077,1.0378552025391825
KHM,21,1.0874915206034257,0.988324472579381,1.0378552025391825
KHM,22,1.0390263710597676,1.0410027802733222,1.0378552025391825
KHM,23,1.1248589148519645,0.9731293786632601,1.0378552025391825
KHM,24,1.5733124026535883,0.98230460655293,1.0378552025391825
KHM,25,1.219245043595701,0.998700257396285,1.0378552025391825
KHM,26,1.0863881878078854,0.9871452324368771,1.0378552025391825
KHM,27,1.1489861580265424,0.9923927358094152,1.0378552025391825
KHM,28,1.1159262629879985,0.9871114422096284,1.0378552025391825
KHM,29T30,1.104550564517905,0.9887572485259339,1.0378552025391825
KHM,31T33,1.167872655769095,0.9926468757458192,1.0378552025391825
KHM,35,0.6524141133431131,1.025408755535447,1.0378552025391825
KHM,36T39,1.0299474312456112,1.0120567186368543,1.0378552025391825
KHM,41T43,1.0247382108013268,0.9862627330053622,1.0378552025391825
KHM,45T47,1.0760982855613204,0.9903900416847262,1.0378552025391825
KHM,49,1.0978026825674128,0.9795667356265811,1.0378552025391825
KHM,50,1.0682312221720913,0.9926370223761303,1.0378552025391825
KHM,51,1.050631161047382,1.0005776700171403,1.0378552025391825
KHM,52,1.1023872414582043,0.9763080228110015,1.0378552025391825
KHM,53,1.0908314964913883,0.9778562855492402,1.0378552025391825
KHM,55T56,0.9918759647259988,1.0731044826806655,1.0378552025391825
KHM,58T60,1.0762091032329875,0.9904782840379953,1.0378552025391825
KHM,61,1.0503345061865554,0.9800777042578536,1.0378552025391825
KHM,62T63,1.067667214473763,0.9919463963520638,1.0378552025391825
KHM,64T66,1.0950583586373388,0.9631002200785206,1.0378552025391825
KHM,68,1.0505658111445964,0.9844332887514895,1.0378552025391825
KHM,69T75,1.065303313039424,0.9886010607587822,1.0378552025391825
KHM,77T82,1.056717897524716,0.9879391391778389,1.0378552025391825
KHM,84,1.0372971538156726,1.0000908802225739,1.0378552025391825
KHM,85,1.048286645821353,0.9718560970290223,1.0378552025391825
KHM,86T88,1.0428775230174065,0.9815626866522821,1.0378552025391825
KHM,90T93,1.05892157873741,0.978362604104957,1.0378552025391825
KHM,94T98,1.0450809799103322,0.974605025495652,1.0378552025391825
KOR,01T02,1.059584421095985,1.0260043799915288,1.0326960010943853
KOR,03,1.0226462936274097,1.0274009982208598,1.0326960010943853
KOR,05T06,0.4531883103688631,1.023799025387103,1.0326960010943853
KOR,07T08,0.9996583239563366,1.0274872758444742,1.0326960010943853
KOR,10T12,1.0384621469078519,1.0385768867501604,1.0326960010943853
KOR,13T15,1.0082630409185684,1.0286802461655864,1.0326960010943853
KOR,16,1.03806511398797,1.0367412826487885,1.0326960010943853
KOR,17T18,1.0085069267431137,1.031968031604634,1.0326960010943853
KOR,19,0.9778256906589936,1.0517674980473268,1.0326960010943853
KOR,20,0.9902134873391446,1.0380301616111731,1.0326960010943853
KOR,21,1.017496498431093,1.0255343457077626,1.0326960010943853
KOR,22,1.0098684318271276,1.0312597424490033,1.0326960010943853
KOR,23,1.016964101291689,1.0373946945084669,1.0326960010943853
KOR,24,0.9484625347508969,1.068162382317857,1.0326960010943853
KOR,25,1.0177917012098996,1.0439036440343787,1.0326960010943853
KOR,26,1.0100749033902703,1.025915366113202,1.0326960010943853
KOR,27,1.0148120052426512,1.0353304558852865,1.0326960010943853
KOR,28,1.0156960604373786,1.034428469855527,1.0326960010943853
KOR,29T30,1.0037067142553926,1.0349415652142946,1.0326960010943853
KOR,31T33,1.0103081879764801,1.0302903693176313,1.0326960010943853
KOR,35,0.776222571465187,1.0860712760304447,1.0326960010943853
KOR,36T39,1.00827747273268,1.0318348568377973,1.0326960010943853
KOR,41T43,1.031428485310807,1.0303868674456416,1.0326960010943853
KOR,45T47,1.004214413805827,1.023166588652971,1.0326960010943853
KOR,49,1.0075025144966652,1.028369059160415,1.0326960010943853
KOR,50,0.9739990036758363,1.0233611447473803,1.0326960010943853
KOR,51,0.9928897870916183,1.0255011791658302,1.0326960010943853
KOR,52,0.9937203802847636,1.0260126353593086,1.0326960010943853
KOR,53,1.0025917216468074,1.0224271538900251,1.0326960010943853
KOR,55T56,1.0209972954994628,1.0311112648406715,1.0326960010943853
KOR,58T60,1.0123045460772992,1.019395648433648,1.0326960010943853
KOR,61,1.015072930180419,1.0242140988695245,1.0326960010943853
KOR,62T63,1.012462312290867,1.01701202117456,1.0326960010943853
KOR,64T66,1.019340499695168,1.0171480852528658,1.0326960010943853
KOR,68,1.0286128650077428,1.0172402221889991,1.0326960010943853
KOR,69T75,1.0069681535068806,1.0287954186810746,1.0326960010943853
KOR,77T82,1.0083403002631688,1.0178619413604542,1.0326960010943853
KOR,84,1.0320621816071522,1.0180285300830592,1.0326960010943853
KOR,85,1.030820398544365,1.0235989579220865,1.0326960010943853
KOR,86T88,1.031150057580002,1.0248343537019928,1.0326960010943853
KOR,90T93,1.0249570476626852,1.027907452107587,1.0326960010943853
KOR,94T98,1.0234045525922466,1.0257433655687622,1.0326960010943853
LAO,01T02,0.6067056175034228,0.9788212887143991,0.985663583534539
LAO,03,0.8655194982429758,0.9254823372478321,0.985663583534539
LAO,05T06,0.9368063538261439,0.9543527646101313,0.985663583534539
LAO,07T08,0.9981443096891934,0.9495878890144708,0.985663583534539
LAO,10T12,0.8761025963207527,1.144947654344099,0.985663583534539
LAO,13T15,1.1968638474698028,0.9547735673819953,0.985663583534539
LAO,16,0.9652634891264719,1.0882554869660175,0.985663583534539
LAO,17T18,0.867594314385096,1.079804232419166,0.985663583534539
LAO,19,1.2342353542551998,0.9761477858502908,0.985663583534539
LAO,20,1.1525071488717458,0.974950630321499,0.985663583534539
LAO,21,1.0197672839477705,0.9602257959859983,0.985663583534539
LAO,22,0.9927570034401624,0.9924603435981835,0.985663583534539
LAO,23,1.1262697970600521,0.9600087354390056,0.985663583534539
LAO,24,1.7562022298061566,0.981241681376169,0.985663583534539
LAO,25,1.2862783145778363,0.9843750975859861,0.985663583534539
LAO,26,1.0621764603867836,0.9792404794560667,0.985663583534539
LAO,27,1.1474279151573452,0.9828023157622322,0.985663583534539
LAO,28,1.14102486634905,0.981228072602727,0.985663583534539
LAO,29T30,1.123392112255739,0.9855614573555829,0.985663583534539
LAO,31T33,0.9865679493530459,1.0097742534018919,0.985663583534539
LAO,35,0.3910232162383214,0.9765900283652356,0.985663583534539
LAO,36T39,0.9410985060083585,0.9627933695784028,0.985663583534539
LAO,41T43,0.9821546884998555,0.9710274517585896,0.985663583534539
LAO,45T47,1.0141721663420011,0.9547589325542173,0.985663583534539
LAO,49,1.0538356538480806,0.9638594097670605,0.985663583534539
LAO,50,1.001257362382828,0.9949634005153892,0.985663583534539
LAO,51,1.162630500970788,0.952365848349733,0.985663583534539
LAO,52,1.0160966263023055,0.9877710358706207,0.985663583534539
LAO,53,1.0268997327179687,0.9515257263458844,0.985663583534539
LAO,55T56,0.9949006834085348,1.022637519847141,0.985663583534539
LAO,58T60,0.9929878334624306,1.0082162960372019,0.985663583534539
LAO,61,1.003300621078926,0.9526752891508735,0.985663583534539
LAO,62T63,1.015711825636455,0.970720670224122,0.985663583534539
LAO,64T66,1.0182561588376942,0.9392045678426552,0.985663583534539
LAO,68,1.0073296759628299,0.9332531730306463,0.985663583534539
LAO,69T75,1.0257358937018213,0.9617138983715032,0.985663583534539
LAO,77T82,1.0208822301455442,0.9663278351843764,0.985663583534539
LAO,84,0.9858535109672696,0.9535370352944527,0.985663583534539
LAO,85,0.9982327291714286,0.9521466623610566,0.985663583534539
LAO,86T88,1.0088689084118712,0.9625189543758311,0.985663583534539
LAO,90T93,1.0235369314360765,0.9614707737348637,0.985663583534539
LAO,94T98,1.000229000842208,0.9492185817063581,0.985663583534539
LTU,01T02,0.7581728946183209,1.0311789703405525,1.0260246377395572
LTU,03,1.0203983026851184,1.0193226887793831,1.0260246377395572
LTU,05T06,0.6958617659841357,1.0245806483524937,1.0260246377395572
LTU,07T08,0.9761138315619368,1.0240853291291863,1.0260246377395572
LTU,10T12,1.0224248935764357,1.0431253084580607,1.0260246377395572
LTU,13T15,1.0354435108361377,1.01530005139026,1.0260246377395572
LTU,16,1.0218598146878408,1.0354603925091048,1.0260246377395572
LTU,17T18,1.0211010159669802,1.0221492256057412,1.0260246377395572
LTU,19,1.0059834349787922,1.0391359858551805,1.0260246377395572
LTU,20,0.986139427194388,1.0316102099205113,1.0260246377395572
LTU,21,1.0223173774523535,1.013401117972988,1.0260246377395572
LTU,22,1.0213637897002388,1.0173126280165665,1.0260246377395572
LTU,23,1.0125962694344546,1.0234433118425785,1.0260246377395572
LTU,24,1.3305445716036066,1.034354287667426,1.0260246377395572
LTU,25,1.050093739636257,1.0217405379525222,1.0260246377395572
LTU,26,1.0254452735002064,1.015546091728299,1.0260246377395572
LTU,27,1.0320669533377727,1.0224655595385732,1.0260246377395572
LTU,28,1.0192059526610746,1.0225742648892604,1.0260246377395572
LTU,29T30,1.0308483682312397,1.0185021339934295,1.0260246377395572
LTU,31T33,1.0223705014723234,1.0177758487194488,1.0260246377395572
LTU,35,1.0582297246803265,1.025483916884668,1.0260246377395572
LTU,36T39,1.0224997445870527,1.0158800188235844,1.0260246377395572
LTU,41T43,1.0229465607450858,1.0153033970587575,1.0260246377395572
LTU,45T47,1.0118871399070328,1.0115170671101952,1.0260246377395572
LTU,49,1.0051400855410777,1.0128824042625577,1.0260246377395572
LTU,50,0.9949981502426445,1.0118537908512333,1.0260246377395572
LTU,51,0.9939136670639128,1.0142944454343916,1.0260246377395572
LTU,52,1.0047636675347142,1.011609748916802,1.0260246377395572
LTU,53,1.0106574882268202,1.0113690638754251,1.0260246377395572
LTU,55T56,1.024286455083764,1.014959811413336,1.0260246377395572
LTU,58T60,1.0087672759975421,1.0133681932073524,1.0260246377395572
LTU,61,1.0139259096506572,1.0115549864316078,1.0260246377395572
LTU,62T63,1.0064318821829779,1.0100672018410555,1.0260246377395572
LTU,64T66,1.0131259821800496,1.0093405787745666,1.0260246377395572
LTU,68,1.014890715437325,1.0112939466915156,1.0260246377395572
LTU,69T75,1.0044242616470989,1.010651042389063,1.0260246377395572
LTU,77T82,1.0123943954855334,1.0123479132094817,1.0260246377395572
LTU,84,1.024809118204131,1.010759233039913,1.0260246377395572
LTU,85,1.0245457288207918,1.0098083812080094,1.0260246377395572
LTU,86T88,1.025160312769818,1.011267032517841,1.0260246377395572
LTU,90T93,1.0222763988630292,1.0122606091493862,1.0260246377395572
LTU,94T98,1.0192868554358003,1.0110724676109386,1.0260246377395572
LVA,01T02,0.8291183474616557,1.0498828764263446,1.0194246284676651
LVA,03,1.008654057607216,1.0177068540360372,1.0194246284676651
LVA,05T06,0.043546095911354665,1.0181941246519415,1.0194246284676651
LVA,07T08,1.0106465825993087,1.0120540889889056,1.0194246284676651
LVA,10T12,1.0228376977093159,1.0435370109203015,1.0194246284676651
LVA,13T15,1.0031488282001024,1.0220472035511605,1.0194246284676651
LVA,16,0.9728671352862138,1.0521196697669732,1.0194246284676651
LVA,17T18,1.0414731499259107,1.0140883950814654,1.0194246284676651
LVA,19,1.0489596737328046,1.019919951179236,1.0194246284676651
LVA,20,0.9929317122216347,1.0281744494160419,1.0194246284676651
LVA,21,1.010333624867433,1.0112335107955486,1.0194246284676651
LVA,22,1.0182388007341128,1.0183017577978015,1.0194246284676651
LVA,23,1.0305334760674347,1.0139013928140406,1.0194246284676651
LVA,24,1.39450918968596,1.0271877624658823,1.0194246284676651
LVA,25,1.031362342076892,1.0275396544761508,1.0194246284676651
LVA,26,1.0272131557767694,1.0119200988404933,1.0194246284676651
LVA,27,1.0406542013144306,1.0155494355692711,1.0194246284676651
LVA,28,1.0194115308775897,1.0199295002282653,1.0194246284676651
LVA,29T30,1.003490731177337,1.0288092169271381,1.0194246284676651
LVA,31T33,1.006113021153864,1.0213869300437348,1.0194246284676651
LVA,35,0.9821319644379392,1.034035619603261,1.0194246284676651
LVA,36T39,1.033642502484581,1.0140161850337068,1.0194246284676651
LVA,41T43,1.017220746880863,1.0121702337829481,1.0194246284676651
LVA,45T47,1.0060203053494297,1.0103789455801633,1.0194246284676651
LVA,49,0.9977148804991343,1.0132806019968206,1.0194246284676651
LVA,50,1.0103928235645263,1.0083050901426036,1.0194246284676651
LVA,51,1.0042314756418316,1.0109720785778888,1.0194246284676651
LVA,52,1.0066374775947062,1.0097829632468087,1.0194246284676651
LVA,53,1.0181549232577591,1.0073172015848157,1.0194246284676651
LVA,55T56,1.0229028020758224,1.0146393282658974,1.0194246284676651
LVA,58T60,1.0005134525326733,1.008297240791502,1.0194246284676651
LVA,61,1.0192397470065748,1.0076535029971263,1.0194246284676651
LVA,62T63,1.012434407904244,1.0056332005832342,1.0194246284676651
LVA,64T66,1.0087623717135568,1.0056760573769952,1.0194246284676651
LVA,68,1.0154425195203671,1.0088979203538677,1.0194246284676651
LVA,69T75,1.0115907857468882,1.0070085880270663,1.0194246284676651
LVA,77T82,1.010555367784188,1.0089030678501947,1.0194246284676651
LVA,84,1.018886176658679,1.0079566179229895,1.0194246284676651
LVA,85,1.0188545995903808,1.0101035676076424,1.0194246284676651
LVA,86T88,1.0191536946979598,1.0109925185025885,1.0194246284676651
LVA,90T93,1.0183509544500096,1.0131707772243832,1.0194246284676651
LVA,94T98,1.0186369535981123,1.010174057743944,1.0194246284676651
MAR,01T02,0.9973255776787776,1.0299475968405865,1.0335377146026303
MAR,03,1.0294771098785733,1.0159494427808224,1.0335377146026303
MAR,05T06,0.9525683220695209,1.0265384112058271,1.0335377146026303
MAR,07T08,0.9815986996299746,1.0228491610060457,1.0335377146026303
MAR,10T12,1.0287066484940337,1.0513054525760388,1.0335377146026303
MAR,13T15,1.0135527904372887,1.0236474872021424,1.0335377146026303
MAR,16,1.0476196548660883,1.0330825361499916,1.0335377146026303
MAR,17T18,1.0216369559883196,1.02528384718384,1.0335377146026303
MAR,19,0.9435080882691171,1.0635479413445452,1.0335377146026303
MAR,20,0.9941145110379743,1.0211789605443635,1.0335377146026303
MAR,21,1.017320163123229,1.0210596257623963,1.0335377146026303
MAR,22,1.0011872084667077,1.0352536014117297,1.0335377146026303
MAR,23,1.018482315406805,1.0406473865360166,1.0335377146026303
MAR,24,1.1404680067982702,1.0423060290318857,1.0335377146026303
MAR,25,1.032565276089306,1.0339586500092384,1.0335377146026303
MAR,26,1.0107884496033182,1.0284428383298128,1.0335377146026303
MAR,27,1.0276787320940803,1.0269405972942363,1.0335377146026303
MAR,28,1.0239563804280771,1.0287337036989874,1.0335377146026303
MAR,29T30,1.0194795534882928,1.0265338423582318,1.0335377146026303
MAR,31T33,1.0186513458094062,1.02260666139852,1.0335377146026303
MAR,35,0.7274584863371236,1.0302118078639317,1.0335377146026303
MAR,36T39,1.0199505349462616,1.0231135120042574,1.0335377146026303
MAR,41T43,1.0321502244714695,1.0254022315494875,1.0335377146026303
MAR,45T47,1.0137819736248301,1.020046602239034,1.0335377146026303
MAR,49,1.0113820683575059,1.0212171224682418,1.0335377146026303
MAR,50,0.9972682343563634,1.018978339415142,1.0335377146026303
MAR,51,0.9871740379639418,1.0261461968141454,1.0335377146026303
MAR,52,1.0141047075282594,1.0197459410449958,1.0335377146026303
MAR,53,1.0259289780941974,1.0192103444419849,1.0335377146026303
MAR,55T56,1.0167251266192965,1.0295717116864185,1.0335377146026303
MAR,58T60,0.9864773246367186,1.0313067043744575,1.0335377146026303
MAR,61,1.0191312224385898,1.0247856610325927,1.0335377146026303
MAR,62T63,1.0195490668028477,1.0123083917723448,1.0335377146026303
MAR,64T66,1.0085383745468843,1.0141229618878849,1.0335377146026303
MAR,68,1.0272014583392712,1.0120423584676705,1.0335377146026303
MAR,69T75,1.0194561435399365,1.012560280750355,1.0335377146026303
MAR,77T82,1.0179902247337538,1.013009163659633,1.0335377146026303
MAR,84,1.0317667338522065,1.0214188585030257,1.0335377146026303
MAR,85,1.0325529192762093,1.017263102303027,1.0335377146026303
MAR,86T88,1.0321023183082962,1.0194438416618465,1.0335377146026303
MAR,90T93,1.0184780500308392,1.0234010104958116,1.0335377146026303
MAR,94T98,1.026752342047824,1.0166345472929683,1.0335377146026303
MEX,01T02,0.8530630643205687,1.0231031479195576,1.0199746500535611
MEX,03,1.0183206767668491,1.0174511806275646,1.0199746500535611
MEX,05T06,0.8849749528779532,1.0184033268716228,1.0199746500535611
MEX,07T08,1.0209956952020436,1.022103068748998,1.0199746500535611
MEX,10T12,1.017630348582175,1.049193614601154,1.0199746500535611
MEX,13T15,1.0059324080493508,1.0253402198273662,1.0199746500535611
MEX,16,0.9893621046436359,1.0522870102273116,1.0199746500535611
MEX,17T18,1.0186933332975956,1.0228916548001503,1.0199746500535611
MEX,19,0.9968037921665992,1.0514535489017953,1.0199746500535611
MEX,20,0.9890044769828795,1.0318071424388826,1.0199746500535611
MEX,21,1.0052188845398506,1.025295309353337,1.0199746500535611
MEX,22,1.0036836414867432,1.0309413055936807,1.0199746500535611
MEX,23,1.0000964309189544,1.0429195851983726,1.0199746500535611
MEX,24,1.0474653844386939,1.031556985406228,1.0199746500535611
MEX,25,1.0135992737059745,1.0377073891337107,1.0199746500535611
MEX,26,1.0193416541178768,1.0200061537176062,1.0199746500535611
MEX,27,1.021727089885086,1.0298686103263373,1.0199746500535611
MEX,28,1.0204342827285908,1.0230651550272525,1.0199746500535611
MEX,29T30,1.0192124571301275,1.0224312532115174,1.0199746500535611
MEX,31T33,1.0122173458322354,1.0236493798730437,1.0199746500535611
MEX,35,0.7751577185790245,1.0152090466864274,1.0199746500535611
MEX,36T39,1.00482572197032,1.0534988706192603,1.0199746500535611
MEX,41T43,1.0195173115994278,1.0132990192098672,1.0199746500535611
MEX,45T47,1.0163019258474746,1.0096361073384457,1.0199746500535611
MEX,49,1.0148959099843016,1.013454197769185,1.0199746500535611
MEX,50,1.0234402804241798,1.00915295839103,1.0199746500535611
MEX,51,1.0154041761584847,1.0215712406555677,1.0199746500535611
MEX,52,1.017844125295322,1.012631084866074,1.0199746500535611
MEX,53,1.018507525405665,1.0143862767314178,1.0199746500535611
MEX,55T56,1.0253875022082544,1.014757057779661,1.0199746500535611
MEX,58T60,1.018153728764376,1.013975791727513,1.0199746500535611
MEX,61,1.0192570786390869,1.0087725428181251,1.0199746500535611
MEX,62T63,1.0191450234337065,1.0109001831452247,1.0199746500535611
MEX,64T66,1.0197507252180458,1.006530344757511,1.0199746500535611
MEX,68,1.0197064760360661,1.0054392527131049,1.0199746500535611
MEX,69T75,1.011427780433566,1.0095729933152868,1.0199746500535611
MEX,77T82,1.0147206111969458,1.008650521734374,1.0199746500535611
MEX,84,1.0197662144188664,1.0146141954254544,1.0199746500535611
MEX,85,1.0201969444800159,1.009641270925394,1.0199746500535611
MEX,86T88,1.020012724387249,1.0127585064134565,1.0199746500535611
MEX,90T93,1.0202603240283155,1.0116177012794558,1.0199746500535611
MEX,94T98,1.0198483936930134,1.0088614512529956,1.0199746500535611
MLT,01T02,1.116192128959737,1.0201744819747967,1.0218105469124679
MLT,03,1.0288258149457716,1.015799361632795,1.0218105469124679
MLT,05T06,0.9685356701439419,1.019578719207417,1.0218105469124679
MLT,07T08,1.0173628715527068,1.0199945602643024,1.0218105469124679
MLT,10T12,1.0673843477139384,1.0256599434576223,1.0218105469124679
MLT,13T15,0.9884124875365666,1.028985008402511,1.0218105469124679
MLT,16,1.0529553270256031,1.0210985478344663,1.0218105469124679
MLT,17T18,1.070343996992744,1.0192148964069137,1.0218105469124679
MLT,19,1.0354657891472472,1.0213471398908225,1.0218105469124679
MLT,20,1.0218975015985616,1.0235481013275596,1.0218105469124679
MLT,21,1.0038547934621793,1.0218112825343042,1.0218105469124679
MLT,22,1.0327824545004123,1.0209082270393535,1.0218105469124679
MLT,23,1.0221501709008125,1.0203455860289459,1.0218105469124679
MLT,24,1.3369097188570687,1.020286755301983,1.0218105469124679
MLT,25,1.0202271678751647,1.0259646009359067,1.0218105469124679
MLT,26,1.0092258858460355,1.0275827721763642,1.0218105469124679
MLT,27,1.0396700880502048,1.019152810788081,1.0218105469124679
MLT,28,1.0208364778085275,1.0246139934283687,1.0218105469124679
MLT,29T30,1.0239518048386043,1.0197402011063916,1.0218105469124679
MLT,31T33,1.025548250942756,1.019355055007466,1.0218105469124679
MLT,35,0.9078246409186457,1.0730428944567614,1.0218105469124679
MLT,36T39,1.0186855225730618,1.0301948736769135,1.0218105469124679
MLT,41T43,1.0189599434848138,1.0188729997098471,1.0218105469124679
MLT,45T47,1.0168661097693097,1.0170945579057846,1.0218105469124679
MLT,49,1.0178571295735972,1.0184068059374596,1.0218105469124679
MLT,50,1.0101075104758923,1.0177540770335216,1.0218105469124679
MLT,51,1.0013941994562658,1.0207365579269692,1.0218105469124679
MLT,52,1.0053111585895853,1.0207426686315357,1.0218105469124679
MLT,53,1.0117294189707315,1.0179777606924503,1.0218105469124679
MLT,55T56,1.0205372871695357,1.0222570158183193,1.0218105469124679
MLT,58T60,1.005617101201245,1.0157051833363677,1.0218105469124679
MLT,61,1.0117592027369986,1.0158099762100474,1.0218105469124679
MLT,62T63,0.9975802977618718,1.0183779257445904,1.0218105469124679
MLT,64T66,1.0107523829580667,1.015911725653861,1.0218105469124679
MLT,68,1.014942933743275,1.0175730971869188,1.0218105469124679
MLT,69T75,1.0081094552822385,1.0159884382939113,1.0218105469124679
MLT,77T82,1.0105189820350982,1.016060520935443,1.0218105469124679
MLT,84,1.0202967011188784,1.0167631972651572,1.0218105469124679
MLT,85,1.0197326664412198,1.0163940514198735,1.0218105469124679
MLT,86T88,1.0206187424989543,1.0201381868667179,1.0218105469124679
MLT,90T93,1.012514629028199,1.014004696681702,1.0218105469124679
MLT,94T98,1.0181965260864905,1.0177668049966766,1.0218105469124679
MMR,01T02,0.597249093319562,1.0897795178113603,1.0012915376011986
MMR,03,0.9925951132223663,0.8994216205039989,1.0012915376011986
MMR,05T06,0.8567173966361084,0.9512837590583451,1.0012915376011986
MMR,07T08,1.2437453845079032,0.9528064959621189,1.0012915376011986
MMR,10T12,0.8609708393127227,1.1440768698818706,1.0012915376011986
MMR,13T15,1.0708544429378284,1.001242604110401,1.0012915376011986
MMR,16,0.9968427325598672,1.0522745315663282,1.0012915376011986
MMR,17T18,1.059484739040448,0.9866229022030522,1.0012915376011986
MMR,19,1.0903046774075498,0.9956783599782522,1.0012915376011986
MMR,20,0.9963050091812521,1.0368493285109348,1.0012915376011986
MMR,21,0.9760524266598444,1.0287028122211075,1.0012915376011986
MMR,22,1.0333089183313022,1.0267833389382879,1.0012915376011986
MMR,23,1.0508141330424692,0.9494827663143715,1.0012915376011986
MMR,24,1.7285098820998528,0.9633522943423863,1.0012915376011986
MMR,25,1.1302974798841219,0.9671090211092572,1.0012915376011986
MMR,26,1.0383012070129902,0.9586604684417462,1.0012915376011986
MMR,27,1.1009345408841475,0.9671782499490226,1.0012915376011986
MMR,28,1.0944914707001632,0.9623317056054781,1.0012915376011986
MMR,29T30,1.1074884340952074,0.9605428051869209,1.0012915376011986
MMR,31T33,1.051223270191633,0.9767014093696974,1.0012915376011986
MMR,35,0.5444694349273848,1.0293438074110985,1.0012915376011986
MMR,36T39,1.0272388206045233,0.967957261476536,1.0012915376011986
MMR,41T43,1.0013332444082603,0.964669176378153,1.0012915376011986
MMR,45T47,0.9654580274500465,0.9918608132265451,1.0012915376011986
MMR,49,1.0050890001918267,0.9476542860852534,1.0012915376011986
MMR,50,1.0876284216702161,0.9593323642392592,1.0012915376011986
MMR,51,1.0547055691629303,0.9611590171841008,1.0012915376011986
MMR,52,1.0264897419941919,0.9548424467009949,1.0012915376011986
MMR,53,1.045715829209587,0.9304656786571593,1.0012915376011986
MMR,55T56,1.0160677568188554,1.0139582258087239,1.0012915376011986
MMR,58T60,1.1176786351279349,0.956540315624868,1.0012915376011986
MMR,61,1.0355945229790455,0.922242934702369,1.0012915376011986
MMR,62T63,1.200249246117505,0.9356146963604393,1.0012915376011986
MMR,64T66,1.0157285278156332,0.918559339709768,1.0012915376011986
MMR,68,1.0253108937759818,0.9250555514954457,1.0012915376011986
MMR,69T75,1.1361033230252229,0.9463987543114897,1.0012915376011986
MMR,77T82,1.0495195352376505,0.9598719237213286,1.0012915376011986
MMR,84,1.0017049172083312,0.9668435781384668,1.0012915376011986
MMR,85,1.0034268308703889,0.9732191936702335,1.0012915376011986
MMR,86T88,1.002380975206905,0.9797303709508336,1.0012915376011986
MMR,90T93,1.0039479959044013,1.0154267466773657,1.0012915376011986
MMR,94T98,1.0057043219897803,0.9989991541715726,1.0012915376011986
NLD,01T02,1.1173402851751502,1.0373554913500795,1.027876045852986
NLD,03,1.018084479895797,1.0216891523139322,1.027876045852986
NLD,05T06,0.9453396492704412,1.0351541758177036,1.027876045852986
NLD,07T08,0.9795706477137437,1.0415856042492944,1.027876045852986
NLD,10T12,1.0334756807513505,1.0434340752789673,1.027876045852986
NLD,13T15,0.9992289031852256,1.0268654220405236,1.027876045852986
NLD,16,1.0585223880174524,1.0259916252868417,1.027876045852986
NLD,17T18,1.0277594505036702,1.0221337935180363,1.027876045852986
NLD,19,0.9963927069929295,1.0470819736661137,1.027876045852986
NLD,20,1.012570887886143,1.02585121018851,1.027876045852986
NLD,21,1.0169913478626695,1.0198629221083166,1.027876045852986
NLD,22,1.0202226522925326,1.0243646194207892,1.027876045852986
NLD,23,1.0250649993067265,1.0237735545473174,1.027876045852986
NLD,24,0.9567297737196989,1.0455205770166625,1.027876045852986
NLD,25,1.028089003675152,1.0323298898419984,1.027876045852986
NLD,26,1.024193637883709,1.018449122637735,1.027876045852986
NLD,27,1.0339789693433035,1.0238390686899934,1.027876045852986
NLD,28,1.0264787321428825,1.023478425129919,1.027876045852986
NLD,29T30,1.0228698396025162,1.0235641712102903,1.027876045852986
NLD,31T33,1.0132449913736066,1.0225183937099713,1.027876045852986
NLD,35,0.8344641818961127,1.0402753475539377,1.027876045852986
NLD,36T39,1.0222916160581015,1.0223949605678735,1.027876045852986
NLD,41T43,1.0233900587369813,1.0231275846772674,1.027876045852986
NLD,45T47,1.0147241191512832,1.0192256520384892,1.027876045852986
NLD,49,1.0114770910446331,1.0207693197321184,1.027876045852986
NLD,50,0.9993474613543076,1.019418316980039,1.027876045852986
NLD,51,1.0009414990419094,1.0215408279529474,1.027876045852986
NLD,52,1.008177888948523,1.0197187644390298,1.027876045852986
NLD,53,1.0113873028538356,1.0170848633324838,1.027876045852986
NLD,55T56,1.0220729797269381,1.025291278585675,1.027876045852986
NLD,58T60,1.0063349253218066,1.0176316435219634,1.027876045852986
NLD,61,1.012227928392536,1.0192872432767384,1.027876045852986
NLD,62T63,1.0068577948121524,1.0175564928482708,1.027876045852986
NLD,64T66,1.0170689725156086,1.0174517718540748,1.027876045852986
NLD,68,1.0251071639776608,1.0188137301218225,1.027876045852986
NLD,69T75,1.0080583951725959,1.0182617554957265,1.027876045852986
NLD,77T82,1.0087502387456275,1.018223364710542,1.027876045852986
NLD,84,1.0260736902837484,1.019052368644397,1.027876045852986
NLD,85,1.0257291868145302,1.0186998980567723,1.027876045852986
NLD,86T88,1.0273263493388085,1.019190436397531,1.027876045852986
NLD,90T93,1.0208934397212568,1.023453609738064,1.027876045852986
NLD,94T98,1.023977949992949,1.0213865023022957,1.027876045852986
NOR,01T02,0.984132814024119,1.02617395251169,1.0167090767610216
NOR,03,1.018769061473505,1.0185343715062662,1.0167090767610216
NOR,05T06,0.9908103810833779,1.0162084502106237,1.0167090767610216
NOR,07T08,1.0099829538065836,1.0204368542965345,1.0167090767610216
NOR,10T12,1.0317403953260234,1.035493816666471,1.0167090767610216
NOR,13T15,1.0257086474617312,1.018596460983395,1.0167090767610216
NOR,16,1.0573562354494568,1.0267654389121965,1.0167090767610216
NOR,17T18,1.0254915138177685,1.022942565247471,1.0167090767610216
NOR,19,1.014837329313303,1.0370840029583122,1.0167090767610216
NOR,20,1.0208106190457094,1.020548058691965,1.0167090767610216
NOR,21,1.021018260082862,1.015810028895052,1.0167090767610216
NOR,22,1.0305656985498624,1.018236927031328,1.0167090767610216
NOR,23,1.0202531758822533,1.0207092593046263,1.0167090767610216
NOR,24,0.9846355897890948,1.0428934628855715,1.0167090767610216
NOR,25,1.0233014275935826,1.031146176738551,1.0167090767610216
NOR,26,1.0197391951227701,1.0170751125172504,1.0167090767610216
NOR,27,1.0232935567663988,1.0254033270927856,1.0167090767610216
NOR,28,1.0196127616835886,1.022087276183083,1.0167090767610216
NOR,29T30,1.0167503239575475,1.0232108519628382,1.0167090767610216
NOR,31T33,1.0117467375010936,1.0201639317165432,1.0167090767610216
NOR,35,1.053063058463955,1.0144986882221112,1.0167090767610216
NOR,36T39,1.0148632702966638,1.0160930813157643,1.0167090767610216
NOR,41T43,1.0164741495570575,1.0173241414361378,1.0167090767610216
NOR,45T47,1.0145450810651717,1.0143970098535655,1.0167090767610216
NOR,49,1.0158462040830176,1.014523890210895,1.0167090767610216
NOR,50,1.01010512575936,1.0170018748936365,1.0167090767610216
NOR,51,1.0025445713293193,1.0179594762252124,1.0167090767610216
NOR,52,1.0120093490217552,1.0169168593141231,1.0167090767610216
NOR,53,1.0149120634196587,1.0144737746884982,1.0167090767610216
NOR,55T56,1.021302073559534,1.0184308059781413,1.0167090767610216
NOR,58T60,1.0130359034739447,1.0141775712862264,1.0167090767610216
NOR,61,1.0161501133860722,1.01337346325985,1.0167090767610216
NOR,62T63,1.0112226805784825,1.0132162639519091,1.0167090767610216
NOR,64T66,1.0108046553986019,1.0121577812458258,1.0167090767610216
NOR,68,1.0162760201482046,1.013352477705055,1.0167090767610216
NOR,69T75,1.0072199414143328,1.0136485747415371,1.0167090767610216
NOR,77T82,1.0118284282432788,1.014531949132914,1.0167090767610216
NOR,84,1.0165193579556893,1.0136378700809547,1.0167090767610216
NOR,85,1.0168129049944559,1.01256508938882,1.0167090767610216
NOR,86T88,1.0167214661097577,1.0130194814024847,1.0167090767610216
NOR,90T93,1.01671894585191,1.0148432903632223,1.0167090767610216
NOR,94T98,1.0164693119028607,1.01388754285321,1.0167090767610216
NZL,01T02,0.7991045824120652,1.0342451304349052,1.0123893635577033
NZL,03,0.9850492973681385,1.0092877456273823,1.0123893635577033
NZL,05T06,0.9248243234156108,1.0211107382769007,1.0123893635577033
NZL,07T08,1.008183960150156,0.9969954652751634,1.0123893635577033
NZL,10T12,0.977556631659751,1.0721426934968457,1.0123893635577033
NZL,13T15,1.0120062235570237,1.024082789712859,1.0123893635577033
NZL,16,1.0166359559576805,1.0344225873878792,1.0123893635577033
NZL,17T18,1.007313186342639,1.0203185838997904,1.0123893635577033
NZL,19,0.9995283987695867,1.045592370072172,1.0123893635577033
NZL,20,1.0061409979733045,1.0185846496737179,1.0123893635577033
NZL,21,1.0018132115320921,1.0104171530079293,1.0123893635577033
NZL,22,1.0259129667946472,1.0082349009882048,1.0123893635577033
NZL,23,1.0163511545250072,1.006118615748303,1.0123893635577033
NZL,24,0.9561155720460114,1.0172656805928664,1.0123893635577033
NZL,25,1.0289421627780644,1.0226995404463437,1.0123893635577033
NZL,26,1.0250013972145082,1.0064423839138827,1.0123893635577033
NZL,27,1.053920495373064,1.0090175087927165,1.0123893635577033
NZL,28,1.0190882598755813,1.0192647797814096,1.0123893635577033
NZL,29T30,1.0465621418993694,1.0076067049857036,1.0123893635577033
NZL,31T33,1.0455012558357701,1.007657411670482,1.0123893635577033
NZL,35,0.9703038506937092,1.0197438433549082,1.0123893635577033
NZL,36T39,0.9978926112094725,0.9997084331589761,1.0123893635577033
NZL,41T43,1.0089160633731231,1.0069455744359466,1.0123893635577033
NZL,45T47,1.0055463024410496,1.0023063626952404,1.0123893635577033
NZL,49,1.0030037877936813,1.0056095794682929,1.0123893635577033
NZL,50,1.0016443951836544,1.0076678525180593,1.0123893635577033
NZL,51,1.0154802972755392,1.007342881169378,1.0123893635577033
NZL,52,1.005392634386784,0.9992681306030764,1.0123893635577033
NZL,53,1.0069194665901484,1.001186789242899,1.0123893635577033
NZL,55T56,1.0249445222732807,1.0104363709407582,1.0123893635577033
NZL,58T60,1.0168759518388817,1.0013183204623581,1.0123893635577033
NZL,61,1.0157467042814448,1.0001420218609385,1.0123893635577033
NZL,62T63,1.0154510935506351,0.997700347837444,1.0123893635577033
NZL,64T66,1.002238961029848,0.9971038288000137,1.0123893635577033
NZL,68,1.0091769748063324,0.9980270561926814,1.0123893635577033
NZL,69T75,1.0012243798056906,1.0007085570574832,1.0123893635577033
NZL,77T82,0.9981863292931721,1.000742517906737,1.0123893635577033
NZL,84,1.0112768136794392,1.0009061614792425,1.0123893635577033
NZL,85,1.0119807596003356,0.9980554389541428,1.0123893635577033
NZL,86T88,1.0124866927543845,1.0015061307650006,1.0123893635577033
NZL,90T93,1.0123619425702355,1.003414512869972,1.0123893635577033
NZL,94T98,1.0076119160379553,0.9994704004567752,1.0123893635577033
PER,01T02,0.5513726135025669,1.034839863181373,1.0365862768597227
PER,03,1.0211603842749355,1.0157563315335065,1.0365862768597227
PER,05T06,0.9537795621210015,1.0201374404699202,1.0365862768597227
PER,07T08,1.0548288371979098,1.0117639446740623,1.0365862768597227
PER,10T12,1.009640267778075,1.1121942806312481,1.0365862768597227
PER,13T15,1.009421136242817,1.0360544079073926,1.0365862768597227
PER,16,0.968447104751071,1.067567570959966,1.0365862768597227
PER,17T18,1.0386334978391647,1.0121082246109379,1.0365862768597227
PER,19,1.024450975550759,1.0525254281888186,1.0365862768597227
PER,20,1.0409164604939665,1.015959863701174,1.0365862768597227
PER,21,1.0308006705754151,1.0133560410158318,1.0365862768597227
PER,22,1.0338252377260713,1.01850191974632,1.0365862768597227
PER,23,1.0399948056409525,1.027439204635525,1.0365862768597227
PER,24,1.4451791463376686,1.0262741007639125,1.0365862768597227
PER,25,1.0641987958807408,1.0174990870994667,1.0365862768597227
PER,26,1.0408586051302278,1.0129226679429664,1.0365862768597227
PER,27,1.0628660731151616,1.0142736189307224,1.0365862768597227
PER,28,1.04744053336828,1.0148087682574807,1.0365862768597227
PER,29T30,1.0522821372203601,1.0114533827050134,1.0365862768597227
PER,31T33,1.0159592091767795,1.0292426810588786,1.0365862768597227
PER,35,0.9458703798604067,1.0228020210987987,1.0365862768597227
PER,36T39,1.0603993015022863,1.012848818869746,1.0365862768597227
PER,41T43,1.0369708728803892,1.0138261953201346,1.0365862768597227
PER,45T47,1.0261037741192014,1.007673601332287,1.0365862768597227
PER,49,1.031674716760046,1.0146596852190246,1.0365862768597227
PER,50,1.004144604756006,1.0158078490887616,1.0365862768597227
PER,51,1.0085758055352065,1.0223273239119648,1.0365862768597227
PER,52,1.024333336699027,1.0130518947836005,1.0365862768597227
PER,53,1.0308183095799937,1.0114748208654094,1.0365862768597227
PER,55T56,1.0290560363623764,1.039569895411368,1.0365862768597227
PER,58T60,1.04308239428988,1.0075202351231185,1.0365862768597227
PER,61,1.0390728913353342,1.0080526644547916,1.0365862768597227
PER,62T63,1.0447719437654768,1.005942015429346,1.0365862768597227
PER,64T66,1.0530127262619482,1.0056300217337235,1.0365862768597227
PER,68,1.0368148976164244,1.0047428913174223,1.0365862768597227
PER,69T75,1.04250121600599,1.0075712289634584,1.0365862768597227
PER,77T82,1.059698418744949,1.0064559876266903,1.0365862768597227
PER,84,1.0374644046723023,1.0108699552311877,1.0365862768597227
PER,85,1.0367599558422473,1.0052651920037603,1.0365862768597227
PER,86T88,1.0364998234744376,1.0072876455227515,1.0365862768597227
PER,90T93,1.0340970445309166,1.0190987930908681,1.0365862768597227
PER,94T98,1.0372309719211206,1.0069425679517359,1.0365862768597227
PHL,01T02,0.941247466444028,1.0220931930803354,1.0302995525627503
PHL,03,1.0256460944256511,1.0151847652214407,1.0302995525627503
PHL,05T06,0.7700176775816296,1.0136115710635645,1.0302995525627503
PHL,07T08,1.0845610632484837,1.013665111772754,1.0302995525627503
PHL,10T12,1.0329277483166646,1.0423065251139696,1.0302995525627503
PHL,13T15,1.031297225146534,1.0217663012114224,1.0302995525627503
PHL,16,1.0478168717488567,1.0331408127342956,1.0302995525627503
PHL,17T18,1.0078566329114969,1.0293180834431386,1.0302995525627503
PHL,19,1.0093552931404375,1.04491243921529,1.0302995525627503
PHL,20,1.0209576945730163,1.025793625636851,1.0302995525627503
PHL,21,0.9993451341030586,1.0300808315118644,1.0302995525627503
PHL,22,1.030404576984854,1.030915813630639,1.0302995525627503
PHL,23,1.0241003518341822,1.0340733131841127,1.0302995525627503
PHL,24,1.2089910565404243,1.035928292116984,1.0302995525627503
PHL,25,1.050967776419058,1.0425762606373188,1.0302995525627503
PHL,26,1.0172017235212572,1.024579321841504,1.0302995525627503
PHL,27,1.0422060205090011,1.0232075768316256,1.0302995525627503
PHL,28,1.0273195346542745,1.0259699430832194,1.0302995525627503
PHL,29T30,1.0158277941064016,1.0278969067909278,1.0302995525627503
PHL,31T33,1.0111041712317757,1.0282065997828664,1.0302995525627503
PHL,35,0.8109401682688665,1.0374757275861481,1.0302995525627503
PHL,36T39,1.0258023380800618,1.0267322069883327,1.0302995525627503
PHL,41T43,1.0279242972621045,1.0296814223350037,1.0302995525627503
PHL,45T47,1.0143448005229607,1.0209281963456764,1.0302995525627503
PHL,49,1.0138648547609515,1.0243422900004813,1.0302995525627503
PHL,50,1.020803698460767,1.0179959395339977,1.0302995525627503
PHL,51,1.0175667488441333,1.0189209702410935,1.0302995525627503
PHL,52,1.0167529402070603,1.0199001376269794,1.0302995525627503
PHL,53,1.0248435000067821,1.017164643926495,1.0302995525627503
PHL,55T56,1.0209898287058339,1.0343442519303627,1.0302995525627503
PHL,58T60,0.9920700008249252,1.0242541790512398,1.0302995525627503
PHL,61,1.0237014183535114,1.0173908480560088,1.0302995525627503
PHL,62T63,0.9931791597985278,1.0190105727776453,1.0302995525627503
PHL,64T66,1.0219350568117107,1.010933103877385,1.0302995525627503
PHL,68,1.0269060939439845,1.0134559074388982,1.0302995525627503
PHL,69T75,1.0073697606256766,1.016717682193153,1.0302995525627503
PHL,77T82,1.0092116879250925,1.0167230665257176,1.0302995525627503
PHL,84,1.0297246324905704,1.0123883913200165,1.0302995525627503
PHL,85,1.0264753768722013,1.0146289693660082,1.0302995525627503
PHL,86T88,1.0266651921643486,1.024662955290212,1.0302995525627503
PHL,90T93,1.0191422155932461,1.022867694073055,1.0302995525627503
PHL,94T98,1.027924424550127,1.0191865272257188,1.0302995525627503
POL,01T02,0.8847224162288264,1.0402527102557726,1.0290840596827984
POL,03,1.0158225146674837,1.0186515828987566,1.0290840596827984
POL,05T06,0.6659094263627972,1.0239234105378348,1.0290840596827984
POL,07T08,0.9569612331912559,1.0380495048402114,1.0290840596827984
POL,10T12,1.0151997040627134,1.0480207959093817,1.0290840596827984
POL,13T15,1.0288334347301642,1.0184369901488826,1.0290840596827984
POL,16,1.0182082520770124,1.0366370604305446,1.0290840596827984
POL,17T18,1.02241660706927,1.0235955000034493,1.0290840596827984
POL,19,0.9960428324090372,1.0433139129880984,1.0290840596827984
POL,20,1.0004067164668267,1.028512898886352,1.0290840596827984
POL,21,1.0341143993679593,1.0105356872816458,1.0290840596827984
POL,22,1.017788091327534,1.0235134487253013,1.0290840596827984
POL,23,1.0078333700002255,1.030891728303029,1.0290840596827984
POL,24,0.9227948338073683,1.0631407327069131,1.0290840596827984
POL,25,1.0207822015824344,1.0323064356979197,1.0290840596827984
POL,26,1.0199314309906866,1.0211948384868446,1.0290840596827984
POL,27,1.024859144124454,1.0270789741289044,1.0290840596827984
POL,28,1.0154453302864057,1.0269485492082007,1.0290840596827984
POL,29T30,1.0216415759252635,1.023518310893692,1.0290840596827984
POL,31T33,1.02066916983826,1.0199905543401393,1.0290840596827984
POL,35,0.729884738896168,1.0424850902107863,1.0290840596827984
POL,36T39,1.0099674697077574,1.0253348883655893,1.0290840596827984
POL,41T43,1.0118892630341807,1.017065065798901,1.0290840596827984
POL,45T47,1.0154054980231695,1.0133185524535189,1.0290840596827984
POL,49,1.0054381232477831,1.018803652233962,1.0290840596827984
POL,50,1.0050567978468377,1.0157339635487679,1.0290840596827984
POL,51,1.0111565461407455,1.0164712097326138,1.0290840596827984
POL,52,1.0073100868420077,1.0198315012708135,1.0290840596827984
POL,53,1.0206589695315793,1.0153333390281094,1.0290840596827984
POL,55T56,1.0236836775704798,1.0235096222133904,1.0290840596827984
POL,58T60,1.025773553473888,1.0114696752058117,1.0290840596827984
POL,61,1.0231212219006203,1.0128357797892005,1.0290840596827984
POL,62T63,1.0223234438641151,1.0080285018893846,1.0290840596827984
POL,64T66,1.0193959108409314,1.0092137964973724,1.0290840596827984
POL,68,1.0168280659233428,1.0477152592765133,1.0290840596827984
POL,69T75,1.0194350610125738,1.0096447124376662,1.0290840596827984
POL,77T82,1.0147694917828085,1.0141667423656626,1.0290840596827984
POL,84,1.028085636837265,1.0094658950726003,1.0290840596827984
POL,85,1.0281242145304392,1.0128930026397502,1.0290840596827984
POL,86T88,1.0282615931074277,1.0147602591124776,1.0290840596827984
POL,90T93,1.0250355892554732,1.0232657272902785,1.0290840596827984
POL,94T98,1.024018026435809,1.0131331441376747,1.0290840596827984
PRT,01T02,1.0258509973181493,1.0346788207576614,1.0284763854420762
PRT,03,1.0219074818211746,1.022869125450219,1.0284763854420762
PRT,05T06,0.4110326231785662,1.0339586312207003,1.0284763854420762
PRT,07T08,1.0076912292644817,1.030594209136301,1.0284763854420762
PRT,10T12,1.0290845326054243,1.0460960390307121,1.0284763854420762
PRT,13T15,1.015647579499992,1.022783779570758,1.0284763854420762
PRT,16,1.0034542764941832,1.04086928469046,1.0284763854420762
PRT,17T18,0.9930543589589289,1.0365204963638726,1.0284763854420762
PRT,19,0.9906418210472873,1.0623333041577618,1.0284763854420762
PRT,20,0.9991556494099667,1.0323215385134932,1.0284763854420762
PRT,21,1.0077334823532815,1.0225458957156661,1.0284763854420762
PRT,22,1.0121880060141002,1.0277855859882488,1.0284763854420762
PRT,23,1.0128685001480888,1.030230121545051,1.0284763854420762
PRT,24,1.1381399531186005,1.045195590514282,1.0284763854420762
PRT,25,1.0269431811517835,1.0310757266318864,1.0284763854420762
PRT,26,1.016231882948904,1.023480841820586,1.0284763854420762
PRT,27,1.0180501878981507,1.0312592107698897,1.0284763854420762
PRT,28,1.0122533830167628,1.0308988460368094,1.0284763854420762
PRT,29T30,1.0203153718092837,1.0250576788018217,1.0284763854420762
PRT,31T33,1.0107301778370326,1.0250936979490441,1.0284763854420762
PRT,35,0.9104310403301815,1.0843068672224208,1.0284763854420762
PRT,36T39,1.0463806119007864,1.0279738351594216,1.0284763854420762
PRT,41T43,1.0261047181816891,1.0243791481480338,1.0284763854420762
PRT,45T47,1.0146979283858224,1.0216189619081677,1.0284763854420762
PRT,49,1.0029532177004479,1.0256650496980069,1.0284763854420762
PRT,50,0.9863753804104217,1.0234106895953392,1.0284763854420762
PRT,51,0.9884928902939828,1.0252493309695556,1.0284763854420762
PRT,52,1.0067596878448226,1.0207089026425615,1.0284763854420762
PRT,53,1.0123513968130826,1.0180872186476033,1.0284763854420762
PRT,55T56,1.017959354497556,1.0273692796091822,1.0284763854420762
PRT,58T60,1.0092246822451947,1.0204665995097264,1.0284763854420762
PRT,61,1.0185032127382978,1.0202748267976594,1.0284763854420762
PRT,62T63,1.0114773484505433,1.0183574132616957,1.0284763854420762
PRT,64T66,1.0186535531297107,1.0176947726866827,1.0284763854420762
PRT,68,1.0264977232610406,1.0177234346743451,1.0284763854420762
PRT,69T75,1.0122183161896345,1.0193270277779372,1.0284763854420762
PRT,77T82,1.0139800546434306,1.0193906705354476,1.0284763854420762
PRT,84,1.026788468472123,1.020956642692468,1.0284763854420762
PRT,85,1.0274044702288123,1.0186047290673683,1.0284763854420762
PRT,86T88,1.0276023941825312,1.0214442012899068,1.0284763854420762
PRT,90T93,1.0224704589356692,1.022450580210609,1.0284763854420762
PRT,94T98,1.0259046764692321,1.0214698084393006,1.0284763854420762
ROU,01T02,0.9708955926630175,1.0360471064871566,1.0281808002021982
ROU,03,1.026985456837331,1.0270067804308483,1.0281808002021982
ROU,05T06,0.8409676760282144,1.0292008666132417,1.0281808002021982
ROU,07T08,0.9646423741609419,1.0273682347172004,1.0281808002021982
ROU,10T12,1.0293093440476722,1.0421625854074725,1.0281808002021982
ROU,13T15,1.02776562767315,1.019850408542782,1.0281808002021982
ROU,16,1.0143176413604764,1.0390034062651308,1.0281808002021982
ROU,17T18,1.0159226567175061,1.026832113491377,1.0281808002021982
ROU,19,1.0017406131713782,1.0487891666367049,1.0281808002021982
ROU,20,0.992042053264096,1.0321457531031246,1.0281808002021982
ROU,21,1.0068416910356122,1.020748396839246,1.0281808002021982
ROU,22,1.0153044509033669,1.0239570392211799,1.0281808002021982
ROU,23,1.018755956068049,1.0279905101388054,1.0281808002021982
ROU,24,0.9280627202245273,1.0400349673546188,1.0281808002021982
ROU,25,1.0073905116953517,1.03244339364638,1.0281808002021982
ROU,26,1.017464703620042,1.0238858392105699,1.0281808002021982
ROU,27,1.0222234824494953,1.027519497405158,1.0281808002021982
ROU,28,1.0098693875570857,1.0326641663656053,1.0281808002021982
ROU,29T30,1.013386957500569,1.0274716226718823,1.0281808002021982
ROU,31T33,1.0153218875568788,1.023132183066201,1.0281808002021982
ROU,35,0.9015702626818264,1.0503193298473754,1.0281808002021982
ROU,36T39,1.0237296334343473,1.0230497524724296,1.0281808002021982
ROU,41T43,1.024721439628898,1.0261453077690899,1.0281808002021982
ROU,45T47,1.0142621823017244,1.0187019163927555,1.0281808002021982
ROU,49,1.0089019486711859,1.0202603808672224,1.0281808002021982
ROU,50,1.0145202630842587,1.0167367909577687,1.0281808002021982
ROU,51,1.010462864965304,1.0217055991897086,1.0281808002021982
ROU,52,1.009214107561835,1.0204476973999985,1.0281808002021982
ROU,53,1.0117876787500395,1.0202273150390542,1.0281808002021982
ROU,55T56,1.0228034601646498,1.0214263176940306,1.0281808002021982
ROU,58T60,1.0187599518722807,1.0157311996194411,1.0281808002021982
ROU,61,1.0171179364921732,1.0201304630637429,1.0281808002021982
ROU,62T63,1.008641672482602,1.015783128328361,1.0281808002021982
ROU,64T66,1.0126802199106206,1.0146251538629207,1.0281808002021982
ROU,68,1.0252826637006514,1.0133243134993832,1.0281808002021982
ROU,69T75,1.0099336616096695,1.018864826579279,1.0281808002021982
ROU,77T82,1.0139716451507224,1.0177968011415737,1.0281808002021982
ROU,84,1.0268428657063389,1.0127946350438701,1.0281808002021982
ROU,85,1.0247878634088865,1.013282121946132,1.0281808002021982
ROU,86T88,1.0266818716851827,1.0149683639568061,1.0281808002021982
ROU,90T93,1.0260149568926205,1.0173757807859423,1.0281808002021982
ROU,94T98,1.0235898456627293,1.017239835017898,1.0281808002021982
ROW,01T02,0.7333951762798667,1.0207945187416274,1.0114258976300357
ROW,03,1.0117061136029932,0.9782668648106235,1.0114258976300357
ROW,05T06,0.8472159064834385,0.9940536548212853,1.0114258976300357
ROW,07T08,1.0269962878415908,0.9847594391097415,1.0114258976300357
ROW,10T12,0.987567357613071,1.0699452116450843,1.0114258976300357
ROW,13T15,1.0719627086800816,0.9951938729795572,1.0114258976300357
ROW,16,1.0204883451217794,1.0328225721564885,1.0114258976300357
ROW,17T18,1.028618165721671,1.0109721263553046,1.0114258976300357
ROW,19,1.0063789425279346,1.0310032534418136,1.0114258976300357
ROW,20,1.0132743025742144,1.0128774796478517,1.0114258976300357
ROW,21,1.05352733647087,0.9889259910390273,1.0114258976300357
ROW,22,1.0347843673990045,1.008757372663897,1.0114258976300357
ROW,23,1.0253998441225773,1.002207136264546,1.0114258976300357
ROW,24,1.1154329079056717,1.0264153399415952,1.0114258976300357
ROW,25,1.063783109720023,1.0117724563615063,1.0114258976300357
ROW,26,1.0367112335432307,0.9954496309983049,1.0114258976300357
ROW,27,1.0484910685756066,1.0078864510615155,1.0114258976300357
ROW,28,1.0416826212889705,1.0035898154008025,1.0114258976300357
ROW,29T30,1.0608219679965958,0.9968681064786789,1.0114258976300357
ROW,31T33,1.0638908503011102,0.9963226363236494,1.0114258976300357
ROW,35,0.7262298770951457,1.0398492365820824,1.0114258976300357
ROW,36T39,1.009748549964112,0.992908939420371,1.0114258976300357
ROW,41T43,1.0097353183694828,0.9899456975220848,1.0114258976300357
ROW,45T47,1.0142587449756588,0.983459303708529,1.0114258976300357
ROW,49,1.0263613232588613,0.9856244955527039,1.0114258976300357
ROW,50,1.0528874300469675,0.9844389031701932,1.0114258976300357
ROW,51,1.051464224407761,0.9898700176278863,1.0114258976300357
ROW,52,1.034120827278043,0.9838647942658071,1.0114258976300357
ROW,53,1.0297132114357586,0.9788809449546934,1.0114258976300357
ROW,55T56,1.023060053755553,1.0106673894877836,1.0114258976300357
ROW,58T60,1.0521655641514727,0.979578003648902,1.0114258976300357
ROW,61,1.0195837789544688,0.9775227476185895,1.0114258976300357
ROW,62T63,1.0576558524390223,0.9722167171318924,1.0114258976300357
ROW,64T66,1.0335069224277014,0.9703599561665438,1.0114258976300357
ROW,68,1.0177832865659846,0.9692456929488079,1.0114258976300357
ROW,69T75,1.0400400677612962,0.9732879625312687,1.0114258976300357
ROW,77T82,1.0289351668722104,0.9756009751129386,1.0114258976300357
ROW,84,1.0115165297881887,0.9797840893152775,1.0114258976300357
ROW,85,1.0131664232442419,0.9796660740534401,1.0114258976300357
ROW,86T88,1.0127794972663924,0.9817486900311412,1.0114258976300357
ROW,90T93,1.0229212564254175,0.9872852574103566,1.0114258976300357
ROW,94T98,1.014356867629385,0.9818841660716916,1.0114258976300357
RUS,01T02,0.9192051424847851,1.004955612114507,0.9938231705448701
RUS,03,1.02461545938036,0.9772722585531188,0.9938231705448701
RUS,05T06,0.8710698545120001,0.981000466495075,0.9938231705448701
RUS,07T08,0.9190713609006013,0.9917148424535464,0.9938231705448701
RUS,10T12,1.010575812317679,1.0278474868774774,0.9938231705448701
RUS,13T15,1.0765711215097875,0.9928939344143466,0.9938231705448701
RUS,16,1.0391259387637761,1.0204376010604888,0.9938231705448701
RUS,17T18,1.0187687661847225,1.0102128387551594,0.9938231705448701
RUS,19,1.0282307042953545,1.0018285191863205,0.9938231705448701
RUS,20,0.9942947515651271,1.018245838267766,0.9938231705448701
RUS,21,1.0409677304436875,0.9851948871996434,0.9938231705448701
RUS,22,1.0029585620558632,1.011361092038616,0.9938231705448701
RUS,23,0.9710946672414328,1.0279249623816047,0.9938231705448701
RUS,24,0.6360521527360433,1.058644833627317,0.9938231705448701
RUS,25,0.9710038840315737,1.0460741440521948,0.9938231705448701
RUS,26,1.0130729349009984,0.9971619288178062,0.9938231705448701
RUS,27,0.9729861993819251,1.0366593659499177,0.9938231705448701
RUS,28,0.9682992018310341,1.0324716258011346,0.9938231705448701
RUS,29T30,1.0058096103718925,1.0116490176802757,0.9938231705448701
RUS,31T33,0.9839305997288527,1.0058238507115786,0.9938231705448701
RUS,35,0.6368742724594877,1.1167997515938057,0.9938231705448701
RUS,36T39,0.8822229886992057,1.0493480420215933,0.9938231705448701
RUS,41T43,0.9869266224434768,0.9965687941102992,0.9938231705448701
RUS,45T47,0.9979047674291973,0.9776348304615686,0.9938231705448701
RUS,49,0.97834141131343,0.994937883756166,0.9938231705448701
RUS,50,1.0479053358574102,0.9797640060068704,0.9938231705448701
RUS,51,1.0458312437194235,0.9849949688610016,0.9938231705448701
RUS,52,0.9892754011785074,0.9838036296042173,0.9938231705448701
RUS,53,1.007776573336666,0.9783223600574033,0.9938231705448701
RUS,55T56,1.0209896711030648,0.9946046052619758,0.9938231705448701
RUS,58T60,1.057471532481638,0.9781374821411942,0.9938231705448701
RUS,61,1.0027568837271499,0.9827718290084547,0.9938231705448701
RUS,62T63,1.0381589587020488,0.9713208543617784,0.9938231705448701
RUS,64T66,0.9908803293206924,0.9669260605688449,0.9938231705448701
RUS,68,0.9914435722876437,0.9816397465386463,0.9938231705448701
RUS,69T75,1.004353585042112,0.977190568773184,0.9938231705448701
RUS,77T82,0.982627533186074,0.9721088291194705,0.9938231705448701
RUS,84,0.9937125124366941,0.9786215627397432,0.9938231705448701
RUS,85,0.9950271905120092,0.9790026466874805,0.9938231705448701
RUS,86T88,0.9942384017109888,0.9833752576407683,0.9938231705448701
RUS,90T93,0.9996043104234262,0.9826835828992756,0.9938231705448701
RUS,94T98,0.9982840677516769,0.9725394806193018,0.9938231705448701
SAU,01T02,1.1006591180193448,1.0057641047435824,1.0064236579225563
SAU,03,1.001644983533318,1.007628202769724,1.0064236579225563
SAU,05T06,0.956469181506088,0.9935562131463085,1.0064236579225563
SAU,07T08,1.034068484169085,0.9960084672521498,1.0064236579225563
SAU,10T12,1.0537526607473813,1.0157486015003765,1.0064236579225563
SAU,13T15,1.0198616044095545,1.014664086381187,1.0064236579225563
SAU,16,1.0403842102633,1.0170878791907931,1.0064236579225563
SAU,17T18,0.9960765306608986,1.0266009398023301,1.0064236579225563
SAU,19,1.030773295531669,1.009406261769348,1.0064236579225563
SAU,20,1.025984336904411,1.007351788280051,1.0064236579225563
SAU,21,1.0003112196094848,1.0093142596083704,1.0064236579225563
SAU,22,1.0174813350186158,1.0179669217582155,1.0064236579225563
SAU,23,1.0031946765547095,1.0212490368072185,1.0064236579225563
SAU,24,1.1785421031915237,1.0196613199386697,1.0064236579225563
SAU,25,1.021286483798186,1.021620572407337,1.0064236579225563
SAU,26,1.015784146321515,1.0143768142218414,1.0064236579225563
SAU,27,1.0147043449939914,1.0252415944897812,1.0064236579225563
SAU,28,1.0198296565106717,1.0207893628386617,1.0064236579225563
SAU,29T30,1.0385247175245236,1.015453108466387,1.0064236579225563
SAU,31T33,1.0212452966738323,1.0105907692436165,1.0064236579225563
SAU,35,0.6038907892460698,1.0064424024828402,1.0064236579225563
SAU,36T39,1.0074776302931379,1.002582221812176,1.0064236579225563
SAU,41T43,1.006840342089702,1.0175089549134928,1.0064236579225563
SAU,45T47,1.004742839420639,1.0085065455437576,1.0064236579225563
SAU,49,1.0224004124087949,1.0017338379561962,1.0064236579225563
SAU,50,1.0128148379213333,1.00873323354522,1.0064236579225563
SAU,51,1.0254292705342805,1.0031467253960116,1.0064236579225563
SAU,52,1.0142431298731822,1.0031455722756133,1.0064236579225563
SAU,53,1.0030806053005625,1.0152172022320975,1.0064236579225563
SAU,55T56,1.0225109817926887,1.0125523282686506,1.0064236579225563
SAU,58T60,1.0243343098568,1.0052054678846605,1.0064236579225563
SAU,61,1.0042325950255344,1.0117971384542737,1.0064236579225563
SAU,62T63,1.0047289908254196,1.002556201926785,1.0064236579225563
SAU,64T66,1.0175062989516186,0.9964236872932969,1.0064236579225563
SAU,68,1.006874781045159,0.9962387344608983,1.0064236579225563
SAU,69T75,1.0036221510786747,1.01872116997881,1.0064236579225563
SAU,77T82,1.0064889193033242,1.0157552835995574,1.0064236579225563
SAU,84,1.0067063762850594,0.9960130607500691,1.0064236579225563
SAU,85,1.0071340225044572,0.9975684705853274,1.0064236579225563
SAU,86T88,1.0061141761127517,1.005700482453014,1.0064236579225563
SAU,90T93,1.0084051837314154,1.000176786738302,1.0064236579225563
SAU,94T98,1.0084439115222412,0.9974948366491706,1.0064236579225563
SGP,01T02,0.831745618703366,1.0200505495893095,1.0241855345621733
SGP,03,1.0077720556625138,1.0197935922082961,1.0241855345621733
SGP,05T06,0.8512867415527201,1.0135901392306734,1.0241855345621733
SGP,07T08,1.0034188840314855,1.0176670642472208,1.0241855345621733
SGP,10T12,0.977745737876136,1.0803620999897627,1.0241855345621733
SGP,13T15,0.9181268585439395,1.0510091551138034,1.0241855345621733
SGP,16,0.9757403558749408,1.0628030972693392,1.0241855345621733
SGP,17T18,0.9983932256626349,1.0349927342761247,1.0241855345621733
SGP,19,0.9686215843984446,1.0503484713383662,1.0241855345621733
SGP,20,0.9971778738585694,1.0293105228357429,1.0241855345621733
SGP,21,1.0527130326201355,1.0053666727340038,1.0241855345621733
SGP,22,0.9838767535460413,1.0465952561479492,1.0241855345621733
SGP,23,1.0170063174927044,1.0335218087416287,1.0241855345621733
SGP,24,1.22484101878936,1.0547491200521741,1.0241855345621733
SGP,25,1.0318912619774003,1.0436954718617661,1.0241855345621733
SGP,26,1.0180247696946103,1.0213647795469656,1.0241855345621733
SGP,27,1.0263852836073446,1.0316080505647598,1.0241855345621733
SGP,28,1.0362195326797965,1.0193160528562106,1.0241855345621733
SGP,29T30,1.0262077204704976,1.021332414492107,1.0241855345621733
SGP,31T33,1.0209563893727025,1.020500468351623,1.0241855345621733
SGP,35,0.6896556546549573,1.0784826509712102,1.0241855345621733
SGP,36T39,1.0074520879686566,1.0254394191429004,1.0241855345621733
SGP,41T43,1.0162488846194226,1.0183646446371075,1.0241855345621733
SGP,45T47,1.0008610587950102,1.0108355567756957,1.0241855345621733
SGP,49,1.0056029324627442,1.0140686631825158,1.0241855345621733
SGP,50,0.9937927727722108,1.0149527777482135,1.0241855345621733
SGP,51,1.0066445480158976,1.0144873853559067,1.0241855345621733
SGP,52,1.0047649652518775,1.0118768788247519,1.0241855345621733
SGP,53,1.0152370312549268,1.0103829669012412,1.0241855345621733
SGP,55T56,1.0140951496378257,1.030349637118456,1.0241855345621733
SGP,58T60,1.021672471863248,1.0097181180935815,1.0241855345621733
SGP,61,1.0229260602837107,1.0083943564814382,1.0241855345621733
SGP,62T63,1.0130303747745162,1.007093541670013,1.0241855345621733
SGP,64T66,1.0200578391721402,1.0011819788362797,1.0241855345621733
SGP,68,1.019014153323051,1.0036566088328118,1.0241855345621733
SGP,69T75,1.025135919166938,1.0052375481586184,1.0241855345621733
SGP,77T82,1.0224332495708544,1.003082469616991,1.0241855345621733
SGP,84,1.0228565637765337,1.012970845129333,1.0241855345621733
SGP,85,1.0233234084567788,1.008101333092048,1.0241855345621733
SGP,86T88,1.023323739819433,1.0098814837247314,1.0241855345621733
SGP,90T93,1.0193745746392555,1.0141811835473113,1.0241855345621733
SGP,94T98,1.0245616975152845,0.9973951500356241,1.0241855345621733
SVK,01T02,1.0778777345573356,1.032047423666951,1.0260205257652029
SVK,03,0.9836561970874192,1.0287541874818975,1.0260205257652029
SVK,05T06,0.5713367418934734,1.0248747817250814,1.0260205257652029
SVK,07T08,0.9203769246605493,1.026726810500057,1.0260205257652029
SVK,10T12,1.0509862957557345,1.0344524823325822,1.0260205257652029
SVK,13T15,1.0281490533935502,1.0189595661616764,1.0260205257652029
SVK,16,1.0409962108300304,1.026203427873526,1.0260205257652029
SVK,17T18,1.0153498963639949,1.0271769802641035,1.0260205257652029
SVK,19,1.0065844475908627,1.0464305932018545,1.0260205257652029
SVK,20,1.0171714290316112,1.0247261888075998,1.0260205257652029
SVK,21,0.9934982691202826,1.0213912212055956,1.0260205257652029
SVK,22,1.02074648518752,1.02385115259961,1.0260205257652029
SVK,23,1.0096201406616447,1.0241704852141205,1.0260205257652029
SVK,24,0.6206113990274179,1.0533148527037188,1.0260205257652029
SVK,25,1.0174882027685719,1.0328753256328,1.0260205257652029
SVK,26,1.0221405217405681,1.0202904768832552,1.0260205257652029
SVK,27,1.0293341281380168,1.0253592872118817,1.0260205257652029
SVK,28,1.0070213006097513,1.0334699093454,1.0260205257652029
SVK,29T30,1.0244375018628487,1.02224137301861,1.0260205257652029
SVK,31T33,1.0026065412170815,1.0202507624075012,1.0260205257652029
SVK,35,1.0057592303964806,1.0554717105848674,1.0260205257652029
SVK,36T39,1.0169264173743282,1.0194817251781796,1.0260205257652029
SVK,41T43,1.0217287696117925,1.0184805537490356,1.0260205257652029
SVK,45T47,1.0092803978348028,1.019348609595761,1.0260205257652029
SVK,49,1.010635990756598,1.0180878709332994,1.0260205257652029
SVK,50,1.0122517371934936,1.018005798762407,1.0260205257652029
SVK,51,1.0131504103648081,1.018067916742937,1.0260205257652029
SVK,52,1.009355836381322,1.0180653673962976,1.0260205257652029
SVK,53,1.0172949288846678,1.0162754367299056,1.0260205257652029
SVK,55T56,1.0244389326696337,1.0225187464049683,1.0260205257652029
SVK,58T60,1.016939971855953,1.0173081559779351,1.0260205257652029
SVK,61,1.0214496170391134,1.015582111057804,1.0260205257652029
SVK,62T63,1.0116022871893526,1.0148446553667045,1.0260205257652029
SVK,64T66,1.018878236094615,1.0142589309524852,1.0260205257652029
SVK,68,1.023486864032149,1.0152332839468579,1.0260205257652029
SVK,69T75,1.0084796571301649,1.0215190462016015,1.0260205257652029
SVK,77T82,1.0170195247569276,1.0162298155711207,1.0260205257652029
SVK,84,1.0251717851455098,1.0154635781039123,1.0260205257652029
SVK,85,1.0251772654514022,1.0167154919186592,1.0260205257652029
SVK,86T88,1.0258250219313738,1.0165141979961307,1.0260205257652029
SVK,90T93,1.0244902788222554,1.0181249938536316,1.0260205257652029
SVK,94T98,1.022787105294314,1.0189727781896885,1.0260205257652029
SVN,01T02,0.896969907821762,1.0343814023175746,1.0255352694939222
SVN,03,1.0183603310609886,1.0213672257377293,1.0255352694939222
SVN,05T06,0.6345551599172122,1.0222784694520661,1.0255352694939222
SVN,07T08,1.0237074759914728,1.0289389537609055,1.0255352694939222
SVN,10T12,1.0376140507777871,1.037134978554836,1.0255352694939222
SVN,13T15,1.0286687892138475,1.0179352420685877,1.0255352694939222
SVN,16,1.0099821893855347,1.036963000241135,1.0255352694939222
SVN,17T18,1.015012762561856,1.025920130287007,1.0255352694939222
SVN,19,1.0506386645017394,1.0285021505590624,1.0255352694939222
SVN,20,1.0126685160177178,1.0252246805126404,1.0255352694939222
SVN,21,1.006248768779385,1.01677393563028,1.0255352694939222
SVN,22,1.0241045689257366,1.0227369070031453,1.0255352694939222
SVN,23,1.0251118630401568,1.02340178191239,1.0255352694939222
SVN,24,1.1657094209645786,1.0443452302321234,1.0255352694939222
SVN,25,1.0477552296071548,1.0275128682927854,1.0255352694939222
SVN,26,1.0225978584313333,1.018975288689684,1.0255352694939222
SVN,27,1.0253683951527106,1.0269232413941929,1.0255352694939222
SVN,28,1.0154724844974061,1.0291687779621608,1.0255352694939222
SVN,29T30,1.020456636509389,1.0257231330827214,1.0255352694939222
SVN,31T33,1.0190775422116136,1.022463164328314,1.0255352694939222
SVN,35,0.7900140222789177,1.0385316509551032,1.0255352694939222
SVN,36T39,1.0368963733328254,1.0240731756594883,1.0255352694939222
SVN,41T43,1.0196312706185346,1.0202357430174962,1.0255352694939222
SVN,45T47,1.0156593021007088,1.0180542976945295,1.0255352694939222
SVN,49,1.0131747981078183,1.018877259100309,1.0255352694939222
SVN,50,1.0221743366733536,1.0159087851670114,1.0255352694939222
SVN,51,1.0119094924266077,1.0191883749224113,1.0255352694939222
SVN,52,1.017374255771402,1.0169416480957096,1.0255352694939222
SVN,53,1.0136056935337157,1.0156194935117655,1.0255352694939222
SVN,55T56,1.0233938935597438,1.0234061972039838,1.0255352694939222
SVN,58T60,1.00914196842544,1.0152682803984903,1.0255352694939222
SVN,61,1.015203278947098,1.0143525957604937,1.0255352694939222
SVN,62T63,1.005044078106836,1.0141126520389725,1.0255352694939222
SVN,64T66,1.0145365185215331,1.0141434862191518,1.0255352694939222
SVN,68,1.0247407160542175,1.0149077487386535,1.0255352694939222
SVN,69T75,1.0118092372497436,1.017142118710831,1.0255352694939222
SVN,77T82,1.0145828034218578,1.0154068969455354,1.0255352694939222
SVN,84,1.024650658221533,1.0158796334045852,1.0255352694939222
SVN,85,1.0236171235834304,1.0164455829623162,1.0255352694939222
SVN,86T88,1.0248752002721002,1.0162868798464768,1.0255352694939222
SVN,90T93,1.0241805321661615,1.0180328443294695,1.0255352694939222
SVN,94T98,1.0186080805396536,1.0176216268251532,1.0255352694939222
SWE,01T02,0.7907840286689556,1.0647269874464713,1.023909131627511
SWE,03,1.020672216509286,1.0203138297700411,1.023909131627511
SWE,05T06,0.904532663310801,1.0243771119430827,1.023909131627511
SWE,07T08,1.0922158731264318,1.0189197848796547,1.023909131627511
SWE,10T12,1.0192598423547727,1.0428117781936737,1.023909131627511
SWE,13T15,1.0173569467930152,1.021269903843327,1.023909131627511
SWE,16,0.9548708864230196,1.0702578970670913,1.023909131627511
SWE,17T18,0.9690162796108005,1.043279371397444,1.023909131627511
SWE,19,0.991559711786356,1.046246146207176,1.023909131627511
SWE,20,1.0202097881690744,1.0219320925880053,1.023909131627511
SWE,21,1.0166296928332614,1.0183538735309874,1.023909131627511
SWE,22,1.0251552988615122,1.0214696873608162,1.023909131627511
SWE,23,1.022515777560965,1.0242649953895429,1.023909131627511
SWE,24,1.1909993099507052,1.029232308085046,1.023909131627511
SWE,25,1.0388026576814489,1.0291767523808673,1.023909131627511
SWE,26,1.02080168665005,1.0192278838754991,1.023909131627511
SWE,27,1.032106511896736,1.0243249086656534,1.023909131627511
SWE,28,1.0257017645738973,1.021436984154172,1.023909131627511
SWE,29T30,1.0262409093075504,1.021107280481622,1.023909131627511
SWE,31T33,1.0143125569453226,1.0229876771589734,1.023909131627511
SWE,35,1.0320991948026221,1.0237427884628707,1.023909131627511
SWE,36T39,1.044411234595449,1.0198663621744755,1.023909131627511
SWE,41T43,1.0223257897075337,1.022057467490087,1.023909131627511
SWE,45T47,1.0136386910613464,1.0177363038595424,1.023909131627511
SWE,49,1.0139822534075595,1.0196778934908706,1.023909131627511
SWE,50,1.007937302378482,1.0212898041360143,1.023909131627511
SWE,51,1.0049105846910402,1.0214462222677538,1.023909131627511
SWE,52,1.01366462958803,1.0193683973898002,1.023909131627511
SWE,53,1.0131781433814817,1.0174460112918788,1.023909131627511
SWE,55T56,1.0206031804844993,1.0234940698375343,1.023909131627511
SWE,58T60,1.0088614678777625,1.017519814107652,1.023909131627511
SWE,61,1.014067586926742,1.0172289302599102,1.023909131627511
SWE,62T63,1.0051046691434433,1.016479757517678,1.023909131627511
SWE,64T66,1.0104826005944165,1.0168107612329658,1.023909131627511
SWE,68,1.0216451958443218,1.0186571847009864,1.023909131627511
SWE,69T75,1.0158873779604174,1.0173115785623976,1.023909131627511
SWE,77T82,1.0151359792724564,1.0180695669398554,1.023909131627511
SWE,84,1.0227151032456823,1.0179686975638398,1.023909131627511
SWE,85,1.0231848945796949,1.0177343623705857,1.023909131627511
SWE,86T88,1.023501035975193,1.0177324659591482,1.023909131627511
SWE,90T93,1.0208702777805392,1.020511645651534,1.023909131627511
SWE,94T98,1.021421862151906,1.018211578825296,1.023909131627511
THA,01T02,0.9151843912707021,1.0178270713496922,1.0344239166143474
THA,03,1.020349676351521,1.0166987367711784,1.0344239166143474
THA,05T06,0.7723731032046797,1.0166242126198552,1.0344239166143474
THA,07T08,1.0116221061654156,1.0192614985085409,1.0344239166143474
THA,10T12,1.0176252964567376,1.0600237239656554,1.0344239166143474
THA,13T15,1.0262340902149476,1.0214385850308485,1.0344239166143474
THA,16,1.0251089459952551,1.0364478918642108,1.0344239166143474
THA,17T18,1.0286491112009362,1.0192676741299926,1.0344239166143474
THA,19,0.9675790869730961,1.0745126664955758,1.0344239166143474
THA,20,0.985285768744656,1.032873593937128,1.0344239166143474
THA,21,1.0190201835422619,1.020852582764142,1.0344239166143474
THA,22,0.9728323520778681,1.0449014840645225,1.0344239166143474
THA,23,1.0224307480598387,1.0322527102615469,1.0344239166143474
THA,24,0.8786849763747684,1.055038048856477,1.0344239166143474
THA,25,0.9979111891136726,1.0507128041778906,1.0344239166143474
THA,26,1.0240227957882864,1.0193184555987485,1.0344239166143474
THA,27,1.0159212098681856,1.0359998162627935,1.0344239166143474
THA,28,1.0088428448263798,1.0348516272128732,1.0344239166143474
THA,29T30,1.0028208480325338,1.0312391141610646,1.0344239166143474
THA,31T33,1.001988701728223,1.0300006875813181,1.0344239166143474
THA,35,0.9187312253129304,1.0567065855395357,1.0344239166143474
THA,36T39,1.021347205242875,1.0186044247654684,1.0344239166143474
THA,41T43,1.0333230362383963,1.026567182622582,1.0344239166143474
THA,45T47,1.0155977342675642,1.005460903821223,1.0344239166143474
THA,49,0.9664628042335941,1.0455437013531699,1.0344239166143474
THA,50,1.0019358468868136,1.017747116755179,1.0344239166143474
THA,51,0.988900966191663,1.0248709960427824,1.0344239166143474
THA,52,0.9621548695945527,1.0329465141498388,1.0344239166143474
THA,53,1.0175718148565083,1.0062571195465717,1.0344239166143474
THA,55T56,1.0114824239294047,1.039338524007563,1.0344239166143474
THA,58T60,1.0073471387208928,1.0145779465369833,1.0344239166143474
THA,61,1.0234858774655915,1.0086154574905226,1.0344239166143474
THA,62T63,0.9934113805859695,1.0125146441841733,1.0344239166143474
THA,64T66,1.011413805123025,1.0039462828208014,1.0344239166143474
THA,68,1.0226328865693384,1.0052165932786221,1.0344239166143474
THA,69T75,1.0040908578379624,1.010110927876458,1.0344239166143474
THA,77T82,1.0029154393306405,1.0114255056130304,1.0344239166143474
THA,84,1.0344690713996763,1.0091468822154193,1.0344239166143474
THA,85,1.0344333297571595,1.0072250418994733,1.0344239166143474
THA,86T88,1.0292539680422697,1.016034248735492,1.0344239166143474
THA,90T93,1.0261112496708402,1.011147362918811,1.0344239166143474
THA,94T98,1.0157503150935991,1.0187760308283325,1.0344239166143474
TUN,01T02,0.9660015778792379,1.017703714425511,1.0310327662976173
TUN,03,1.0125418218525393,1.0090555437392374,1.0310327662976173
TUN,05T06,0.768870808601887,1.0621074191314184,1.0310327662976173
TUN,07T08,0.9409873356337445,1.0640100745075833,1.0310327662976173
TUN,10T12,1.0024930715562348,1.073913733728684,1.0310327662976173
TUN,13T15,0.995960479541314,1.0265768560369588,1.0310327662976173
TUN,16,1.0455828086287062,1.0276994191929663,1.0310327662976173
TUN,17T18,1.0145664635604013,1.0251190038013733,1.0310327662976173
TUN,19,0.8757783141065374,1.115129871857366,1.0310327662976173
TUN,20,0.9896822608029024,1.0291320348798,1.0310327662976173
TUN,21,1.0096353552157784,1.0176415254546654,1.0310327662976173
TUN,22,1.0172447894189585,1.025244223892487,1.0310327662976173
TUN,23,0.9946077800911765,1.0551919370755878,1.0310327662976173
TUN,24,1.0286444029757795,1.0801272197349416,1.0310327662976173
TUN,25,0.9859292628766394,1.0460980938706366,1.0310327662976173
TUN,26,1.007630224182541,1.0339170817490626,1.0310327662976173
TUN,27,1.003229499747576,1.0391899046912836,1.0310327662976173
TUN,28,1.0122192380272357,1.0344094122334502,1.0310327662976173
TUN,29T30,1.007171981444161,1.0307604559764179,1.0310327662976173
TUN,31T33,1.0124811312305737,1.0258681912466507,1.0310327662976173
TUN,35,0.6247219291373411,1.0931838551160291,1.0310327662976173
TUN,36T39,1.0190381965624837,1.0651831296808638,1.0310327662976173
TUN,41T43,1.0255078233522978,1.026202354963982,1.0310327662976173
TUN,45T47,1.0162664718382626,1.0134594037008446,1.0310327662976173
TUN,49,0.9961369626436426,1.0151015375886545,1.0310327662976173
TUN,50,1.00138878448736,1.0181297720072142,1.0310327662976173
TUN,51,0.9949909799277872,1.0231906127377504,1.0310327662976173
TUN,52,0.9985875581316084,1.0107873844001674,1.0310327662976173
TUN,53,1.0172083697361998,1.0130974525422833,1.0310327662976173
TUN,55T56,1.0231499890788,1.0231643267282502,1.0310327662976173
TUN,58T60,1.0210832311407219,1.0156116949742502,1.0310327662976173
TUN,61,1.0205873072395348,1.0119943886531713,1.0310327662976173
TUN,62T63,1.002048256184917,1.0137341812727605,1.0310327662976173
TUN,64T66,1.0108851146973774,1.0066107534704407,1.0310327662976173
TUN,68,1.0282508870881455,1.0115295776393811,1.0310327662976173
TUN,69T75,1.0127089869666206,1.0158270831961083,1.0310327662976173
TUN,77T82,1.0157936080733336,1.0150867200404672,1.0310327662976173
TUN,84,1.0309233991701898,1.0062230774081982,1.0310327662976173
TUN,85,1.026171753575629,1.0089112189184288,1.0310327662976173
TUN,86T88,1.023349313189419,1.01434390981598,1.0310327662976173
TUN,90T93,1.0111817606018856,1.0222565344497776,1.0310327662976173
TUN,94T98,1.0279960795780851,1.008849120976984,1.0310327662976173
TUR,01T02,1.028978152973557,1.0393570765374767,1.0330577396582812
TUR,03,1.0248287940695784,1.0199325701325608,1.0330577396582812
TUR,05T06,0.7767903940455717,1.0308878961944963,1.0330577396582812
TUR,07T08,0.9823801307344535,1.0201000564012288,1.0330577396582812
TUR,10T12,1.0299637930641024,1.0501748917627434,1.0330577396582812
TUR,13T15,1.006020364385941,1.023804484462138,1.0330577396582812
TUR,16,1.0157210277996942,1.0405334191340652,1.0330577396582812
TUR,17T18,1.0158367429282449,1.0250740025420175,1.0330577396582812
TUR,19,0.9873929689975905,1.047424425052563,1.0330577396582812
TUR,20,1.0160782578192484,1.0232700887465531,1.0330577396582812
TUR,21,1.0152513516537012,1.0227523346683018,1.0330577396582812
TUR,22,1.0133943469591271,1.0286598186259046,1.0330577396582812
TUR,23,1.0108883925709322,1.0420051801903754,1.0330577396582812
TUR,24,0.9506370758514282,1.0521726685009154,1.0330577396582812
TUR,25,1.0101897182328838,1.0417968563240232,1.0330577396582812
TUR,26,1.0243915087989677,1.0188847399690908,1.0330577396582812
TUR,27,1.0072013499525223,1.0394937621155242,1.0330577396582812
TUR,28,1.0079796176720421,1.036845888817565,1.0330577396582812
TUR,29T30,1.0115609608391687,1.029702777783356,1.0330577396582812
TUR,31T33,1.0161390310039442,1.0277428773166084,1.0330577396582812
TUR,35,0.73523668427756,1.2544026183191046,1.0330577396582812
TUR,36T39,0.9884419080771238,1.0362577771283548,1.0330577396582812
TUR,41T43,1.0295227533938014,1.0295156228380473,1.0330577396582812
TUR,45T47,1.0105905514374935,1.02015296277532,1.0330577396582812
TUR,49,1.0169664034192463,1.0190135516235297,1.0330577396582812
TUR,50,1.0065376065967186,1.0154869318233721,1.0330577396582812
TUR,51,0.9952067289164883,1.0178657944751728,1.0330577396582812
TUR,52,1.0092307625509735,1.015676440028355,1.0330577396582812
TUR,53,1.0155222980049106,1.0186896003850718,1.0330577396582812
TUR,55T56,1.0223189786251825,1.0286737491586941,1.0330577396582812
TUR,58T60,1.0171997159960044,1.019645346728848,1.0330577396582812
TUR,61,1.0254331328453925,1.0228198281253855,1.0330577396582812
TUR,62T63,1.014219956110463,1.0132529889653306,1.0330577396582812
TUR,64T66,1.0040009285808758,1.016431806544986,1.0330577396582812
TUR,68,1.0257135612990775,1.0262054276070107,1.0330577396582812
TUR,69T75,1.0160066306756759,1.017852201823587,1.0330577396582812
TUR,77T82,1.0190499039571546,1.016431587222903,1.0330577396582812
TUR,84,1.0297418682936406,1.022705165677575,1.0330577396582812
TUR,85,1.0312975932455866,1.0176317381513755,1.0330577396582812
TUR,86T88,1.0321222587958474,1.0224944335106179,1.0330577396582812
TUR,90T93,1.0234699409378702,1.0206297788096323,1.0330577396582812
TUR,94T98,1.0292233970520184,1.021315219593135,1.0330577396582812
TWN,01T02,1.0925461642279746,1.019970090730954,1.028337756702407
TWN,03,1.0197775090850005,1.0268346078822883,1.028337756702407
TWN,05T06,0.7952055298587718,1.0251417011518955,1.028337756702407
TWN,07T08,0.8862971065088409,1.0284612701351186,1.028337756702407
TWN,10T12,1.0526095502099968,1.0304382252398034,1.028337756702407
TWN,13T15,0.9907099617722577,1.030303729260825,1.028337756702407
TWN,16,1.0440080747069542,1.0360302008764624,1.028337756702407
TWN,17T18,1.0051511129555823,1.0326593453483506,1.028337756702407
TWN,19,0.9531114803478093,1.0571333544232406,1.028337756702407
TWN,20,0.9613235380447925,1.0478229873831153,1.028337756702407
TWN,21,1.0212024029117546,1.019773329193047,1.028337756702407
TWN,22,0.9990481336561576,1.0349383281544737,1.028337756702407
TWN,23,0.9840082542031247,1.0487901427415554,1.028337756702407
TWN,24,0.7650455258984397,1.0838244557813534,1.028337756702407
TWN,25,0.9597194327661284,1.0644208119206424,1.028337756702407
TWN,26,1.0101697094946323,1.0259630954336032,1.028337756702407
TWN,27,1.008366794071639,1.0403512490220452,1.028337756702407
TWN,28,0.986894453473995,1.0491586153763943,1.028337756702407
TWN,29T30,1.0049054036174512,1.0327223843461595,1.028337756702407
TWN,31T33,0.9765536851870166,1.03093067551064,1.028337756702407
TWN,35,0.685237989917431,1.0573203475641826,1.028337756702407
TWN,36T39,0.9430254385407257,1.0334169037630798,1.028337756702407
TWN,41T43,1.0216517956272118,1.0403586430686882,1.028337756702407
TWN,45T47,1.0091734641227275,1.0120977951947572,1.028337756702407
TWN,49,0.9913952480722766,1.0227809634083775,1.028337756702407
TWN,50,0.9824317882954656,1.0230797287827489,1.028337756702407
TWN,51,0.9790065790908948,1.0281223453428425,1.028337756702407
TWN,52,1.002220966006324,1.014539271430053,1.028337756702407
TWN,53,1.0152745095301001,1.0130257370066775,1.028337756702407
TWN,55T56,1.0240571541925327,1.021655962761743,1.028337756702407
TWN,58T60,1.0136342631989137,1.01499704605479,1.028337756702407
TWN,61,1.020383075674991,1.014340905558461,1.028337756702407
TWN,62T63,1.0118483621487546,1.010206038147722,1.028337756702407
TWN,64T66,1.0186867795746908,1.0068268671688654,1.028337756702407
TWN,68,1.0252674340716585,1.0081235814697829,1.028337756702407
TWN,69T75,1.0107088459269744,1.0131379035383485,1.028337756702407
TWN,77T82,1.0089915782601075,1.0101280019210488,1.028337756702407
TWN,84,1.02674131609835,1.010507427699172,1.028337756702407
TWN,85,1.0278842783352529,1.0115767569808205,1.028337756702407
TWN,86T88,1.0262958226346948,1.0164685614093874,1.028337756702407
TWN,90T93,1.021852986734351,1.0157564835044495,1.028337756702407
TWN,94T98,1.026408664222941,1.0136660241980475,1.028337756702407
USA,01T02,0.9530122086842786,1.043427506444328,1.0214462926314598
USA,03,1.0167325671328358,1.014763329910852,1.0214462926314598
USA,05T06,0.9236856612879342,1.0254527402957303,1.0214462926314598
USA,07T08,1.0188584868096846,1.025428286980411,1.0214462926314598
USA,10T12,1.0216953417536354,1.0481211673758435,1.0214462926314598
USA,13T15,1.0130385524315917,1.022921047751249,1.0214462926314598
USA,16,1.0353253278271641,1.0338733330971224,1.0214462926314598
USA,17T18,1.0179254671507105,1.0252642271339263,1.0214462926314598
USA,19,1.0007230717095947,1.052392271526264,1.0214462926314598
USA,20,1.0109428189142244,1.0252494333830704,1.0214462926314598
USA,21,1.0222256557869969,1.015757401446744,1.0214462926314598
USA,22,1.0234247941899648,1.0231842182548558,1.0214462926314598
USA,23,1.0232863079630639,1.0228738213180069,1.0214462926314598
USA,24,1.0750419845054886,1.0380658991934062,1.0214462926314598
USA,25,1.0330286377984006,1.0281604228023535,1.0214462926314598
USA,26,1.025727879863691,1.0149705127719582,1.0214462926314598
USA,27,1.0384477625926611,1.0228014799176897,1.0214462926314598
USA,28,1.0218918955478742,1.0224232553628614,1.0214462926314598
USA,29T30,1.023482947003922,1.0212844996792283,1.0214462926314598
USA,31T33,1.02808522031619,1.0191776462146083,1.0214462926314598
USA,35,0.7824653185856703,1.0290956556030617,1.0214462926314598
USA,36T39,1.0115996184587337,1.0167046022049577,1.0214462926314598
USA,41T43,1.0195914773039119,1.0188344642395797,1.0214462926314598
USA,45T47,1.014125986433782,1.018332722414134,1.0214462926314598
USA,49,1.009625082614573,1.0178492880623569,1.0214462926314598
USA,50,1.0114474214681368,1.0184391652169262,1.0214462926314598
USA,51,1.0112368638853546,1.0176783569236336,1.0214462926314598
USA,52,1.0046255826548682,1.02521640380441,1.0214462926314598
USA,53,1.012618812805778,1.0184918155587652,1.0214462926314598
USA,55T56,1.0197735198049538,1.0216825218843355,1.0214462926314598
USA,58T60,1.0174800057979514,1.0147559024584196,1.0214462926314598
USA,61,1.0176135108407334,1.0155419162424923,1.0214462926314598
USA,62T63,1.013025669033495,1.0143796834223133,1.0214462926314598
USA,64T66,1.0148712221354013,1.014388037411284,1.0214462926314598
USA,68,1.019076836235148,1.0200551109669886,1.0214462926314598
USA,69T75,1.01400441822985,1.015458333570646,1.0214462926314598
USA,77T82,1.013231433952276,1.015386310642734,1.0214462926314598
USA,84,1.0195732874099541,1.0175930173422638,1.0214462926314598
USA,85,1.0204192343276592,1.017166406453254,1.0214462926314598
USA,86T88,1.0213135538234468,1.015756541821569,1.0214462926314598
USA,90T93,1.0196549462522877,1.0172145983822414,1.0214462926314598
USA,94T98,1.02036828236508,1.0161187571342414,1.0214462926314598
VNM,01T02,0.9470300701706994,1.0437586899523834,1.0332150785809964
VNM,03,1.0051126783586393,1.0327115989677855,1.0332150785809964
VNM,05T06,0.9171513228106862,1.0210928436300244,1.0332150785809964
VNM,07T08,0.8912591075860622,1.0596065970680453,1.0332150785809964
VNM,10T12,0.9921466051207426,1.072238036968157,1.0332150785809964
VNM,13T15,1.0238018603393149,1.0221564435451762,1.0332150785809964
VNM,16,0.9085109586055282,1.0914978893464469,1.0332150785809964
VNM,17T18,0.9882603236050413,1.0338813587306557,1.0332150785809964
VNM,19,0.9925644520301049,1.0433741891330925,1.0332150785809964
VNM,20,0.9625341267760011,1.0394115159658013,1.0332150785809964
VNM,21,1.025162932794154,1.0149708194877745,1.0332150785809964
VNM,22,0.9654604967549348,1.0449451227544815,1.0332150785809964
VNM,23,0.9913561931060342,1.0576200710456334,1.0332150785809964
VNM,24,0.8207790251033454,1.0941595737532572,1.0332150785809964
VNM,25,0.8938454907980901,1.0782986389913671,1.0332150785809964
VNM,26,1.0163785644916188,1.0201637637309013,1.0332150785809964
VNM,27,0.9803362156010837,1.0489975437926282,1.0332150785809964
VNM,28,1.0118070511092128,1.0301914413627387,1.0332150785809964
VNM,29T30,1.0186133239998698,1.029500828418952,1.0332150785809964
VNM,31T33,0.9389938479125949,1.0448165272935523,1.0332150785809964
VNM,35,0.5398407274578612,1.0458849075133683,1.0332150785809964
VNM,36T39,1.0079144977316543,1.0281063324333655,1.0332150785809964
VNM,41T43,1.0291241061469978,1.0349554823140323,1.0332150785809964
VNM,45T47,0.9949994456215394,1.0142319051046815,1.0332150785809964
VNM,49,0.9859590426415054,1.0206456222222562,1.0332150785809964
VNM,50,0.9816060719792749,1.023075653354086,1.0332150785809964
VNM,51,0.9859406981265519,1.024449147643156,1.0332150785809964
VNM,52,0.9998080645262454,1.006611664544011,1.0332150785809964
VNM,53,1.0032442851243908,1.0129921990234911,1.0332150785809964
VNM,55T56,1.0131436481804634,1.0386535043857466,1.0332150785809964
VNM,58T60,1.0129922971670005,1.0150108613683613,1.0332150785809964
VNM,61,1.0216865747002009,1.016798343807835,1.0332150785809964
VNM,62T63,1.0351281366215028,0.9968046556831103,1.0332150785809964
VNM,64T66,1.0069921262986323,0.9985632263396191,1.0332150785809964
VNM,68,1.0253003600107795,1.0053669960799987,1.0332150785809964
VNM,69T75,1.0073655767984322,1.005560054597785,1.0332150785809964
VNM,77T82,1.013120073501495,1.0058682925983928,1.0332150785809964
VNM,84,1.030259051938186,1.0084539496501956,1.0332150785809964
VNM,85,1.0304836801783335,1.0009987782941914,1.0332150785809964
VNM,86T88,1.0318269284230026,1.0060318372922537,1.0332150785809964
VNM,90T93,1.033332604211093,1.001854505173013,1.0332150785809964
VNM,94T98,1.0280280762770522,1.017137931444593,1.0332150785809964
ZAF,01T02,0.8848960944962826,1.0102534525839917,0.9852559208292629
ZAF,03,1.0091754170382758,0.9727006521229716,0.9852559208292629
ZAF,05T06,0.8493034601717292,0.9956531603512007,0.9852559208292629
ZAF,07T08,0.8693979709636195,1.0260741620700955,0.9852559208292629
ZAF,10T12,1.015862727490006,1.0261770539895616,0.9852559208292629
ZAF,13T15,1.0239544020806992,1.0061380904570805,0.9852559208292629
ZAF,16,1.0181955647449863,1.0165643845000267,0.9852559208292629
ZAF,17T18,1.0140868769583566,0.9955281332072307,0.9852559208292629
ZAF,19,0.9398090157796191,1.019693168770383,0.9852559208292629
ZAF,20,0.9335724913175512,1.0319988806456435,0.9852559208292629
ZAF,21,0.9859195100782112,1.0076351193016526,0.9852559208292629
ZAF,22,0.9963408889470591,1.0058709616595312,0.9852559208292629
ZAF,23,0.9816829855324648,1.0149499458353146,0.9852559208292629
ZAF,24,0.23174184301076717,1.1078680456888699,0.9852559208292629
ZAF,25,0.843160410409026,1.1108405426725578,0.9852559208292629
ZAF,26,1.0113293183804282,1.0013820143605394,0.9852559208292629
ZAF,27,0.9022441670721906,1.0572172543374843,0.9852559208292629
ZAF,28,0.9663546976305112,1.0343517002407832,0.9852559208292629
ZAF,29T30,0.963427777030965,1.0402277829683073,0.9852559208292629
ZAF,31T33,1.004436858841592,1.0162443163628396,0.9852559208292629
ZAF,35,0.44798625700945,1.0496926780532216,0.9852559208292629
ZAF,36T39,0.9679691744449622,0.97230256022907,0.9852559208292629
ZAF,41T43,0.9814045134755823,0.9960870456236628,0.9852559208292629
ZAF,45T47,0.9777332786256963,0.9680465501876818,0.9852559208292629
ZAF,49,0.9719351972691622,0.9756996660795167,0.9852559208292629
ZAF,50,1.028034556194831,0.9704494576013051,0.9852559208292629
ZAF,51,1.013847003668176,0.9799385656413789,0.9852559208292629
ZAF,52,0.9249616489664884,0.9799762769780334,0.9852559208292629
ZAF,53,0.9785673643130846,0.9719206601862382,0.9852559208292629
ZAF,55T56,1.0099995557273154,0.976715014589176,0.9852559208292629
ZAF,58T60,0.9969021903724455,0.9761183513299876,0.9852559208292629
ZAF,61,0.9932222724991563,0.9781538773995533,0.9852559208292629
ZAF,62T63,0.9672304543952824,0.9765379145097607,0.9852559208292629
ZAF,64T66,0.9815801300792185,0.9577438180576425,0.9852559208292629
ZAF,68,0.9838130085671803,0.9706464343987414,0.9852559208292629
ZAF,69T75,0.9767509100841176,0.9744063805433344,0.9852559208292629
ZAF,77T82,0.9704364857851602,0.9767888148864632,0.9852559208292629
ZAF,84,0.985281087141464,0.9648692517761268,0.9852559208292629
ZAF,85,0.9828161143028349,0.9593112349015547,0.9852559208292629
ZAF,86T88,0.9816596472772929,0.9678958654956211,0.9852559208292629
ZAF,90T93,0.9516993514971523,0.9734551009348692,0.9852559208292629
ZAF,94T98,0.9809455152598395,0.9534050775576752,0.9852559208292629
