country,sector,output_hat,price_hat,spending_hat
ARG,01T02,0.9571299244980358,1.005776279755406,1.0022213589409852
ARG,03,1.0001684324865021,0.9984851842428234,1.0022213589409852
ARG,05T06,0.9800374276592615,1.0005182475732524,1.0022213589409852
ARG,07T08,1.001154677775568,0.9987732789463362,1.0022213589409852
ARG,10T12,0.9984378705826542,1.0119310097325764,1.0022213589409852
ARG,13T15,0.9986034445451174,1.002262297953795,1.0022213589409852
ARG,16,1.0023055669955052,1.0009288429040908,1.0022213589409852
ARG,17T18,1.0031931870109112,0.999876302522522,1.0022213589409852
ARG,19,0.9926861671997967,1.006993108906408,1.0022213589409852
ARG,20,1.0002110101282107,1.0015143714481805,1.0022213589409852
ARG,21,1.0039992203786463,0.9995554192156081,1.0022213589409852
ARG,22,0.996796859761941,1.001369026197513,1.0022213589409852
ARG,23,0.9906634639494768,1.000791556018039,1.0022213589409852
ARG,24,0.9995458959933421,1.0020978390940576,1.0022213589409852
ARG,25,1.0065213205796675,1.0009999041737456,1.0022213589409852
ARG,26,1.0045119669554585,1.001197809219614,1.0022213589409852
ARG,27,1.0056634640555349,1.001393822510347,1.0022213589409852
ARG,28,1.0042023853304827,1.000522070920129,1.0022213589409852
ARG,29T30,0.9995703374348911,1.0011133931690328,1.0022213589409852
ARG,31T33,1.0035554226508818,0.9996812850958541,1.0022213589409852
ARG,35,0.9862218107688119,1.0040905099615882,1.0022213589409852
ARG,36T39,1.0008702613857923,0.9990766816619957,1.0022213589409852
ARG,41T43,1.0015686885627668,0.9999684109990906,1.0022213589409852
ARG,45T47,1.0003786257168459,0.9980250076916367,1.0022213589409852
ARG,49,0.9965146164110753,0.9992793653237849,1.0022213589409852
ARG,50,0.9921219679678378,0.9994955098426855,1.0022213589409852
ARG,51,0.9929403718003806,1.0020488720580587,1.0022213589409852
ARG,52,0.9985934633423371,0.9999660157755501,1.0022213589409852
ARG,53,1.0037243753206013,0.998747919232137,1.0022213589409852
ARG,55T56,1.0025968985204023,1.0013790113471173,1.0022213589409852
ARG,58T60,1.0038629827221293,0.9986903658722107,1.0022213589409852
ARG,61,1.002929551928552,0.9984549063128236,1.0022213589409852
ARG,62T63,1.0047143393506415,0.9984838578059346,1.0022213589409852
ARG,64T66,1.001638017777073,0.9979543191030102,1.0022213589409852
ARG,68,1.0026176163536031,0.9974274380442343,1.0022213589409852
ARG,69T75,1.0026899425902573,0.9982624829870556,1.0022213589409852
ARG,77T82,1.0010119961533723,0.997923316500967,1.0022213589409852
ARG,84,1.0021243261300044,0.9982625797594594,1.0022213589409852
ARG,85,1.0022833460745508,0.9978747423023262,1.0022213589409852
ARG,86T88,1.0022076958913564,0.9980322524996071,1.0022213589409852
ARG,90T93,1.0029822198117548,0.9987112808924613,1.0022213589409852
ARG,94T98,1.002117685279733,0.9983771882238195,1.0022213589409852
AUS,01T02,0.9696352018164857,1.0049169417890829,1.0018483903611273
AUS,03,0.9967812596966021,1.0051442899120768,1.0018483903611273
AUS,05T06,0.9836934155404111,1.0008193792456075,1.0018483903611273
AUS,07T08,1.0062625923145734,1.001445200158907,1.0018483903611273
AUS,10T12,0.9988037490008113,1.0093453354151254,1.0018483903611273
AUS,13T15,0.9928958536809896,1.0060424431343424,1.0018483903611273
AUS,16,1.002713934334677,1.0050164172768574,1.0018483903611273
AUS,17T18,1.002323060605144,1.0025208495775337,1.0018483903611273
AUS,19,0.9777788352716713,1.0032756005123222,1.0018483903611273
AUS,20,0.9899573004507751,1.0037479880684883,1.0018483903611273
AUS,21,1.000699675758725,1.0025623166138196,1.0018483903611273
AUS,22,1.0079792577233062,1.003638469024419,1.0018483903611273
AUS,23,1.0003365154951203,1.0027397312250101,1.0018483903611273
AUS,24,1.0205663556532056,1.0041612369130068,1.0018483903611273
AUS,25,1.0046767901992566,1.0035708386693734,1.0018483903611273
AUS,26,1.0048587951936918,1.0012360170482508,1.0018483903611273
AUS,27,1.0074721826025361,1.0022568381225125,1.0018483903611273
AUS,28,1.0042204022451204,1.0021078571944313,1.0018483903611273
AUS,29T30,1.0046810982162349,1.0025694826476985,1.0018483903611273
AUS,31T33,1.0033989639929544,1.001781343401791,1.0018483903611273
AUS,35,0.9668344027287665,1.0102996135039317,1.0018483903611273
AUS,36T39,0.999065536232179,1.0007543228654578,1.0018483903611273
AUS,41T43,1.0007639901476482,1.0019147037559344,1.0018483903611273
AUS,45T47,1.0004291845374647,1.0010297539703872,1.0018483903611273
AUS,49,0.9962533571723775,1.001621640560868,1.0018483903611273
AUS,50,0.997030926535142,1.0014094705533818,1.0018483903611273
AUS,51,0.9957388282698304,1.0018831580703524,1.0018483903611273
AUS,52,0.9995958427893736,1.0004756037286096,1.0018483903611273
AUS,53,0.9994212917586915,1.001458859570207,1.0018483903611273
AUS,55T56,1.0023762341516858,1.0020849796614661,1.0018483903611273
AUS,58T60,1.003021446053459,1.000518900463368,1.0018483903611273
AUS,61,1.001529070052929,1.0005749273860591,1.0018483903611273
AUS,62T63,1.0011551922681756,0.9998524585568244,1.0018483903611273
AUS,64T66,0.9995870192557287,0.9994312608182738,1.0018483903611273
AUS,68,1.0015829764086694,0.9994581278770844,1.0018483903611273
AUS,69T75,1.0001205424314268,1.0000223783139053,1.0018483903611273
AUS,77T82,1.0001349458242792,1.000285082456013,1.0018483903611273
AUS,84,1.0015681642247605,1.0007412678086267,1.0018483903611273
AUS,85,1.002361768639846,0.9998462745740017,1.0018483903611273
AUS,86T88,1.0018524433166618,0.9999639079056356,1.0018483903611273
AUS,90T93,1.0020610496455953,1.0000632121063564,1.0018483903611273
AUS,94T98,1.0016373222913229,0.9999585595633229,1.0018483903611273
AUT,01T02,1.0036300856021259,1.0057950637605253,1.0052673527300886
AUT,03,1.0043672200544236,1.0047623662682117,1.0052673527300886
AUT,05T06,0.9762531085621531,1.0049153702158338,1.0052673527300886
AUT,07T08,0.9989594227890423,1.005346879274784,1.0052673527300886
AUT,10T12,1.0063283817980828,1.0057906424554413,1.0052673527300886
AUT,13T15,1.001938443226425,1.004377149163931,1.0052673527300886
AUT,16,1.003736755196232,1.005902231484292,1.0052673527300886
AUT,17T18,0.997892034595393,1.005306092572207,1.0052673527300886
AUT,19,1.0011463445394804,1.0066656936171143,1.0052673527300886
AUT,20,1.003540339700056,1.0058241965120402,1.0052673527300886
AUT,21,1.0020273464303828,1.0043804779990277,1.0052673527300886
AUT,22,1.0076670373526377,1.0050363182447182,1.0052673527300886
AUT,23,1.0043379302414828,1.0053357558621807,1.0052673527300886
AUT,24,1.0057991197895177,1.0066517063799185,1.0052673527300886
AUT,25,1.0041424320241685,1.0053997230329945,1.0052673527300886
AUT,26,1.0036743237087127,1.0042923204398635,1.0052673527300886
AUT,27,1.0047267699662656,1.0047832066370697,1.0052673527300886
AUT,28,1.0036629425640917,1.0046117534426395,1.0052673527300886
AUT,29T30,1.0033713974293124,1.0046355713753,1.0052673527300886
AUT,31T33,1.004957309600053,1.005021568845854,1.0052673527300886
AUT,35,1.0046302261681748,1.0069720337379073,1.0052673527300886
AUT,36T39,1.0038773208088942,1.0043065037579328,1.0052673527300886
AUT,41T43,1.0045246813148416,1.0047458829784204,1.0052673527300886
AUT,45T47,1.002616179208531,1.004012587130905,1.0052673527300886
AUT,49,1.0004899492707213,1.0042765971448815,1.0052673527300886
AUT,50,1.0065294710073536,1.004534717998282,1.0052673527300886
AUT,51,1.000167374266317,1.0042979074748384,1.0052673527300886
AUT,52,1.0020593844482826,1.0039909931009945,1.0052673527300886
AUT,53,1.002629318759688,1.0038473728934156,1.0052673527300886
AUT,55T56,1.0046432999060388,1.0042310172332152,1.0052673527300886
AUT,58T60,1.0014555205194424,1.0040906925472846,1.0052673527300886
AUT,61,1.0022741620256472,1.0038352193637532,1.0052673527300886
AUT,62T63,1.0006176116146712,1.0035777482372015,1.0052673527300886
AUT,64T66,1.0022169847032922,1.0037363870268403,1.0052673527300886
AUT,68,1.004619482495039,1.0039514704398593,1.0052673527300886
AUT,69T75,1.0020153919360821,1.003877954417041,1.0052673527300886
AUT,77T82,1.0033016431504147,1.00394944552535,1.0052673527300886
AUT,84,1.0050983122295616,1.0039681692242917,1.0052673527300886
AUT,85,1.0050530920912661,1.0039074888511967,1.0052673527300886
AUT,86T88,1.0051720456776654,1.0040577513336193,1.0052673527300886
AUT,90T93,1.0045595868755954,1.0040014109552453,1.0052673527300886
AUT,94T98,1.0047973349097457,1.0039919237414017,1.0052673527300886
BEL,01T02,1.000711672044098,1.0059441606981363,1.004626427406231
BEL,03,1.003913594026746,1.0041784932781086,1.004626427406231
BEL,05T06,0.1918112403316446,1.0519815083202286,1.004626427406231
BEL,07T08,0.9962308595631604,1.0049306080891345,1.004626427406231
BEL,10T12,1.0038530086157955,1.006424273103786,1.004626427406231
BEL,13T15,1.000533523009779,1.0043628056295641,1.004626427406231
BEL,16,1.005931239109291,1.0052206464798639,1.004626427406231
BEL,17T18,1.002447925403765,1.0047430904229073,1.004626427406231
BEL,19,1.0003178434592623,1.006128203754649,1.004626427406231
BEL,20,0.9998868442898975,1.00508795493574,1.004626427406231
BEL,21,1.0024296182785437,1.0036851172539802,1.004626427406231
BEL,22,1.0066301166857752,1.0055271451685979,1.004626427406231
BEL,23,1.0009308737443265,1.0045362354298302,1.004626427406231
BEL,24,1.0188368256866254,1.0064653519561124,1.004626427406231
BEL,25,1.0049858350609202,1.0051130189766424,1.004626427406231
BEL,26,1.0037456252313113,1.0040514905966056,1.004626427406231
BEL,27,1.0043355047866465,1.004929888294109,1.004626427406231
BEL,28,1.0036810922439519,1.0045072426167576,1.004626427406231
BEL,29T30,1.0042005318776541,1.0042544914184706,1.004626427406231
BEL,31T33,1.0083483500016315,1.0038755957637362,1.004626427406231
BEL,35,0.9989403747467732,1.0051807755785023,1.004626427406231
BEL,36T39,1.0071152620373613,1.004141683763256,1.004626427406231
BEL,41T43,1.004122962723002,1.004423957419068,1.004626427406231
BEL,45T47,1.0025659090536867,1.003553978981759,1.004626427406231
BEL,49,1.002503213858018,1.0039110709442618,1.004626427406231
BEL,50,0.9627578258527809,1.0054424457078628,1.004626427406231
BEL,51,1.0013587442005751,1.0049433617606984,1.004626427406231
BEL,52,1.000129810240286,1.00398317622969,1.004626427406231
BEL,53,1.00143173174884,1.0039987206719987,1.004626427406231
BEL,55T56,1.0037603107742588,1.0042596932321115,1.004626427406231
BEL,58T60,1.001262626734943,1.0034267443475213,1.004626427406231
BEL,61,1.001709362015837,1.0031892065058041,1.004626427406231
BEL,62T63,1.0013726939621928,1.0033245790963454,1.004626427406231
BEL,64T66,1.0016278855737215,1.0027944718200463,1.004626427406231
BEL,68,1.0040781479427097,1.0032317452259847,1.004626427406231
BEL,69T75,1.0019957444818288,1.0033109008672927,1.004626427406231
BEL,77T82,1.0021879907855415,1.0036950622810175,1.004626427406231
BEL,84,1.0045389804778102,1.003292064272183,1.004626427406231
BEL,85,1.0044855971481692,1.0032077525742435,1.004626427406231
BEL,86T88,1.004582589115689,1.0035406409432122,1.004626427406231
BEL,90T93,1.003856552034052,1.00360664167255,1.004626427406231
BEL,94T98,1.0040691567402211,1.0035351299325013,1.004626427406231
BGR,01T02,0.9738827740964364,1.004936443449059,1.00584820396134
BGR,03,1.0024595331162345,1.0059047875793856,1.00584820396134
BGR,05T06,0.9842830303972671,1.0076345441065788,1.00584820396134
BGR,07T08,0.9967450615638263,1.0044622541540165,1.00584820396134
BGR,10T12,1.0040544063311794,1.0063904212157453,1.00584820396134
BGR,13T15,1.0066399359466187,1.002999345335731,1.00584820396134
BGR,16,0.9978842399932061,1.0071987252412773,1.00584820396134
BGR,17T18,1.000624538040153,1.0045035601703012,1.00584820396134
BGR,19,0.9929749728491427,1.0045916663774002,1.00584820396134
BGR,20,0.9491709480778694,1.006927232262992,1.00584820396134
BGR,21,0.9685404387912414,1.0062199207761988,1.00584820396134
BGR,22,1.0103929218511154,1.004699346195131,1.00584820396134
BGR,23,0.9715080509038847,1.0065014013504452,1.00584820396134
BGR,24,1.0235108897858665,1.0075559302640484,1.00584820396134
BGR,25,1.005986636757525,1.0043669471834626,1.00584820396134
BGR,26,1.0049313684506511,1.0033846262247204,1.00584820396134
BGR,27,1.0050342690814857,1.0045381291850635,1.00584820396134
BGR,28,1.0039759536216752,1.0042395822799628,1.00584820396134
BGR,29T30,1.0054605182481424,1.0036541655081128,1.00584820396134
BGR,31T33,1.0101385343321896,1.0029331171202025,1.00584820396134
BGR,35,0.9500042718425145,1.003501415444292,1.00584820396134
BGR,36T39,1.0027065284282732,1.0058908163762303,1.00584820396134
BGR,41T43,1.0039855898364032,1.0045197169746014,1.00584820396134
BGR,45T47,1.0015112641570771,1.0021315488740992,1.00584820396134
BGR,49,0.9932197607702621,1.0032168907267158,1.00584820396134
BGR,50,0.9889916467395302,1.0037814562888918,1.00584820396134
BGR,51,1.0105115359706853,1.0036001691381273,1.00584820396134
BGR,52,0.9994996798109956,1.0030832003477839,1.00584820396134
BGR,53,1.0030479467605924,1.0015859008676538,1.00584820396134
BGR,55T56,1.0041124784194408,1.0029478759124828,1.00584820396134
BGR,58T60,1.0062733321495771,1.0009141828927892,1.00584820396134
BGR,61,1.0044445959702017,1.002033563682234,1.00584820396134
BGR,62T63,1.004093180190748,1.000815862816876,1.00584820396134
BGR,64T66,1.002452451147104,1.0005624085181233,1.00584820396134
BGR,68,1.0049365171546807,1.00130645748263,1.00584820396134
BGR,69T75,1.003926195586424,1.0010455846936739,1.00584820396134
BGR,77T82,1.003356239935267,1.0016384797826778,1.00584820396134
BGR,84,1.0055951561600893,1.0013808025084645,1.00584820396134
BGR,85,1.0056372013395043,1.0001635779289644,1.00584820396134
BGR,86T88,1.0053427410673978,1.0017108417240745,1.00584820396134
BGR,90T93,1.004879002767548,1.0014666494251097,1.00584820396134
BGR,94T98,1.0042218528606266,1.002264479145701,1.00584820396134
BRA,01T02,0.8849254739819924,0.9980477046103287,0.9959837737227369
BRA,03,0.9960007697400156,0.9918625004732332,0.9959837737227369
BRA,05T06,0.9824362316111804,0.9949561322663752,0.9959837737227369
BRA,07T08,1.0086781135837015,0.9937991747299937,0.9959837737227369
BRA,10T12,0.9897243224759279,1.0131849743844772,0.9959837737227369
BRA,13T15,1.0031736914994838,0.9964444796248162,0.9959837737227369
BRA,16,1.0035977440091355,0.9997417737056931,0.9959837737227369
BRA,17T18,1.0031049676134052,0.9980763905987774,0.9959837737227369
BRA,19,0.9858475497884632,1.0015710846178512,0.9959837737227369
BRA,20,0.9765818218589221,1.0023278134800702,0.9959837737227369
BRA,21,1.0003575404878255,0.993619709965457,0.9959837737227369
BRA,22,1.0014088726388606,0.9981542191768986,0.9959837737227369
BRA,23,0.973169025950373,0.996490595500102,0.9959837737227369
BRA,24,0.9998878889708164,0.9982405842787656,0.9959837737227369
BRA,25,1.0013474967136342,0.9974491690106789,0.9959837737227369
BRA,26,1.0026735435696033,0.9954079943156253,0.9959837737227369
BRA,27,1.0038782522384215,0.9969093812488851,0.9959837737227369
BRA,28,1.0053571117163016,0.995678632916142,0.9959837737227369
BRA,29T30,1.0077828974203276,0.9962307567605618,0.9959837737227369
BRA,31T33,1.0021070729240171,0.9951062804018563,0.9959837737227369
BRA,35,0.9869462653572504,0.9946463340993215,0.9959837737227369
BRA,36T39,0.996226399019319,0.9927098438200553,0.9959837737227369
BRA,41T43,0.9958839110033425,0.9955848580055944,0.9959837737227369
BRA,45T47,0.9970448502521743,0.9925528325048881,0.9959837737227369
BRA,49,0.9910566886911328,0.9947457063968137,0.9959837737227369
BRA,50,0.9942716623937647,0.9950364808196025,0.9959837737227369
BRA,51,0.9956153207222808,0.9958860095457712,0.9959837737227369
BRA,52,1.00026101852027,0.9926166760408217,0.9959837737227369
BRA,53,0.9969341952004294,0.9923722096559557,0.9959837737227369
BRA,55T56,0.9977539458732979,0.9969239551206123,0.9959837737227369
BRA,58T60,1.0070993200480105,0.9944312385742236,0.9959837737227369
BRA,61,0.997676163491132,0.9921880900064882,0.9959837737227369
BRA,62T63,1.0042460547173928,0.9918206824899863,0.9959837737227369
BRA,64T66,0.9955140026280007,0.9915125250561357,0.9959837737227369
BRA,68,0.9967730881733536,0.9910188919602734,0.9959837737227369
BRA,69T75,1.0013994274297455,0.9920004587953057,0.9959837737227369
BRA,77T82,0.9989592636111926,0.9921912513308023,0.9959837737227369
BRA,84,0.9961204710607572,0.9916810948704564,0.9959837737227369
BRA,85,0.9961603735650062,0.9915224088517536,0.9959837737227369
BRA,86T88,0.9961170939547859,0.9923355048103705,0.9959837737227369
BRA,90T93,0.999387555410924,0.992372040199471,0.9959837737227369
BRA,94T98,0.9961722197517313,0.9935804519742492,0.9959837737227369
BRN,01T02,0.9654792449942162,0.9993315927228994,0.9969717311212349
BRN,03,1.0042274214795301,0.9968790235762045,0.9969717311212349
BRN,05T06,0.9874333692846722,0.9949781893205473,0.9969717311212349
BRN,07T08,1.0147569757028438,0.9930305999270573,0.9969717311212349
BRN,10T12,1.0127541441507515,1.0024583316575,0.9969717311212349
BRN,13T15,1.0046874525611185,1.0019235287145727,0.9969717311212349
BRN,16,1.016107903498917,0.9994724731988415,0.9969717311212349
BRN,17T18,0.9991068895485874,1.0002297080962543,0.9969717311212349
BRN,19,0.9912771511355088,0.9976662226011017,0.9969717311212349
BRN,20,1.0267262655818767,0.9989983903523999,0.9969717311212349
BRN,21,1.0086825235255286,1.0002463853320938,0.9969717311212349
BRN,22,0.8781560786208115,1.0034295729857274,0.9969717311212349
BRN,23,0.9956287756855046,1.000039629097234,0.9969717311212349
BRN,24,1.0923949158136743,0.9959308917342962,0.9969717311212349
BRN,25,0.9938420571888903,1.0045475506111063,0.9969717311212349
BRN,26,1.0019381807369065,0.999992908407941,0.9969717311212349
BRN,27,1.0090441296193011,0.9996520393061499,0.9969717311212349
BRN,28,1.003816187890213,0.9998787111803802,0.9969717311212349
BRN,29T30,1.0038781621860893,0.9988520081824052,0.9969717311212349
BRN,31T33,0.8451970598399081,1.0028081339460901,0.9969717311212349
BRN,35,0.9061616497688612,0.9979492714050504,0.9969717311212349
BRN,36T39,0.995888830401703,0.9959620626709121,0.9969717311212349
BRN,41T43,0.9959291088667944,1.0009963394736046,0.9969717311212349
BRN,45T47,0.9977920446941474,0.9976714721012068,0.9969717311212349
BRN,49,0.9959229855672076,0.9973458437622399,0.9969717311212349
BRN,50,0.975371277436806,0.997153702594032,0.9969717311212349
BRN,51,0.9929119858910862,0.9955072125024655,0.9969717311212349
BRN,52,1.0074066856325004,0.9970714721792903,0.9969717311212349
BRN,53,1.002409239585464,0.9994447232158536,0.9969717311212349
BRN,55T56,1.0007574102981114,1.0016239286502018,0.9969717311212349
BRN,58T60,1.0091033869491446,0.995859609606031,0.9969717311212349
BRN,61,0.9950374360455023,0.9980726400247706,0.9969717311212349
BRN,62T63,1.004723916642547,0.9976465012763257,0.9969717311212349
BRN,64T66,0.9977813602941061,0.9944867565563859,0.9969717311212349
BRN,68,1.0008562452204206,0.9936097136991799,0.9969717311212349
BRN,69T75,0.9991253143825725,0.9970473251864674,0.9969717311212349
BRN,77T82,0.9968511316717065,0.9993393169252234,0.9969717311212349
BRN,84,0.9969051528617756,0.9975102257414912,0.9969717311212349
BRN,85,0.9970842626809081,0.9966459454377289,0.9969717311212349
BRN,86T88,0.9966609732258496,0.9982508182592958,0.9969717311212349
BRN,90T93,0.9953408411443452,1.0055802177958841,0.9969717311212349
BRN,94T98,1.0037908419224542,0.9957932960322571,0.9969717311212349
CAN,01T02,0.9601505286382132,1.0065475467083138,1.0020790805343764
CAN,03,0.9988384159085599,1.0025697934317948,1.0020790805343764
CAN,05T06,0.9809175545825889,1.0019873464114406,1.0020790805343764
CAN,07T08,1.0034535110991658,1.0019394482882222,1.0020790805343764
CAN,10T12,0.9987831435980613,1.0083928249717962,1.0020790805343764
CAN,13T15,1.0087761973710234,1.0020373864264773,1.0020790805343764
CAN,16,0.9907335608602739,1.009786755088038,1.0020790805343764
CAN,17T18,0.9990902491553458,1.004214102204244,1.0020790805343764
CAN,19,0.9814933608752086,1.006922304874032,1.0020790805343764
CAN,20,0.9913778683094151,1.0040757372043896,1.0020790805343764
CAN,21,1.0030828541792218,1.002110453471707,1.0020790805343764
CAN,22,1.0022150433760406,1.0035554200698764,1.0020790805343764
CAN,23,0.9981348619816061,1.0040344857612178,1.0020790805343764
CAN,24,1.0124620240340327,1.0052177779743061,1.0020790805343764
CAN,25,1.0088049199318683,1.0032386251442458,1.0020790805343764
CAN,26,1.0053841795657639,1.0016608886627991,1.0020790805343764
CAN,27,1.0065625378285488,1.003282707808722,1.0020790805343764
CAN,28,1.0045689097949608,1.0024929150666388,1.0020790805343764
CAN,29T30,1.0054026156919593,1.0028150314270212,1.0020790805343764
CAN,31T33,1.0044326196298976,1.002316768526416,1.0020790805343764
CAN,35,0.9919455473770648,1.0007762983683353,1.0020790805343764
CAN,36T39,1.0002123548347177,1.0009986406462221,1.0020790805343764
CAN,41T43,1.0010469043040024,1.0026611513999995,1.0020790805343764
CAN,45T47,1.0024888663549256,1.0005886786448666,1.0020790805343764
CAN,49,0.9927519921111182,1.0019809002950735,1.0020790805343764
CAN,50,0.981324940118626,1.004542347048814,1.0020790805343764
CAN,51,0.9779812669400062,1.0024277437837215,1.0020790805343764
CAN,52,0.9976923462884136,1.0016804845711138,1.0020790805343764
CAN,53,1.001793686399262,1.0017099343101572,1.0020790805343764
CAN,55T56,1.0023902277105174,1.002497524235616,1.0020790805343764
CAN,58T60,1.0039662206760818,1.0010476003706872,1.0020790805343764
CAN,61,1.001825666786013,1.000597867125996,1.0020790805343764
CAN,62T63,1.0024071411702715,1.0004610848274003,1.0020790805343764
CAN,64T66,1.0011992421796043,1.0004261357513013,1.0020790805343764
CAN,68,1.0020968145533917,1.0001783941017899,1.0020790805343764
CAN,69T75,1.0008810457071444,1.0006529229282237,1.0020790805343764
CAN,77T82,1.000595757911968,1.0008225215761366,1.0020790805343764
CAN,84,1.0020167473188706,1.0007738265709551,1.0020790805343764
CAN,85,1.0023849233368014,1.0004431901147386,1.0020790805343764
CAN,86T88,1.0020754452484317,1.0005947892540805,1.0020790805343764
CAN,90T93,1.00245724737221,1.0011750352272772,1.0020790805343764
CAN,94T98,1.001755746119941,1.0010376834550276,1.0020790805343764
CHE,01T02,1.0118333025958761,1.005751044781206,1.0056098986268418
CHE,03,1.0025672291798473,1.0034076194842247,1.0056098986268418
CHE,05T06,0.9968854944256413,1.0048834457571065,1.0056098986268418
CHE,07T08,1.0074344310077645,1.0048313892303988,1.0056098986268418
CHE,10T12,1.005992510634082,1.00596908675834,1.0056098986268418
CHE,13T15,1.0025229389533965,1.0043037049307415,1.0056098986268418
CHE,16,1.007924804596949,1.004807515051955,1.0056098986268418
CHE,17T18,1.0033555355818011,1.0046549381499514,1.0056098986268418
CHE,19,1.0040203379826296,1.0057069263852711,1.0056098986268418
CHE,20,1.008188668088107,1.005001938930035,1.0056098986268418
CHE,21,1.003197866090123,1.0043848058248916,1.0056098986268418
CHE,22,1.0080796353113328,1.004956205652613,1.0056098986268418
CHE,23,1.0052585851835756,1.0055261105680058,1.0056098986268418
CHE,24,1.0344259225856884,1.005984715423516,1.0056098986268418
CHE,25,1.0065037065968863,1.0047900147738507,1.0056098986268418
CHE,26,1.0032479467990119,1.004487500524093,1.0056098986268418
CHE,27,1.0045363153843283,1.0049462321489804,1.0056098986268418
CHE,28,1.0036298227480802,1.0046071331890754,1.0056098986268418
CHE,29T30,1.00304261612581,1.0044788035499235,1.0056098986268418
CHE,31T33,1.0093338076910976,1.0045965739313185,1.0056098986268418
CHE,35,1.0101760404834206,1.0048863767366685,1.0056098986268418
CHE,36T39,1.0056664646829538,1.0045207088752286,1.0056098986268418
CHE,41T43,1.0053653268585747,1.004768794428168,1.0056098986268418
CHE,45T47,1.0024680184118744,1.0044451787639526,1.0056098986268418
CHE,49,1.004074410996015,1.0046510609282664,1.0056098986268418
CHE,50,1.0049633151493433,1.0055232038346669,1.0056098986268418
CHE,51,0.9992803435044647,1.0051178491304456,1.0056098986268418
CHE,52,1.0007572776092506,1.0048945093199342,1.0056098986268418
CHE,53,1.0027753478876862,1.0041966875491946,1.0056098986268418
CHE,55T56,1.0035244866747361,1.0047033921799453,1.0056098986268418
CHE,58T60,0.9994902515710598,1.0040673013245505,1.0056098986268418
CHE,61,1.0031965247700432,1.0040248711543023,1.0056098986268418
CHE,62T63,1.000358773984532,1.0036463323748601,1.0056098986268418
CHE,64T66,1.0012959601886129,1.0039199840094724,1.0056098986268418
CHE,68,1.005009445937817,1.004028343232641,1.0056098986268418
CHE,69T75,1.0028279660289587,1.0040501748126445,1.0056098986268418
CHE,77T82,1.0034337544796639,1.0041225047502667,1.0056098986268418
CHE,84,1.0049937951234815,1.0041867087347953,1.0056098986268418
CHE,85,1.004499214737211,1.0043761013937995,1.0056098986268418
CHE,86T88,1.0054882731485488,1.0041884004441435,1.0056098986268418
CHE,90T93,1.0037782096739072,1.004148212947744,1.0056098986268418
CHE,94T98,1.0048432622952663,1.004102319667489,1.0056098986268418
CHL,01T02,1.0069012671378583,1.0066793115348258,1.0070918417559878
CHL,03,1.003749564184535,1.0062050124867574,1.0070918417559878
CHL,05T06,0.9403671477018926,1.0055097870713843,1.0070918417559878
CHL,07T08,0.9916179176232969,1.0063595601953004,1.0070918417559878
CHL,10T12,1.0061364214232513,1.0073166104354938,1.0070918417559878
CHL,13T15,1.0005625789806714,1.0058213446070652,1.0070918417559878
CHL,16,1.0011408407026197,1.0076139824703045,1.0070918417559878
CHL,17T18,0.9948177777006737,1.0077321630762914,1.0070918417559878
CHL,19,0.9981797090134782,1.0085784526565507,1.0070918417559878
CHL,20,0.9996388048991924,1.0074219944962322,1.0070918417559878
CHL,21,1.0031274539484427,1.0056680883697422,1.0070918417559878
CHL,22,0.9905559329893928,1.007044863241173,1.0070918417559878
CHL,23,0.9977304385095198,1.008952355757633,1.0070918417559878
CHL,24,1.0349437735040312,1.0071930700616514,1.0070918417559878
CHL,25,1.0041878606533214,1.0070503368761552,1.0070918417559878
CHL,26,1.005089732389325,1.0056785819490106,1.0070918417559878
CHL,27,1.002313299343467,1.006838711455951,1.0070918417559878
CHL,28,1.001701589020254,1.0067100180445279,1.0070918417559878
CHL,29T30,1.0009512738993454,1.005895045809889,1.0070918417559878
CHL,31T33,0.9992256822464863,1.006026436589045,1.0070918417559878
CHL,35,0.9867943765568636,1.0124037064715445,1.0070918417559878
CHL,36T39,1.005707606970464,1.005870903398429,1.0070918417559878
CHL,41T43,1.006368708043131,1.006345742508866,1.0070918417559878
CHL,45T47,1.0024756772617227,1.0053535634202013,1.0070918417559878
CHL,49,0.9987551668548142,1.006039460203373,1.0070918417559878
CHL,50,0.9735828492093614,1.005803940047496,1.0070918417559878
CHL,51,0.9753383467386428,1.0057078112147344,1.0070918417559878
CHL,52,0.999948080276664,1.00521316687243,1.0070918417559878
CHL,53,1.002663688842685,1.0058571463052892,1.0070918417559878
CHL,55T56,1.004801794241779,1.0059513304673564,1.0070918417559878
CHL,58T60,1.0021872828241958,1.0054444640372182,1.0070918417559878
CHL,61,1.005531687998805,1.0054918235553978,1.0070918417559878
CHL,62T63,1.0023599977244273,1.0048428527893818,1.0070918417559878
CHL,64T66,1.0041805591458886,1.0048225795861243,1.0070918417559878
CHL,68,1.005531802910365,1.004886659476868,1.0070918417559878
CHL,69T75,1.00415755310373,1.0048539843345892,1.0070918417559878
CHL,77T82,1.0019143646330009,1.0048826002012914,1.0070918417559878
CHL,84,1.0067436984917537,1.0051685226211702,1.0070918417559878
CHL,85,1.0069396596821865,1.004988256024531,1.0070918417559878
CHL,86T88,1.0069299168425836,1.0051890043097913,1.0070918417559878
CHL,90T93,1.005685338989293,1.0048947365919791,1.0070918417559878
CHL,94T98,1.0053390178212023,1.0050332522374092,1.0070918417559878
CHN,01T02,1.0002596778990762,1.0048485153322337,1.0062041579474459
CHN,03,1.0038599717516592,1.0031330876886062,1.0062041579474459
CHN,05T06,0.9700672952254511,1.0071016669903003,1.0062041579474459
CHN,07T08,0.9745893709430482,1.0092571594503366,1.0062041579474459
CHN,10T12,1.0032255288785028,1.0062952724754182,1.0062041579474459
CHN,13T15,0.9997535679635597,1.0052975469941587,1.0062041579474459
CHN,16,0.9996087395369041,1.0068080795790355,1.0062041579474459
CHN,17T18,1.000270958069024,1.0059313927075746,1.0062041579474459
CHN,19,0.9850440824287042,1.005565811306612,1.0062041579474459
CHN,20,0.991479239068129,1.008123673184951,1.0062041579474459
CHN,21,1.0014759991770261,1.0047989793541454,1.0062041579474459
CHN,22,0.9965875464896474,1.0075637336367642,1.0062041579474459
CHN,23,0.9882211172130286,1.0097067108005418,1.0062041579474459
CHN,24,0.9817194035602208,1.0115832457588887,1.0062041579474459
CHN,25,0.9978623192121321,1.0098756042358246,1.0062041579474459
CHN,26,1.0018430870157022,1.0048987970971601,1.0062041579474459
CHN,27,0.997937618738516,1.0084587804067016,1.0062041579474459
CHN,28,0.9998201010379012,1.0074605288029974,1.0062041579474459
CHN,29T30,1.0029184847445733,1.0055686496619718,1.0062041579474459
CHN,31T33,0.9983838892686245,1.0054741616886498,1.0062041579474459
CHN,35,0.9508003011319114,1.01419824750633,1.0062041579474459
CHN,36T39,0.995702888274021,1.0059257610576184,1.0062041579474459
CHN,41T43,1.0058544686322677,1.0091766967476357,1.0062041579474459
CHN,45T47,1.0015799339446187,1.000790501302961,1.0062041579474459
CHN,49,0.9972739798095271,1.0036678825478003,1.0062041579474459
CHN,50,0.9761842471091906,1.0055850523839123,1.0062041579474459
CHN,51,0.9947414295726715,1.0039821648828737,1.0062041579474459
CHN,52,0.9948338049762803,1.0040491847624016,1.0062041579474459
CHN,53,0.9991321197252454,1.0025927131423387,1.0062041579474459
CHN,55T56,1.0030058075461492,1.003521257729638,1.0062041579474459
CHN,58T60,1.004549485612545,1.0020328053549499,1.0062041579474459
CHN,61,1.0035568623523627,1.0025391807115294,1.0062041579474459
CHN,62T63,1.004837503581879,1.0002010765286218,1.0062041579474459
CHN,64T66,0.9997161961281893,0.9992384738264691,1.0062041579474459
CHN,68,1.005201387019503,0.9993922778288316,1.0062041579474459
CHN,69T75,1.0016286637630825,1.002294846884915,1.0062041579474459
CHN,77T82,1.000701359142077,1.0021368525649772,1.0062041579474459
CHN,84,1.0061195131271126,1.0003832878112107,1.0062041579474459
CHN,85,1.006209233168062,1.0001827473042848,1.0062041579474459
CHN,86T88,1.006031028488026,1.0011544634595264,1.0062041579474459
CHN,90T93,1.0053842061178595,1.0005677690642625,1.0062041579474459
CHN,94T98,1.0049431873411958,1.0009730941274204,1.0062041579474459
COL,01T02,0.9483384382859302,1.001318029290624,1.0015970041872957
COL,03,1.0011281409238142,1.0039269989140116,1.0015970041872957
COL,05T06,0.9884767639966869,0.999853865126388,1.0015970041872957
COL,07T08,0.9975888936870789,0.9987961192734035,1.0015970041872957
COL,10T12,0.9950187540082612,1.012027397849784,1.0015970041872957
COL,13T15,1.0040413625396813,1.0000350060202514,1.0015970041872957
COL,16,0.9973398184410379,1.0061894498600477,1.0015970041872957
COL,17T18,0.9991682099042406,1.0006116620027667,1.0015970041872957
COL,19,0.991649705650457,1.002894877168302,1.0015970041872957
COL,20,1.0056122712489801,1.0012884222492024,1.0015970041872957
COL,21,1.0074503604178673,0.9994334207623362,1.0015970041872957
COL,22,1.0087899130476283,1.0017736403937316,1.0015970041872957
COL,23,0.995105100711551,1.0006796240729232,1.0015970041872957
COL,24,1.015174292849854,1.0027962867380102,1.0015970041872957
COL,25,1.0061950950980325,1.001470446820966,1.0015970041872957
COL,26,1.0055863579939086,1.000870609256517,1.0015970041872957
COL,27,1.0067511724299736,1.0014743466002705,1.0015970041872957
COL,28,1.0052036171014327,1.001221760092561,1.0015970041872957
COL,29T30,1.0074413938523277,1.0003654010114749,1.0015970041872957
COL,31T33,1.0040992111738136,0.9998694448822089,1.0015970041872957
COL,35,0.9913621354085013,1.0009542083185923,1.0015970041872957
COL,36T39,1.0006580289268145,0.9985433342919737,1.0015970041872957
COL,41T43,1.001208301065801,1.000817792500741,1.0015970041872957
COL,45T47,1.0007151450623322,0.9980492208152222,1.0015970041872957
COL,49,0.9961800518015218,0.9993951681842699,1.0015970041872957
COL,50,0.9960193923298707,0.99932403981286,1.0015970041872957
COL,51,0.9994912357899398,1.0001936072988613,1.0015970041872957
COL,52,1.0006472390794476,0.9977050063740988,1.0015970041872957
COL,53,1.0017851081922795,0.9986503586331192,1.0015970041872957
COL,55T56,1.0018195323544221,1.0022098935186854,1.0015970041872957
COL,58T60,1.0059759716205028,0.9981305829609224,1.0015970041872957
COL,61,1.0019690813001332,0.9974382506046752,1.0015970041872957
COL,62T63,1.0036752785414254,0.9972756975577336,1.0015970041872957
COL,64T66,1.0022355351984154,0.9974186056977602,1.0015970041872957
COL,68,1.0017263340063403,0.9967804523925196,1.0015970041872957
COL,69T75,1.0020029609791612,0.9973348639735964,1.0015970041872957
COL,77T82,1.0011671700093496,0.9971747558435243,1.0015970041872957
COL,84,1.0016213035798252,0.9979490197974045,1.0015970041872957
COL,85,1.0017339102879785,0.9973825812195701,1.0015970041872957
COL,86T88,1.0015692262960711,0.9979997325507763,1.0015970041872957
COL,90T93,1.002222113098518,0.9976553541584046,1.0015970041872957
COL,94T98,1.0017292792923302,0.9976833540763412,1.0015970041872957
CRI,01T02,1.0059058100432117,1.0051527464681393,1.0050469445397743
CRI,03,1.0004339594591685,1.005134242595847,1.0050469445397743
CRI,05T06,1.0048724674879381,1.0046135294743181,1.0050469445397743
CRI,07T08,1.0000775138302829,1.0045107049096487,1.0050469445397743
CRI,10T12,1.0038643902384459,1.0067387237118361,1.0050469445397743
CRI,13T15,0.9962565557962315,1.0040329465450801,1.0050469445397743
CRI,16,0.9999483603356469,1.0057893849468647,1.0050469445397743
CRI,17T18,1.000000433168858,1.0044444564010444,1.0050469445397743
CRI,19,1.0014534965308306,1.0051810279009543,1.0050469445397743
CRI,20,1.0117058296407389,1.0051752223774537,1.0050469445397743
CRI,21,0.9973015718817219,1.004410010925454,1.0050469445397743
CRI,22,1.0120089465178206,1.0057616874385393,1.0050469445397743
CRI,23,0.9962412873731673,1.0054790324804972,1.0050469445397743
CRI,24,1.0209249273133858,1.0070963849344254,1.0050469445397743
CRI,25,1.0019599381048436,1.005475910861667,1.0050469445397743
CRI,26,1.0032828860253558,1.0040736950112112,1.0050469445397743
CRI,27,1.004061955325592,1.0050933918365008,1.0050469445397743
CRI,28,1.0024162726172536,1.0050783588611814,1.0050469445397743
CRI,29T30,1.0034417497518024,1.0048209893287023,1.0050469445397743
CRI,31T33,1.0054776816090136,1.0044968282824462,1.0050469445397743
CRI,35,1.0053322862762897,1.0038129168771803,1.0050469445397743
CRI,36T39,1.0046564650218548,1.003921326975994,1.0050469445397743
CRI,41T43,1.0044085581220956,1.0056834081504644,1.0050469445397743
CRI,45T47,1.0017992171408738,1.0039416040166265,1.0050469445397743
CRI,49,1.0000651130459999,1.0041450127752012,1.0050469445397743
CRI,50,0.9831768437804336,1.005120154773279,1.0050469445397743
CRI,51,1.0132919329126926,1.0046243771671297,1.0050469445397743
CRI,52,1.000076549640607,1.0044484852296538,1.0050469445397743
CRI,53,1.0042474133377717,1.0038939284349788,1.0050469445397743
CRI,55T56,1.0029298431675624,1.0047494733054176,1.0050469445397743
CRI,58T60,1.0017444151781874,1.0041845730612995,1.0050469445397743
CRI,61,1.002918050444449,1.0038202602327595,1.0050469445397743
CRI,62T63,1.0016306365725927,1.0036673043409654,1.0050469445397743
CRI,64T66,1.0032918423224948,1.0036579428570338,1.0050469445397743
CRI,68,1.004540876671944,1.0038570960214885,1.0050469445397743
CRI,69T75,1.002320973490664,1.0037794222817593,1.0050469445397743
CRI,77T82,1.002646713731036,1.0037685385283968,1.0050469445397743
CRI,84,1.0049464608568577,1.0037564100372258,1.0050469445397743
CRI,85,1.0048344843754677,1.003848041809303,1.0050469445397743
CRI,86T88,1.0048982724262676,1.0038928502266682,1.0050469445397743
CRI,90T93,1.0029632898552734,1.0039416106510057,1.0050469445397743
CRI,94T98,1.0043793407239054,1.0039627361751933,1.0050469445397743
CYP,01T02,1.0098006474776287,1.0038476965650984,1.003469199316983
CYP,03,1.002319054083077,1.0027307291204761,1.003469199316983
CYP,05T06,0.9836109162229959,1.0054399218351877,1.003469199316983
CYP,07T08,0.9884688652979838,1.007024701131779,1.003469199316983
CYP,10T12,1.0048871839592868,1.0052754252079594,1.003469199316983
CYP,13T15,1.0069597217238266,1.002947581855556,1.003469199316983
CYP,16,1.0065124342977023,1.0035033759548961,1.003469199316983
CYP,17T18,1.0031718107258214,1.0034283172395821,1.003469199316983
CYP,19,0.8871966212766069,1.0024458325226804,1.003469199316983
CYP,20,1.0137152507510347,1.003931796459701,1.003469199316983
CYP,21,1.005372927216923,1.003475972498133,1.003469199316983
CYP,22,1.0044990585489597,1.0053077466364089,1.003469199316983
CYP,23,0.9520972057650703,1.011305239021624,1.003469199316983
CYP,24,1.0231271496829815,1.005853405502952,1.003469199316983
CYP,25,1.0026010730273711,1.0053701286404355,1.003469199316983
CYP,26,1.0006002065108095,1.0061589850012762,1.003469199316983
CYP,27,1.0067463223305366,1.0036217918911972,1.003469199316983
CYP,28,1.0048806618558133,1.0036085664656869,1.003469199316983
CYP,29T30,1.0051465979345233,1.003587859840234,1.003469199316983
CYP,31T33,1.0032748965574905,1.00343187350769,1.003469199316983
CYP,35,0.9681860240403197,1.0037478352882643,1.003469199316983
CYP,36T39,1.0021029715101928,1.0052262628156516,1.003469199316983
CYP,41T43,1.0019171936549764,1.0049074309063701,1.003469199316983
CYP,45T47,1.0014806669467908,1.0027765393093193,1.003469199316983
CYP,49,0.9993787398592215,1.0028941999320378,1.003469199316983
CYP,50,1.0179115195679977,1.0021550519618496,1.003469199316983
CYP,51,0.9894212216675607,1.0032800765395495,1.003469199316983
CYP,52,0.9999866217794995,1.0025754540538372,1.003469199316983
CYP,53,1.000744459686284,1.0026538120287938,1.003469199316983
CYP,55T56,1.001429370694618,1.0036284224644214,1.003469199316983
CYP,58T60,1.0007213609515164,1.002171662806184,1.003469199316983
CYP,61,1.0005724985331401,1.002538140691684,1.003469199316983
CYP,62T63,0.9973130340596309,1.001606574106005,1.003469199316983
CYP,64T66,0.9984662296561344,1.0016108596455018,1.003469199316983
CYP,68,1.002431001541881,1.0018065404822454,1.003469199316983
CYP,69T75,1.0008807002027302,1.0018476152067828,1.003469199316983
CYP,77T82,1.00062651201416,1.0020411892445176,1.003469199316983
CYP,84,1.0032774005342135,1.002266411597936,1.003469199316983
CYP,85,1.0031464805157013,1.0018335164530632,1.003469199316983
CYP,86T88,1.0030762330189773,1.0026090882653467,1.003469199316983
CYP,90T93,1.0025926697311502,1.0025664465744006,1.003469199316983
CYP,94T98,1.0026600934956311,1.0022354364147166,1.003469199316983
CZE,01T02,1.0027975065232229,1.0050608813154245,1.0061921867742372
CZE,03,0.9986586208331598,1.0070626380994039,1.0061921867742372
CZE,05T06,0.9689245365381616,1.0047348050134404,1.0061921867742372
CZE,07T08,0.9937688220395136,1.0054603624217946,1.0061921867742372
CZE,10T12,1.00391861589082,1.0065377682139305,1.0061921867742372
CZE,13T15,0.9979487081212957,1.0050194964271608,1.0061921867742372
CZE,16,1.0010616551904206,1.0063428026915322,1.0061921867742372
CZE,17T18,1.0001017881699068,1.0054190469099318,1.0061921867742372
CZE,19,0.9870738764515098,1.0084713492750859,1.0061921867742372
CZE,20,0.9969384389995496,1.0051924348461334,1.0061921867742372
CZE,21,0.9994737749359597,1.0040368410257123,1.0061921867742372
CZE,22,1.0064985934547672,1.00511018597097,1.0061921867742372
CZE,23,0.9917685696788502,1.0071973664876575,1.0061921867742372
CZE,24,0.994952443198374,1.0074257647677909,1.0061921867742372
CZE,25,1.0031183731094873,1.0052867339066776,1.0061921867742372
CZE,26,1.0027621419365804,1.0050051295736515,1.0061921867742372
CZE,27,1.0031159339415463,1.005312272914624,1.0061921867742372
CZE,28,1.0017934469527545,1.005440838441392,1.0061921867742372
CZE,29T30,1.003333772355963,1.0045857316909867,1.0061921867742372
CZE,31T33,1.0045281264693005,1.0043439044980844,1.0061921867742372
CZE,35,0.9709979507344503,1.0087844513628241,1.0061921867742372
CZE,36T39,1.000812813369658,1.0044571807449432,1.0061921867742372
CZE,41T43,1.004516732651408,1.0043428038737556,1.0061921867742372
CZE,45T47,1.0022597951266992,1.0033894938767822,1.0061921867742372
CZE,49,0.9974025691374163,1.00397609167154,1.0061921867742372
CZE,50,0.9897483646292123,1.0049043581753434,1.0061921867742372
CZE,51,1.0050984129187097,1.0052368655971713,1.0061921867742372
CZE,52,0.999793267082668,1.004237508952815,1.0061921867742372
CZE,53,1.0024308265767676,1.0032238930267208,1.0061921867742372
CZE,55T56,1.0043677585675541,1.004065184715775,1.0061921867742372
CZE,58T60,1.0033066854186168,1.0030738786494588,1.0061921867742372
CZE,61,1.003527269520301,1.0029424234974054,1.0061921867742372
CZE,62T63,1.0033748002015086,1.0024499745766824,1.0061921867742372
CZE,64T66,1.0028228440590403,1.002652169486413,1.0061921867742372
CZE,68,1.0049590544523648,1.0038799008936483,1.0061921867742372
CZE,69T75,1.0025972607493727,1.0032228784955934,1.0061921867742372
CZE,77T82,1.0023318792336946,1.0038314546743894,1.0061921867742372
CZE,84,1.0057133090448038,1.0031953769856967,1.0061921867742372
CZE,85,1.005797597207185,1.0030386971490837,1.0061921867742372
CZE,86T88,1.0060309066370474,1.0034323283130375,1.0061921867742372
CZE,90T93,1.0052625501847257,1.003581048370128,1.0061921867742372
CZE,94T98,1.005035374119433,1.0032659092613379,1.0061921867742372
DEU,01T02,0.9984753499332216,1.0053600343436582,1.0056360448785697
DEU,03,1.001937151641861,1.0042669254077288,1.0056360448785697
DEU,05T06,0.9821677657713452,1.005131108732805,1.0056360448785697
DEU,07T08,0.9985703628199586,1.0041939237486317,1.0056360448785697
DEU,10T12,1.004584447581536,1.006638707208643,1.0056360448785697
DEU,13T15,1.0008594478206787,1.0046793382867514,1.0056360448785697
DEU,16,1.003438573086391,1.0064035679854173,1.0056360448785697
DEU,17T18,1.0014547936329459,1.0050446041662495,1.0056360448785697
DEU,19,0.9975073547521848,1.0057226674761648,1.0056360448785697
DEU,20,1.003446776320616,1.0052482154005367,1.0056360448785697
DEU,21,1.001879858075058,1.0043084398235995,1.0056360448785697
DEU,22,1.0067584146310027,1.0051166603457868,1.0056360448785697
DEU,23,1.00335379087409,1.0054989127745553,1.0056360448785697
DEU,24,1.0004548351251474,1.007325037934663,1.0056360448785697
DEU,25,1.00533249040406,1.0051775174555637,1.0056360448785697
DEU,26,1.003621817315384,1.0043169084893853,1.0056360448785697
DEU,27,1.005130145422549,1.0046606378515832,1.0056360448785697
DEU,28,1.0037533318333285,1.0046213933514767,1.0056360448785697
DEU,29T30,1.0037729896505678,1.0045602555765023,1.0056360448785697
DEU,31T33,1.0057527742331547,1.0046018053677388,1.0056360448785697
DEU,35,0.9904483355384708,1.006571674712547,1.0056360448785697
DEU,36T39,1.0039526529158225,1.0042612971072387,1.0056360448785697
DEU,41T43,1.0046868345350506,1.0047438077251905,1.0056360448785697
DEU,45T47,1.0023745823003753,1.0041376591027875,1.0056360448785697
DEU,49,1.002817924519397,1.0044497880627337,1.0056360448785697
DEU,50,1.0071862768258164,1.0059032791536395,1.0056360448785697
DEU,51,0.9909682442629519,1.0049337139309744,1.0056360448785697
DEU,52,1.0016783968311624,1.0043413422171688,1.0056360448785697
DEU,53,1.0025475459896922,1.0042956628903776,1.0056360448785697
DEU,55T56,1.003934190716965,1.0046559183325503,1.0056360448785697
DEU,58T60,1.0024945270860433,1.0038985834644458,1.0056360448785697
DEU,61,1.0036951420043674,1.0039955230431052,1.0056360448785697
DEU,62T63,1.0018424605861314,1.0035352963985436,1.0056360448785697
DEU,64T66,1.003262418022032,1.0037103671961198,1.0056360448785697
DEU,68,1.0047211817490558,1.0037827305323912,1.0056360448785697
DEU,69T75,1.0027579910139763,1.0037992163013727,1.0056360448785697
DEU,77T82,1.003236762654742,1.004070610626901,1.0056360448785697
DEU,84,1.0049153570936906,1.0039563425639153,1.0056360448785697
DEU,85,1.0053821487337997,1.0037188067636285,1.0056360448785697
DEU,86T88,1.005586051237657,1.0039954080883777,1.0056360448785697
DEU,90T93,1.0048611892161228,1.0039188011823497,1.0056360448785697
DEU,94T98,1.0051645786655872,1.0039210831551686,1.0056360448785697
DNK,01T02,0.9955332183009565,1.0057594783170114,1.0047418456927233
DNK,03,0.9959142456354824,1.0040888192108255,1.0047418456927233
DNK,05T06,0.9936962115932386,1.0039574571684635,1.0047418456927233
DNK,07T08,0.9984327991844671,1.005132576914623,1.0047418456927233
DNK,10T12,1.004257523013942,1.0060941627599496,1.0047418456927233
DNK,13T15,1.002831778706623,1.0041796114208632,1.0047418456927233
DNK,16,1.008337406817592,1.0052708602075235,1.0047418456927233
DNK,17T18,1.005781554720852,1.0041900249704878,1.0047418456927233
DNK,19,0.9979164702246146,1.0058951908537832,1.0047418456927233
DNK,20,1.0105376078816801,1.0043617399521982,1.0047418456927233
DNK,21,1.0052173331921967,1.0035788719589607,1.0047418456927233
DNK,22,1.0086998622396026,1.0045238301424864,1.0047418456927233
DNK,23,1.000309971738408,1.0050965450932006,1.0047418456927233
DNK,24,1.026187618579554,1.005968035986515,1.0047418456927233
DNK,25,1.0055496522470742,1.0047945376491583,1.0047418456927233
DNK,26,1.0036789081762456,1.0039307254488297,1.0047418456927233
DNK,27,1.0059193487248588,1.0041914932396707,1.0047418456927233
DNK,28,1.0038072611062443,1.00435087750321,1.0047418456927233
DNK,29T30,1.0034827245642357,1.0044471094700245,1.0047418456927233
DNK,31T33,1.0072660066358836,1.004141842397199,1.0047418456927233
DNK,35,0.9937600155807571,1.0045516095392188,1.0047418456927233
DNK,36T39,1.0039844379095817,1.00371889031195,1.0047418456927233
DNK,41T43,1.0039973177474317,1.0043770943313093,1.0047418456927233
DNK,45T47,1.002348516824373,1.0035726393797488,1.0047418456927233
DNK,49,1.0002483504798796,1.0049066961119142,1.0047418456927233
DNK,50,0.9976312678545834,1.0041621258079056,1.0047418456927233
DNK,51,1.0007208813381367,1.0040220236179864,1.0047418456927233
DNK,52,0.9993638218879051,1.0037945761846596,1.0047418456927233
DNK,53,1.0022030431580848,1.003780834769977,1.0047418456927233
DNK,55T56,1.003605838071336,1.0042763473002412,1.0047418456927233
DNK,58T60,1.0022748383663782,1.0034416989176105,1.0047418456927233
DNK,61,1.0025156046193193,1.003574370689822,1.0047418456927233
DNK,62T63,1.0018175432473848,1.0033991047063582,1.0047418456927233
DNK,64T66,1.002826872961668,1.0032918010996454,1.0047418456927233
DNK,68,1.004167248001693,1.0034412010860247,1.0047418456927233
DNK,69T75,1.0024563999375007,1.0034671683784044,1.0047418456927233
DNK,77T82,1.0025245528735762,1.0040388540661431,1.0047418456927233
DNK,84,1.0045539874174978,1.0035050213836907,1.0047418456927233
DNK,85,1.0046071517247226,1.0034506289353582,1.0047418456927233
DNK,86T88,1.0047013128978386,1.0035447463620968,1.0047418456927233
DNK,90T93,1.0042961749142758,1.003595818418183,1.0047418456927233
DNK,94T98,1.0040423786047876,1.0035041098433946,1.0047418456927233
ESP,01T02,1.009887510667189,1.0048659560893909,1.0053159222092167
ESP,03,0.9998803934085327,1.0044561297954153,1.0053159222092167
ESP,05T06,0.927384196096357,1.0040037390829166,1.0053159222092167
ESP,07T08,0.9960535190762737,1.0052788143421068,1.0053159222092167
ESP,10T12,1.0045514999421683,1.006961022015741,1.0053159222092167
ESP,13T15,1.0019348932523964,1.0044030370298567,1.0053159222092167
ESP,16,1.0035916549466284,1.005257542143193,1.0053159222092167
ESP,17T18,1.0018738429583576,1.0051129123449056,1.0053159222092167
ESP,19,0.9969972293292098,1.0064098342403764,1.0053159222092167
ESP,20,1.0014628624131927,1.0058627416693444,1.0053159222092167
ESP,21,0.999794992149367,1.004758586639835,1.0053159222092167
ESP,22,1.0063915511534245,1.005318989949355,1.0053159222092167
ESP,23,0.9960854054554583,1.006248545925992,1.0053159222092167
ESP,24,1.0122204358885263,1.0062800348629242,1.0053159222092167
ESP,25,1.0031511333871157,1.0058448028581317,1.0053159222092167
ESP,26,1.0034214698784953,1.0043982987808222,1.0053159222092167
ESP,27,1.0031277882217355,1.005410457938263,1.0053159222092167
ESP,28,1.0023792586801326,1.0050909442022322,1.0053159222092167
ESP,29T30,1.002700966497543,1.0049854067664397,1.0053159222092167
ESP,31T33,1.005382629410886,1.004455242114264,1.0053159222092167
ESP,35,0.9952159497321108,1.005777224669337,1.0053159222092167
ESP,36T39,1.0047983471036148,1.004488208347489,1.0053159222092167
ESP,41T43,1.0045111271715081,1.004748424512737,1.0053159222092167
ESP,45T47,1.0027704241507625,1.0040189758711224,1.0053159222092167
ESP,49,0.9992216080975975,1.0046346415428147,1.0053159222092167
ESP,50,0.9363882213280105,1.004380837358656,1.0053159222092167
ESP,51,0.9900533813552346,1.0049330482377452,1.0053159222092167
ESP,52,1.0009804676342624,1.0045196066907558,1.0053159222092167
ESP,53,1.0021616959176884,1.0041789485813934,1.0053159222092167
ESP,55T56,1.00413829511222,1.0044863615989041,1.0053159222092167
ESP,58T60,1.0018065502265834,1.003892471172133,1.0053159222092167
ESP,61,1.0028074503296498,1.0042469126063889,1.0053159222092167
ESP,62T63,1.0009888351800131,1.0038850222261184,1.0053159222092167
ESP,64T66,1.0032555174543607,1.0035985333276722,1.0053159222092167
ESP,68,1.0046201065986438,1.003554157178271,1.0053159222092167
ESP,69T75,1.0025440687556797,1.0038957730464828,1.0053159222092167
ESP,77T82,1.002106125437917,1.004051832996985,1.0053159222092167
ESP,84,1.0046817387223843,1.0038675178508525,1.0053159222092167
ESP,85,1.0049348285745294,1.0036647669449967,1.0053159222092167
ESP,86T88,1.005117951114856,1.0039030935983846,1.0053159222092167
ESP,90T93,1.0044564978853818,1.003884358731333,1.0053159222092167
ESP,94T98,1.004629965139923,1.0037106152930413,1.0053159222092167
EST,01T02,0.9711088320952654,1.0060015734333911,1.0035797324923053
EST,03,1.0041053746894621,1.001391350913544,1.0035797324923053
EST,05T06,0.9016510421097452,1.0029282167476035,1.0035797324923053
EST,07T08,0.955443994869749,1.0034506624587567,1.0035797324923053
EST,10T12,1.0017512291065847,1.0069390026945044,1.0035797324923053
EST,13T15,1.0082135732181225,1.0025886917809017,1.0035797324923053
EST,16,0.9860687270833459,1.0083232894422658,1.0035797324923053
EST,17T18,0.9966456429236241,1.006480349400075,1.0035797324923053
EST,19,0.8166584290905949,1.0094980043727453,1.0035797324923053
EST,20,1.0053903622004599,1.0055284153072113,1.0035797324923053
EST,21,1.0093941105998367,1.0016049552749142,1.0035797324923053
EST,22,1.0079002016393233,1.0039302851857583,1.0035797324923053
EST,23,0.9975233936778811,1.0051504644344493,1.0035797324923053
EST,24,1.0205275731631875,1.0080542820922738,1.0035797324923053
EST,25,1.0042675733721749,1.0042672605031298,1.0035797324923053
EST,26,1.003319557937516,1.0029825631344134,1.0035797324923053
EST,27,1.00767686818884,1.003032379293172,1.0035797324923053
EST,28,1.0040802518801377,1.0032712779889017,1.0035797324923053
EST,29T30,1.0067417943243775,1.0025807118958254,1.0035797324923053
EST,31T33,1.0043248217816572,1.0032589068123094,1.0035797324923053
EST,35,0.9439448869454375,1.0081646207935426,1.0035797324923053
EST,36T39,1.0028165922233478,1.0038839511877096,1.0035797324923053
EST,41T43,1.0023455310069889,1.0029936574043246,1.0035797324923053
EST,45T47,1.0018259701982215,1.0005987999479076,1.0035797324923053
EST,49,0.9988758633892632,1.000970051845835,1.0035797324923053
EST,50,0.9960305519951084,1.001761962693945,1.0035797324923053
EST,51,1.0170004582075556,1.003525791895536,1.0035797324923053
EST,52,0.9991893919961468,1.0023960340878986,1.0035797324923053
EST,53,1.0053155085497945,1.0007865642162153,1.0035797324923053
EST,55T56,1.0047484388838688,1.0025486377644175,1.0035797324923053
EST,58T60,1.0062183872440789,1.0005786285254916,1.0035797324923053
EST,61,1.0053779780529788,0.9999215384338269,1.0035797324923053
EST,62T63,1.0058851814400733,0.9993121343727224,1.0035797324923053
EST,64T66,1.0034311675009127,0.999105838126908,1.0035797324923053
EST,68,1.002894003613096,1.000059908571937,1.0035797324923053
EST,69T75,1.0034198150358462,1.0000619911883872,1.0035797324923053
EST,77T82,1.001930130198123,1.0001997667039273,1.0035797324923053
EST,84,1.0034787030668608,0.9998614198368617,1.0035797324923053
EST,85,1.0035954658331612,1.0002636962000486,1.0035797324923053
EST,86T88,1.003649301845342,1.0001951984930018,1.0035797324923053
EST,90T93,1.0035460417932864,1.0012702864324101,1.0035797324923053
EST,94T98,1.0027699173278075,1.0017934347025026,1.0035797324923053
FIN,01T02,0.9940428006571274,1.004716452035801,1.004366948526386
FIN,03,0.9971495239682792,1.0035592591351121,1.004366948526386
FIN,05T06,0.8898991508223317,1.0053300658996376,1.004366948526386
FIN,07T08,0.9996527364706775,1.0052012812978506,1.004366948526386
FIN,10T12,1.0038195610482292,1.006218292423093,1.004366948526386
FIN,13T15,1.003872431922675,1.0037104051324095,1.004366948526386
FIN,16,0.9992342818397183,1.0079196412570008,1.004366948526386
FIN,17T18,0.9954995650867065,1.0062517975117078,1.004366948526386
FIN,19,0.9989983942713488,1.0042250871614025,1.004366948526386
FIN,20,1.0001418898595973,1.0054229248724476,1.004366948526386
FIN,21,1.0045438336297092,1.0028128612835616,1.004366948526386
FIN,22,1.006176011113091,1.0048675481668978,1.004366948526386
FIN,23,1.0042831249250022,1.004981078537354,1.004366948526386
FIN,24,1.0119862926892824,1.0064836883793364,1.004366948526386
FIN,25,1.0052201199309165,1.0048935022573402,1.004366948526386
FIN,26,1.003674943542556,1.0030626722507594,1.004366948526386
FIN,27,1.0053009513165367,1.0041160056467742,1.004366948526386
FIN,28,1.0037095120140922,1.0037205901618749,1.004366948526386
FIN,29T30,1.0038637497925051,1.0041448304816751,1.004366948526386
FIN,31T33,1.0040663369814817,1.0035334338529596,1.004366948526386
FIN,35,0.9920542917466699,1.0070118948864462,1.004366948526386
FIN,36T39,1.004682572486612,1.003550056117052,1.004366948526386
FIN,41T43,1.0035842258253254,1.0041703004401683,1.004366948526386
FIN,45T47,1.0017017565353732,1.0031189560284317,1.004366948526386
FIN,49,1.001247700177855,1.0033606697859871,1.004366948526386
FIN,50,0.9937808393621302,1.0036546222852303,1.004366948526386
FIN,51,0.9948172899930263,1.0037425406012197,1.004366948526386
FIN,52,1.0007797297104248,1.0037535318710487,1.004366948526386
FIN,53,1.0019428138294053,1.0032707242781438,1.004366948526386
FIN,55T56,1.0028829753734099,1.003872610907876,1.004366948526386
FIN,58T60,1.0012690162033633,1.003072997667555,1.004366948526386
FIN,61,1.0027200738778383,1.0028580205368487,1.004366948526386
FIN,62T63,1.0004824810203146,1.0027417973586346,1.004366948526386
FIN,64T66,1.0022603830926033,1.0028095528371153,1.004366948526386
FIN,68,1.0038299130260135,1.0029006088139973,1.004366948526386
FIN,69T75,1.001543960831081,1.0029016528906753,1.004366948526386
FIN,77T82,1.0021192910961854,1.003115301781207,1.004366948526386
FIN,84,1.0037685779338417,1.0031607146676258,1.004366948526386
FIN,85,1.0042072023403783,1.0028447606770972,1.004366948526386
FIN,86T88,1.0043021853910856,1.0029473277302656,1.004366948526386
FIN,90T93,1.0037629598925537,1.0036073065181084,1.004366948526386
FIN,94T98,1.0037214654140514,1.0036672483795424,1.004366948526386
FRA,01T02,1.001071480444029,1.0054768557275522,1.0042718488468816
FRA,03,0.9987856740611576,1.0043931662429189,1.0042718488468816
FRA,05T06,0.830700380184152,1.0035544442491173,1.0042718488468816
FRA,07T08,0.9987744937028622,1.004770631280969,1.0042718488468816
FRA,10T12,1.0045235007930051,1.0058966752291896,1.0042718488468816
FRA,13T15,1.0028362970169324,1.0040338260486557,1.0042718488468816
FRA,16,1.0038748145395358,1.0056769783003996,1.0042718488468816
FRA,17T18,1.003381787454025,1.0042306929542977,1.0042718488468816
FRA,19,1.002484161984888,1.00512801861099,1.0042718488468816
FRA,20,1.0046510770990447,1.0046365905678296,1.0042718488468816
FRA,21,1.002231357048091,1.00397771046285,1.0042718488468816
FRA,22,1.0078127978901732,1.0046005696157978,1.0042718488468816
FRA,23,1.0024312001832163,1.0050453063474873,1.0042718488468816
FRA,24,0.9945815613187045,1.0056474472136023,1.0042718488468816
FRA,25,1.004949661212901,1.0049138928398305,1.0042718488468816
FRA,26,1.0034722487372545,1.0040579387089348,1.0042718488468816
FRA,27,1.0047632614231097,1.0046191106787121,1.0042718488468816
FRA,28,1.0033378349025106,1.0044996567203324,1.0042718488468816
FRA,29T30,1.0037660551369099,1.0043228061269538,1.0042718488468816
FRA,31T33,1.0061565134187656,1.0042921894112007,1.0042718488468816
FRA,35,1.002130584745173,1.0049898625064388,1.0042718488468816
FRA,36T39,1.0030381254949412,1.0040291177143394,1.0042718488468816
FRA,41T43,1.0040280495837837,1.0044405517595651,1.0042718488468816
FRA,45T47,1.002595721529511,1.0036520660315416,1.0042718488468816
FRA,49,1.0029894556325836,1.0038114097728692,1.0042718488468816
FRA,50,1.002453143410473,1.0047551450924186,1.0042718488468816
FRA,51,0.9966211864433334,1.0044111699307212,1.0042718488468816
FRA,52,1.0024176091531867,1.0036443446927816,1.0042718488468816
FRA,53,1.0027008301247464,1.0035078316401407,1.0042718488468816
FRA,55T56,1.0036079006162981,1.004176534314156,1.0042718488468816
FRA,58T60,1.002274322876134,1.0038156369307702,1.0042718488468816
FRA,61,1.002558156219358,1.0036150683552434,1.0042718488468816
FRA,62T63,1.002845778673353,1.0034495468989721,1.0042718488468816
FRA,64T66,1.0026809664834864,1.0034280853276853,1.0042718488468816
FRA,68,1.0038681868173096,1.0034086130741084,1.0042718488468816
FRA,69T75,1.0028421576848465,1.003543067057727,1.0042718488468816
FRA,77T82,1.0025659233793318,1.0035542367422032,1.0042718488468816
FRA,84,1.0041300943689333,1.0035564096284322,1.0042718488468816
FRA,85,1.0040195472733648,1.0035296090524235,1.0042718488468816
FRA,86T88,1.0042161843342874,1.003544035219383,1.0042718488468816
FRA,90T93,1.0039217886984746,1.0037483304801913,1.0042718488468816
FRA,94T98,1.0038640366658074,1.0036120263489814,1.0042718488468816
GBR,01T02,0.9981828012824249,1.0054989541797958,1.0036139478517268
GBR,03,0.9998576128670649,1.0041155588617336,1.0036139478517268
GBR,05T06,0.9900735537168095,1.003655139006486,1.0036139478517268
GBR,07T08,1.002298317382079,1.0045722845548428,1.0036139478517268
GBR,10T12,1.004726179204595,1.0056182521060582,1.0036139478517268
GBR,13T15,1.003837970792589,1.00328101717684,1.0036139478517268
GBR,16,1.0060256892027655,1.0051581624121646,1.0036139478517268
GBR,17T18,1.003805892993472,1.0039840009802334,1.0036139478517268
GBR,19,0.9954808171998895,1.0054991131894333,1.0036139478517268
GBR,20,1.0033920936585998,1.004468727319323,1.0036139478517268
GBR,21,1.0041786538844297,1.0034122500139586,1.0036139478517268
GBR,22,1.0058028660908878,1.004428497294201,1.0036139478517268
GBR,23,1.0037224106149099,1.0043064953440661,1.0036139478517268
GBR,24,1.0020429552284862,1.0054745455990082,1.0036139478517268
GBR,25,1.00560898379149,1.0041169688149332,1.0036139478517268
GBR,26,1.003486456206015,1.003361037898222,1.0036139478517268
GBR,27,1.0054538149148085,1.0040165864766513,1.0036139478517268
GBR,28,1.003269438650404,1.0039260471543334,1.0036139478517268
GBR,29T30,1.0038664523335217,1.0041042584635191,1.0036139478517268
GBR,31T33,1.004567029928391,1.0036546954028902,1.0036139478517268
GBR,35,0.9973834541606108,1.006736115561832,1.0036139478517268
GBR,36T39,1.0030675819832087,1.0032012363960892,1.0036139478517268
GBR,41T43,1.003240348043951,1.0035861562511654,1.0036139478517268
GBR,45T47,1.002795567051054,1.0031621099894645,1.0036139478517268
GBR,49,1.001799700506287,1.00337262424397,1.0036139478517268
GBR,50,1.0059550951889864,1.0036444258786337,1.0036139478517268
GBR,51,0.9874133450396978,1.0048680431624195,1.0036139478517268
GBR,52,1.0021266195736194,1.0035652525928351,1.0036139478517268
GBR,53,1.002268343282259,1.0030672127947395,1.0036139478517268
GBR,55T56,1.0033820118678474,1.00347363599108,1.0036139478517268
GBR,58T60,1.0026435189869585,1.0029971411634504,1.0036139478517268
GBR,61,1.0022716006665575,1.002872819736136,1.0036139478517268
GBR,62T63,1.0021975203717262,1.0028659169754177,1.0036139478517268
GBR,64T66,1.0014317629512934,1.0029554987034182,1.0036139478517268
GBR,68,1.0034161657236622,1.0027941288297795,1.0036139478517268
GBR,69T75,1.0019608082525182,1.0029720021177932,1.0036139478517268
GBR,77T82,1.0020625475064062,1.0032269994427927,1.0036139478517268
GBR,84,1.0035091493098984,1.0030475549243436,1.0036139478517268
GBR,85,1.0033434081109518,1.0029243310562057,1.0036139478517268
GBR,86T88,1.0035855391929542,1.0030575252762257,1.0036139478517268
GBR,90T93,1.0031748009241348,1.0030877827226923,1.0036139478517268
GBR,94T98,1.0034627172991597,1.0028958063571443,1.0036139478517268
GRC,01T02,1.0099423179084792,1.0044531490421182,1.0053479998725063
GRC,03,1.0041571446552389,1.0025756961714514,1.0053479998725063
GRC,05T06,0.8724534807816138,1.0038744256830505,1.0053479998725063
GRC,07T08,0.9944040358850968,1.0049363535765563,1.0053479998725063
GRC,10T12,1.0056152791291615,1.0057708184537835,1.0053479998725063
GRC,13T15,1.0003395760853402,1.0044360344049232,1.0053479998725063
GRC,16,1.0065085300049375,1.0047880173169048,1.0053479998725063
GRC,17T18,1.0043529113289453,1.0039446533230554,1.0053479998725063
GRC,19,0.9916240506970345,1.0057056715711015,1.0053479998725063
GRC,20,1.0047116714958628,1.0043427051730895,1.0053479998725063
GRC,21,1.0054514682949278,1.0036853089768871,1.0053479998725063
GRC,22,1.0059699659761345,1.0049555514730084,1.0053479998725063
GRC,23,0.961262943472816,1.008484957187632,1.0053479998725063
GRC,24,0.9976271976646324,1.0100202426735811,1.0053479998725063
GRC,25,1.001943906785317,1.0057209699813308,1.0053479998725063
GRC,26,1.0041486354489544,1.003895030188288,1.0053479998725063
GRC,27,0.9987871721240146,1.0073625640634625,1.0053479998725063
GRC,28,1.002572430402585,1.0048078433621055,1.0053479998725063
GRC,29T30,1.0040968560283157,1.0039686496509777,1.0053479998725063
GRC,31T33,1.005852721523629,1.0042319048098216,1.0053479998725063
GRC,35,0.9817722134930162,1.0082065119367423,1.0053479998725063
GRC,36T39,1.004473779597918,1.0074205742683924,1.0053479998725063
GRC,41T43,1.004476358020664,1.0065855424425405,1.0053479998725063
GRC,45T47,1.0023548320789404,1.002821451715959,1.0053479998725063
GRC,49,1.0022274027519598,1.0035773465146285,1.0053479998725063
GRC,50,0.9736734710352052,1.0086969310533642,1.0053479998725063
GRC,51,1.0042504387155253,1.0041197716369215,1.0053479998725063
GRC,52,0.998282710159224,1.0039751331075364,1.0053479998725063
GRC,53,1.0020041688802908,1.003138921403659,1.0053479998725063
GRC,55T56,1.004103885344185,1.0038449934697813,1.0053479998725063
GRC,58T60,1.00258727871435,1.003216146842573,1.0053479998725063
GRC,61,1.0041498588388942,1.0027844828901245,1.0053479998725063
GRC,62T63,1.003161317179443,1.0025737516108648,1.0053479998725063
GRC,64T66,1.0029996029685757,1.0020852558280189,1.0053479998725063
GRC,68,1.0039491386747088,1.0021358006506047,1.0053479998725063
GRC,69T75,1.0020105649749287,1.0025273421786276,1.0053479998725063
GRC,77T82,1.0034839590836329,1.0030018129988811,1.0053479998725063
GRC,84,1.0050782002911898,1.0023922453985536,1.0053479998725063
GRC,85,1.00513199166386,1.0022554460930169,1.0053479998725063
GRC,86T88,1.0051975696694928,1.00288394158214,1.0053479998725063
GRC,90T93,1.0045898104734043,1.0030118535290327,1.0053479998725063
GRC,94T98,1.0045378641486515,1.0033297748759675,1.0053479998725063
HRV,01T02,0.996587912668834,1.0052368979113204,1.0048703464805924
HRV,03,1.0010738297359465,1.0052399642781251,1.0048703464805924
HRV,05T06,0.9497410866611354,1.0080048392083112,1.0048703464805924
HRV,07T08,0.9978846269431123,1.0050975021631698,1.0048703464805924
HRV,10T12,1.0040753744006645,1.0058064913755496,1.0048703464805924
HRV,13T15,1.0023361875480594,1.0042930438446727,1.0048703464805924
HRV,16,1.0041736164809978,1.0052295754737337,1.0048703464805924
HRV,17T18,1.0009701806481222,1.0045886247175437,1.0048703464805924
HRV,19,0.9967638641688006,1.006014976410879,1.0048703464805924
HRV,20,0.9427802808638626,1.0062590469335435,1.0048703464805924
HRV,21,1.0004095808987543,1.0040930132487909,1.0048703464805924
HRV,22,1.005625285000924,1.0051671697902143,1.0048703464805924
HRV,23,0.9788514423386486,1.0049830210629327,1.0048703464805924
HRV,24,1.0134331665555278,1.0055581502442223,1.0048703464805924
HRV,25,1.0049862747250127,1.004186407155165,1.0048703464805924
HRV,26,1.0045882735544875,1.0030510945547828,1.0048703464805924
HRV,27,1.005175379273185,1.0042932353507932,1.0048703464805924
HRV,28,1.0045307014071658,1.0039531452164312,1.0048703464805924
HRV,29T30,1.0032400694733015,1.00417466757894,1.0048703464805924
HRV,31T33,1.005617826141525,1.004901156850251,1.0048703464805924
HRV,35,1.0020887377537955,1.004021913928449,1.0048703464805924
HRV,36T39,1.0030656888452532,1.0039099828668216,1.0048703464805924
HRV,41T43,1.0028878752425046,1.005249564302852,1.0048703464805924
HRV,45T47,1.0021691637302317,1.0037219895765543,1.0048703464805924
HRV,49,1.0008994770997863,1.0035733422024211,1.0048703464805924
HRV,50,0.96782164674338,1.0057507668497099,1.0048703464805924
HRV,51,1.015054072076464,1.0035686809174542,1.0048703464805924
HRV,52,1.0018891319842953,1.0042674574374182,1.0048703464805924
HRV,53,1.002411042717528,1.0033282016699796,1.0048703464805924
HRV,55T56,1.004330045071776,1.0037394562124564,1.0048703464805924
HRV,58T60,1.001609688383584,1.0030757890849147,1.0048703464805924
HRV,61,1.0036440648886233,1.0030016827272323,1.0048703464805924
HRV,62T63,1.0016473838896927,1.0028994348481677,1.0048703464805924
HRV,64T66,1.0023582861924982,1.0026687341347813,1.0048703464805924
HRV,68,1.0041997183092304,1.0036307061594123,1.0048703464805924
HRV,69T75,1.0020929995633154,1.003309590781947,1.0048703464805924
HRV,77T82,1.002847618209641,1.003529227938119,1.0048703464805924
HRV,84,1.0046483993654571,1.0032457748958739,1.0048703464805924
HRV,85,1.0044921283330661,1.0028232832880175,1.0048703464805924
HRV,86T88,1.0046796901626518,1.0034260083820516,1.0048703464805924
HRV,90T93,1.0041055783326824,1.0034669852802807,1.0048703464805924
HRV,94T98,1.0037055568627893,1.0034049518308945,1.0048703464805924
HUN,01T02,0.9902768113212425,1.0058514206653204,1.0050861740430101
HUN,03,1.0010303868544823,1.0048352373557183,1.0050861740430101
HUN,05T06,0.9094307685492645,1.0068828838049253,1.0050861740430101
HUN,07T08,0.9957872928643939,1.0079062099438894,1.0050861740430101
HUN,10T12,1.0010213586441448,1.0075333809554436,1.0050861740430101
HUN,13T15,1.0033560319071415,1.003863692314546,1.0050861740430101
HUN,16,1.0014773797385002,1.0057506606236832,1.0050861740430101
HUN,17T18,1.000482460416716,1.0044126569036522,1.0050861740430101
HUN,19,0.9990021131507004,1.005280130295047,1.0050861740430101
HUN,20,0.9884403818708806,1.0055979119243796,1.0050861740430101
HUN,21,1.0003213502391133,1.0036752780270375,1.0050861740430101
HUN,22,1.0068790907247032,1.0051930085161795,1.0050861740430101
HUN,23,0.9992506784726062,1.0059505533276059,1.0050861740430101
HUN,24,1.0095683594392968,1.0064033294846515,1.0050861740430101
HUN,25,1.0039507306651367,1.0051921282010154,1.0050861740430101
HUN,26,1.0039166132725914,1.0038150091561813,1.0050861740430101
HUN,27,1.003910818911496,1.0049800551540569,1.0050861740430101
HUN,28,1.0033643400672123,1.004429068028497,1.0050861740430101
HUN,29T30,1.0041946515588258,1.004241480616404,1.0050861740430101
HUN,31T33,1.0063872375273057,1.003764638345855,1.0050861740430101
HUN,35,0.9741544166402654,1.0044923168822872,1.0050861740430101
HUN,36T39,1.003279806103307,1.0037443310831942,1.0050861740430101
HUN,41T43,1.0041395284474257,1.004677966004676,1.0050861740430101
HUN,45T47,1.0016548568764359,1.00346314817346,1.0050861740430101
HUN,49,0.9984767327787833,1.0035045201817745,1.0050861740430101
HUN,50,0.9768437265251482,1.004124586499148,1.0050861740430101
HUN,51,0.9902226116112675,1.0041219512565818,1.0050861740430101
HUN,52,1.000561784707773,1.0031482451541913,1.0050861740430101
HUN,53,1.0030813327872594,1.002848784005162,1.0050861740430101
HUN,55T56,1.0039318630180516,1.0042869744060483,1.0050861740430101
HUN,58T60,1.0032451366755724,1.0028005025951716,1.0050861740430101
HUN,61,1.0041711733316423,1.002545565375835,1.0050861740430101
HUN,62T63,1.0026077205738524,1.0023532869860876,1.0050861740430101
HUN,64T66,1.00306568249155,1.0023044435954496,1.0050861740430101
HUN,68,1.0041446462986254,1.0026397778087206,1.0050861740430101
HUN,69T75,1.0026763062673867,1.0027386154316866,1.0050861740430101
HUN,77T82,1.0019009273342252,1.0030462715876822,1.0050861740430101
HUN,84,1.004838848089457,1.0026210243467515,1.0050861740430101
HUN,85,1.0049553706789927,1.0025370277358294,1.0050861740430101
HUN,86T88,1.0049774278872838,1.0029428071988862,1.0050861740430101
HUN,90T93,1.0044655081242366,1.0031524151153668,1.0050861740430101
HUN,94T98,1.0041375919622337,1.0028230954979627,1.0050861740430101
IDN,01T02,0.9346439138872368,0.9976666038725399,1.0032006469491708
IDN,03,1.0022268868500606,0.9929575120344947,1.0032006469491708
IDN,05T06,0.9717357442649873,0.9980263924274151,1.0032006469491708
IDN,07T08,1.0049265541447716,0.9951218552789451,1.0032006469491708
IDN,10T12,0.9943308111710483,1.0151725776355738,1.0032006469491708
IDN,13T15,1.0186411607767067,0.9975655556128767,1.0032006469491708
IDN,16,0.9903433456553964,1.0111058407557387,1.0032006469491708
IDN,17T18,1.0023129215260487,1.0006328393819472,1.0032006469491708
IDN,19,0.9915095525719795,1.0028975756915992,1.0032006469491708
IDN,20,0.98495308532583,1.0028486607349127,1.0032006469491708
IDN,21,0.9976079710447744,1.0036858590303712,1.0032006469491708
IDN,22,0.9818500282683115,1.012290139882039,1.0032006469491708
IDN,23,0.9612085170649664,1.0032123708431682,1.0032006469491708
IDN,24,1.0266442145547812,0.9980607993914853,1.0032006469491708
IDN,25,1.0035039225369702,1.0014366842682607,1.0032006469491708
IDN,26,1.0063021524313174,1.000503141815922,1.0032006469491708
IDN,27,1.0104336295446799,1.000359065308637,1.0032006469491708
IDN,28,1.0052243940426708,1.0021664327369173,1.0032006469491708
IDN,29T30,1.0102885852128551,0.997042046473548,1.0032006469491708
IDN,31T33,0.994886539030525,1.0007651503556654,1.0032006469491708
IDN,35,0.9462918878932052,1.0200699758448681,1.0032006469491708
IDN,36T39,1.0017744355063727,0.998544711376411,1.0032006469491708
IDN,41T43,1.0016181339884864,1.0006678231572947,1.0032006469491708
IDN,45T47,1.0025883111848666,0.9950590535208033,1.0032006469491708
IDN,49,0.9962483648859848,0.9955332875097039,1.0032006469491708
IDN,50,0.9734826761082102,0.9991846780049298,1.0032006469491708
IDN,51,1.002753442799108,0.9968464597594004,1.0032006469491708
IDN,52,1.0013472662024765,0.9969645174305732,1.0032006469491708
IDN,53,1.0038654861100305,0.9971257698440217,1.0032006469491708
IDN,55T56,1.002825739048109,1.0037660903537176,1.0032006469491708
IDN,58T60,1.0043244106197278,0.997557894991735,1.0032006469491708
IDN,61,1.0019340618438295,0.9941711048003732,1.0032006469491708
IDN,62T63,1.0044136426502503,0.9978444783384003,1.0032006469491708
IDN,64T66,0.9977507521950655,0.9926845857083143,1.0032006469491708
IDN,68,1.003240089323866,0.9933966984956187,1.0032006469491708
IDN,69T75,1.0209931379653658,0.9941384911402634,1.0032006469491708
IDN,77T82,1.0000416021091072,0.9939715284876154,1.0032006469491708
IDN,84,1.0027897631392142,0.996456341734564,1.0032006469491708
IDN,85,1.0032621371949095,0.9944910253697214,1.0032006469491708
IDN,86T88,1.0029968760809334,0.9986731357011783,1.0032006469491708
IDN,90T93,1.0054377313929344,0.9962155283730781,1.0032006469491708
IDN,94T98,1.0027039541107923,0.9944951516013958,1.0032006469491708
IND,01T02,0.992105148514859,1.0000581529842383,1.0053307939220564
IND,03,1.0051700858164827,0.9980426491869804,1.0053307939220564
IND,05T06,0.9671986346369468,1.0007762061471468,1.0053307939220564
IND,07T08,0.9585491652210593,1.002823390077847,1.0053307939220564
IND,10T12,1.0049444497219742,1.0067568290914446,1.0053307939220564
IND,13T15,1.0017887823882339,1.003950709821638,1.0053307939220564
IND,16,1.0000046286729605,1.0030220577005164,1.0053307939220564
IND,17T18,0.9972664392135823,1.0040276644059882,1.0053307939220564
IND,19,0.989770479458775,1.0035902503305105,1.0053307939220564
IND,20,0.9942943836686753,1.0041266817657972,1.0053307939220564
IND,21,1.0027049369305243,1.001006042474776,1.0053307939220564
IND,22,0.9841200580238038,1.005096352412929,1.0053307939220564
IND,23,0.9766203040108539,1.0051410870274957,1.0053307939220564
IND,24,0.9439331689685034,1.0087934738074755,1.0053307939220564
IND,25,0.9923052237095434,1.008547486215477,1.0053307939220564
IND,26,0.9992906697642705,1.0080790572307128,1.0053307939220564
IND,27,0.9965999822898757,1.0117586041339774,1.0053307939220564
IND,28,0.998472890413157,1.008483957367509,1.0053307939220564
IND,29T30,1.0003149821155102,1.0105074431753027,1.0053307939220564
IND,31T33,0.9695228169409478,1.006190731159713,1.0053307939220564
IND,35,0.9433469268092101,1.0023395031935451,1.0053307939220564
IND,36T39,0.9952597438591503,1.0021364861812012,1.0053307939220564
IND,41T43,1.0039566269435696,1.006493453620258,1.0053307939220564
IND,45T47,1.0004031992430376,0.9992460193560929,1.0053307939220564
IND,49,0.9950914449069629,1.001687592954428,1.0053307939220564
IND,50,0.9778265984283313,1.0035514143268118,1.0053307939220564
IND,51,0.9860538622840715,1.006228929015035,1.0053307939220564
IND,52,0.9931474418109862,1.0036198700915189,1.0053307939220564
IND,53,0.9963370542824331,1.000127095872358,1.0053307939220564
IND,55T56,1.0016592804789997,1.0055996108015302,1.0053307939220564
IND,58T60,1.00217627056403,1.0024537717721083,1.0053307939220564
IND,61,0.9999427699198202,1.0067757088268423,1.0053307939220564
IND,62T63,1.0083514218649616,0.9987331758488648,1.0053307939220564
IND,64T66,1.0011672527705646,1.0012799761595716,1.0053307939220564
IND,68,1.0050436540860788,0.9982569853084429,1.0053307939220564
IND,69T75,1.0040992071380743,1.0009395661214675,1.0053307939220564
IND,77T82,0.9975419126079611,1.000173805987065,1.0053307939220564
IND,84,1.005342976288962,0.9998073740673251,1.0053307939220564
IND,85,1.0052145422074426,0.9983201434907517,1.0053307939220564
IND,86T88,1.0053709680456697,0.9992897618450752,1.0053307939220564
IND,90T93,1.0051997662983305,1.000429292813231,1.0053307939220564
IND,94T98,1.0051734362310722,1.0019475571819625,1.0053307939220564
IRL,01T02,0.963538329766439,1.0060654691345883,1.0067038862515048
IRL,03,0.9984333399948704,1.0058123819892595,1.0067038862515048
IRL,05T06,0.8878329449889949,1.0064004982194459,1.0067038862515048
IRL,07T08,0.9967755342633996,1.006140079204269,1.0067038862515048
IRL,10T12,1.0036037020417927,1.0061916720687676,1.0067038862515048
IRL,13T15,0.9999687474011744,1.0035545855808377,1.0067038862515048
IRL,16,0.9994023569993526,1.0069527734184673,1.0067038862515048
IRL,17T18,1.005912611471031,1.0035175855759424,1.0067038862515048
IRL,19,1.007823054286028,1.0041013898306503,1.0067038862515048
IRL,20,1.0114161510826642,1.0038531171767762,1.0067038862515048
IRL,21,1.0061113774798818,1.003352066886417,1.0067038862515048
IRL,22,1.0112979184822237,1.0040175922102488,1.0067038862515048
IRL,23,0.9941771333709799,1.0050729705113723,1.0067038862515048
IRL,24,1.0018166533743735,1.0049529073361727,1.0067038862515048
IRL,25,1.008068586987284,1.0039517617569857,1.0067038862515048
IRL,26,1.0037660537973303,1.003701656191553,1.0067038862515048
IRL,27,1.0060624768189574,1.0042299499235525,1.0067038862515048
IRL,28,1.0027427859032112,1.003773197673014,1.0067038862515048
IRL,29T30,1.0041562883306756,1.0042152688301729,1.0067038862515048
IRL,31T33,1.0096427947071656,1.0034942570366003,1.0067038862515048
IRL,35,0.993645259522393,1.0038867197008212,1.0067038862515048
IRL,36T39,1.0049103901153449,1.003672102849157,1.0067038862515048
IRL,41T43,1.0049140672866512,1.004452888796071,1.0067038862515048
IRL,45T47,1.0004609948770062,1.003496718284473,1.0067038862515048
IRL,49,1.0040105171180014,1.003573128606884,1.0067038862515048
IRL,50,0.9988221723653115,1.0055189142099055,1.0067038862515048
IRL,51,0.9297009355405623,1.0041266335149122,1.0067038862515048
IRL,52,1.0004751167028185,1.0037017231064858,1.0067038862515048
IRL,53,1.002331828642059,1.0033623995600789,1.0067038862515048
IRL,55T56,1.0054356270338998,1.0036028765850527,1.0067038862515048
IRL,58T60,1.0025234284049416,1.0032107043923515,1.0067038862515048
IRL,61,1.002300020922796,1.003364758511597,1.0067038862515048
IRL,62T63,1.0010489622501502,1.0033542207046384,1.0067038862515048
IRL,64T66,0.9996482045179925,1.0031303112191758,1.0067038862515048
IRL,68,1.0034039626259958,1.003172845662713,1.0067038862515048
IRL,69T75,1.001076614294647,1.0033073186687853,1.0067038862515048
IRL,77T82,1.0003750587099138,1.0033732052961943,1.0067038862515048
IRL,84,1.0061311182170534,1.0034519294069215,1.0067038862515048
IRL,85,1.0060717953801237,1.003249314186515,1.0067038862515048
IRL,86T88,1.0065694913359196,1.003303538243565,1.0067038862515048
IRL,90T93,1.0041370109294907,1.0035161463617495,1.0067038862515048
IRL,94T98,1.004690118655495,1.0033486458863952,1.0067038862515048
ISL,01T02,0.9962250277788512,1.0046419991913806,1.0040318092541105
ISL,03,0.9965308115196984,1.0034354585154395,1.0040318092541105
ISL,05T06,1.0016810650698964,1.0037619309450863,1.0040318092541105
ISL,07T08,1.0010847724466971,1.003564328679716,1.0040318092541105
ISL,10T12,1.00736464915742,1.005111411655716,1.0040318092541105
ISL,13T15,1.00309802655873,1.0037114265705938,1.0040318092541105
ISL,16,1.012239418501203,1.0046599706326629,1.0040318092541105
ISL,17T18,1.0067138216919844,1.0035036874866596,1.0040318092541105
ISL,19,1.005653977153998,1.0030632214969617,1.0040318092541105
ISL,20,1.0093355145378242,1.0040676369747799,1.0040318092541105
ISL,21,1.0012042168841155,1.0051777329165903,1.0040318092541105
ISL,22,1.0093643382082464,1.0040958083820426,1.0040318092541105
ISL,23,1.01006260796349,1.0039211660355656,1.0040318092541105
ISL,24,0.9936481819296343,1.00588028527267,1.0040318092541105
ISL,25,1.0055005608571137,1.004326324114552,1.0040318092541105
ISL,26,1.00366236583399,1.0038459358078742,1.0040318092541105
ISL,27,1.0016511502184735,1.0042058996163286,1.0040318092541105
ISL,28,1.0035437356193768,1.0038193519253964,1.0040318092541105
ISL,29T30,1.0024712679651862,1.0038814857666545,1.0040318092541105
ISL,31T33,1.0052460306532938,1.0037550031206173,1.0040318092541105
ISL,35,1.001342852073334,1.0031552070243255,1.0040318092541105
ISL,36T39,1.0009888285236535,1.003354988453996,1.0040318092541105
ISL,41T43,1.0038052241167492,1.0038800922516025,1.0040318092541105
ISL,45T47,1.0018553324345902,1.003874674021443,1.0040318092541105
ISL,49,1.0020263033192178,1.0037049099216966,1.0040318092541105
ISL,50,0.9959044343958423,1.0044934533525458,1.0040318092541105
ISL,51,0.99436112142146,1.004889553039512,1.0040318092541105
ISL,52,0.9998185502801644,1.0033378877661705,1.0040318092541105
ISL,53,1.002121974009471,1.0030699575587314,1.0040318092541105
ISL,55T56,1.004196734513302,1.0034604063600303,1.0040318092541105
ISL,58T60,1.0013463853149276,1.0032455900267752,1.0040318092541105
ISL,61,1.0016614500213015,1.0030005465987333,1.0040318092541105
ISL,62T63,1.0019501496821377,1.0028242848653164,1.0040318092541105
ISL,64T66,1.0011991603917723,1.0027457830772621,1.0040318092541105
ISL,68,1.003709377942751,1.002743117376117,1.0040318092541105
ISL,69T75,1.0021222174630744,1.0028788980620378,1.0040318092541105
ISL,77T82,1.0025189958335867,1.003834512893343,1.0040318092541105
ISL,84,1.003900101597618,1.0029368501789617,1.0040318092541105
ISL,85,1.0039589336889903,1.0027502199460374,1.0040318092541105
ISL,86T88,1.003996519153222,1.0027842674070673,1.0040318092541105
ISL,90T93,1.0034585864900245,1.0029552888733624,1.0040318092541105
ISL,94T98,1.0035086168233986,1.002920871351247,1.0040318092541105
ISR,01T02,1.0173011762315536,1.0061864067415442,1.0049831502385356
ISR,03,1.0035313837290813,1.0046547943436404,1.0049831502385356
ISR,05T06,0.9071547359935117,1.0045064099811845,1.0049831502385356
ISR,07T08,0.9964405435158012,1.0040501424468908,1.0049831502385356
ISR,10T12,1.005910989936119,1.0054871067404694,1.0049831502385356
ISR,13T15,1.0005814203932362,1.004234539905031,1.0049831502385356
ISR,16,1.0087213066166378,1.00452400033323,1.0049831502385356
ISR,17T18,1.0052641985240125,1.004250155115701,1.0049831502385356
ISR,19,0.999208874446119,1.0057454829877073,1.0049831502385356
ISR,20,1.0070694970040923,1.0044798166357414,1.0049831502385356
ISR,21,1.004351543394214,1.004094996672174,1.0049831502385356
ISR,22,0.9994098525774088,1.004757512056157,1.0049831502385356
ISR,23,1.003282234688667,1.0050568464786078,1.0049831502385356
ISR,24,1.023544865825191,1.0071896713135213,1.0049831502385356
ISR,25,1.0069740282575264,1.00473113881112,1.0049831502385356
ISR,26,1.0042165378110317,1.0037688652682606,1.0049831502385356
ISR,27,1.0063518368020776,1.004359864095048,1.0049831502385356
ISR,28,1.0045029625803625,1.0043520038107108,1.0049831502385356
ISR,29T30,1.0040788862987624,1.0044547415314589,1.0049831502385356
ISR,31T33,1.0005823521818042,1.0034094884552345,1.0049831502385356
ISR,35,0.9843501483028106,1.0055633635445878,1.0049831502385356
ISR,36T39,1.0047235357617623,1.0043976862987456,1.0049831502385356
ISR,41T43,1.0047631799338503,1.00447717538143,1.0049831502385356
ISR,45T47,1.0022329737776057,1.0035600654158077,1.0049831502385356
ISR,49,1.002103107898954,1.0039694807993518,1.0049831502385356
ISR,50,0.9957482900624627,1.0052046440334097,1.0049831502385356
ISR,51,1.0069675121839547,1.004476893740552,1.0049831502385356
ISR,52,0.9985097306262237,1.0039342978979438,1.0049831502385356
ISR,53,1.0034967874284793,1.0036297039623605,1.0049831502385356
ISR,55T56,1.003347651208609,1.0046132314036216,1.0049831502385356
ISR,58T60,1.0014728906674724,1.0035744817121197,1.0049831502385356
ISR,61,1.003219676913564,1.003395552317105,1.0049831502385356
ISR,62T63,0.9991883276291942,1.0033060707002859,1.0049831502385356
ISR,64T66,1.0018569832617834,1.0034499580912761,1.0049831502385356
ISR,68,1.0044447349824444,1.0033278526937313,1.0049831502385356
ISR,69T75,1.0030218317011026,1.0034982856416863,1.0049831502385356
ISR,77T82,1.0032962979908475,1.0033132047636601,1.0049831502385356
ISR,84,1.0049521121383433,1.003993479137414,1.0049831502385356
ISR,85,1.00487022928647,1.003492784252544,1.0049831502385356
ISR,86T88,1.004882611825322,1.0035897569177037,1.0049831502385356
ISR,90T93,1.0044599232061124,1.003376131593477,1.0049831502385356
ISR,94T98,1.0040698327014916,1.0041097087074964,1.0049831502385356
ITA,01T02,1.0084523145434712,1.0052167692790153,1.0056102396062272
ITA,03,1.0005782024748318,1.004987133943777,1.0056102396062272
ITA,05T06,0.9905494311978118,1.004854954505513,1.0056102396062272
ITA,07T08,1.0011744415446335,1.0040725792268388,1.0056102396062272
ITA,10T12,1.0056164203384,1.0061820858920798,1.0056102396062272
ITA,13T15,1.0020151796789958,1.0045620290968615,1.0056102396062272
ITA,16,1.0055997411546707,1.0054043358694156,1.0056102396062272
ITA,17T18,1.0030760685384532,1.0050161181020363,1.0056102396062272
ITA,19,1.000671294523197,1.0057216731340097,1.0056102396062272
ITA,20,1.0047408879757516,1.0057642284027442,1.0056102396062272
ITA,21,1.0021178480395991,1.004920981434116,1.0056102396062272
ITA,22,1.0064569298372286,1.0055207990735329,1.0056102396062272
ITA,23,1.0034939092434711,1.006275981984041,1.0056102396062272
ITA,24,1.0133566696041276,1.007146775007972,1.0056102396062272
ITA,25,1.0037045835144538,1.0054279976967841,1.0056102396062272
ITA,26,1.003163873466996,1.0049644787233467,1.0056102396062272
ITA,27,1.003258120167227,1.005423862946296,1.0056102396062272
ITA,28,1.002627655229418,1.0050744004698606,1.0056102396062272
ITA,29T30,1.0029391914735208,1.005007456872712,1.0056102396062272
ITA,31T33,1.0062713593606243,1.0049703471810232,1.0056102396062272
ITA,35,0.9942090498634655,1.0080555685969006,1.0056102396062272
ITA,36T39,1.0051141578709146,1.004897156682096,1.0056102396062272
ITA,41T43,1.0050361963864047,1.0048192048531555,1.0056102396062272
ITA,45T47,1.0025612130955246,1.0044226575751578,1.0056102396062272
ITA,49,1.002086346592668,1.0048602180473152,1.0056102396062272
ITA,50,0.9821377102110467,1.0048411322384396,1.0056102396062272
ITA,51,1.0019957749170776,1.0046958354104687,1.0056102396062272
ITA,52,1.0023374727891086,1.0046936753956257,1.0056102396062272
ITA,53,1.001996360216549,1.0054913724576766,1.0056102396062272
ITA,55T56,1.0043622425153602,1.004813803557195,1.0056102396062272
ITA,58T60,1.0016659483177703,1.0042956593547274,1.0056102396062272
ITA,61,1.0027906292510527,1.0041699547129819,1.0056102396062272
ITA,62T63,1.0029607297920016,1.0040917747497864,1.0056102396062272
ITA,64T66,1.003064084785735,1.004014771726611,1.0056102396062272
ITA,68,1.0049136488036499,1.0040089405915609,1.0056102396062272
ITA,69T75,1.0032480054071529,1.0042958309027503,1.0056102396062272
ITA,77T82,1.0032645524869443,1.0044920702545432,1.0056102396062272
ITA,84,1.005398359652638,1.0043167160625643,1.0056102396062272
ITA,85,1.0053213820364806,1.0041464027309606,1.0056102396062272
ITA,86T88,1.00545615944374,1.0044284572238833,1.0056102396062272
ITA,90T93,1.0045526095019996,1.0043897203988827,1.0056102396062272
ITA,94T98,1.0051194622636155,1.0045642086359572,1.0056102396062272
JPN,01T02,1.0105592168535618,1.0055241607261576,1.0053968312548864
JPN,03,1.0013944940742288,1.0046417175092648,1.0053968312548864
JPN,05T06,0.976586815878968,1.004912913350957,1.0053968312548864
JPN,07T08,0.9943946736907312,1.0050698652994972,1.0053968312548864
JPN,10T12,1.0058097267695096,1.0055474917716234,1.0053968312548864
JPN,13T15,1.0017817297248637,1.0047606716472754,1.0053968312548864
JPN,16,1.0057797478305834,1.0056154078377035,1.0053968312548864
JPN,17T18,1.0016120046658603,1.0053741911197198,1.0053968312548864
JPN,19,0.9956092076017987,1.0074182641874878,1.0053968312548864
JPN,20,1.0002140979867393,1.006148039103875,1.0053968312548864
JPN,21,1.001160399332176,1.0049470202423978,1.0053968312548864
JPN,22,1.0065467337156704,1.0055676717459574,1.0053968312548864
JPN,23,0.9974917563373545,1.0047759500599025,1.0053968312548864
JPN,24,1.0074407592336838,1.0062603325030133,1.0053968312548864
JPN,25,1.005061775474416,1.0062530509638952,1.0053968312548864
JPN,26,1.0032579245144158,1.0049508840214803,1.0053968312548864
JPN,27,1.0045165247397416,1.0054802724306666,1.0053968312548864
JPN,28,1.0037162543627194,1.0051332366339845,1.0053968312548864
JPN,29T30,1.0013354540443988,1.0053994176055907,1.0053968312548864
JPN,31T33,1.004292616084657,1.0048847882311827,1.0053968312548864
JPN,35,0.9842456984932687,1.0085856321214266,1.0053968312548864
JPN,36T39,1.0039327313498427,1.00410682334433,1.0053968312548864
JPN,41T43,1.005094368026927,1.0052739483347723,1.0053968312548864
JPN,45T47,1.002455334699259,1.0043864935568134,1.0053968312548864
JPN,49,1.0032191764559732,1.0043491958340054,1.0053968312548864
JPN,50,0.9835500297162246,1.0079638458086386,1.0053968312548864
JPN,51,0.9959107234191914,1.0054460894231256,1.0053968312548864
JPN,52,1.0016398903263968,1.0042298135665575,1.0053968312548864
JPN,53,1.002439643803625,1.0042036210323166,1.0053968312548864
JPN,55T56,1.004300322980136,1.0051190191240216,1.0053968312548864
JPN,58T60,1.0026627429120736,1.0042159124328693,1.0053968312548864
JPN,61,1.0046710799105747,1.0040882683050554,1.0053968312548864
JPN,62T63,1.0028537785113545,1.0039692522135981,1.0053968312548864
JPN,64T66,1.0034137833143935,1.0039359627443727,1.0053968312548864
JPN,68,1.0048967566453688,1.0036748146215402,1.0053968312548864
JPN,69T75,1.002559419487409,1.004074986612128,1.0053968312548864
JPN,77T82,1.0018138325503345,1.004048479810367,1.0053968312548864
JPN,84,1.0053725449318012,1.0041083079266355,1.0053968312548864
JPN,85,1.005105842374226,1.0040267661286748,1.0053968312548864
JPN,86T88,1.005350018071807,1.004251468987312,1.0053968312548864
JPN,90T93,1.0047835712160271,1.0047143734194568,1.0053968312548864
JPN,94T98,1.0048280096561408,1.0044272227490436,1.0053968312548864
KAZ,01T02,0.986782384656032,0.9973540076591043,1.0007751636627498
KAZ,03,1.0009215571412415,0.9932070253928296,1.0007751636627498
KAZ,05T06,0.9797006928988985,0.9967314702195538,1.0007751636627498
KAZ,07T08,0.9740478553259831,0.9989250330984585,1.0007751636627498
KAZ,10T12,1.0044777657947468,1.000107927847879,1.0007751636627498
KAZ,13T15,1.0113426054643202,0.9988796024945649,1.0007751636627498
KAZ,16,0.9824546712477596,1.0014340350017632,1.0007751636627498
KAZ,17T18,1.0056550733890266,0.9983047496148166,1.0007751636627498
KAZ,19,0.9814121582681097,0.9992975473361514,1.0007751636627498
KAZ,20,0.9827682903410108,0.9985673884580913,1.0007751636627498
KAZ,21,0.9915091904665301,0.9948829988602343,1.0007751636627498
KAZ,22,0.9987319944775934,1.0000294310905233,1.0007751636627498
KAZ,23,0.9191021761656651,1.0008003328452368,1.0007751636627498
KAZ,24,0.9951037376231324,0.9976987449519039,1.0007751636627498
KAZ,25,1.0073057423494542,0.9992777228934014,1.0007751636627498
KAZ,26,1.0013324358976383,0.9973025812455788,1.0007751636627498
KAZ,27,1.0110664191468577,0.998178969887669,1.0007751636627498
KAZ,28,1.0067842277107315,0.9983538413950014,1.0007751636627498
KAZ,29T30,1.0136721281523706,0.9960064950357882,1.0007751636627498
KAZ,31T33,1.000282837694352,0.9986088999770325,1.0007751636627498
KAZ,35,0.844782149286282,1.002005898946445,1.0007751636627498
KAZ,36T39,0.9947209676881215,1.004566283418276,1.0007751636627498
KAZ,41T43,0.9982657164027876,1.002292784495602,1.0007751636627498
KAZ,45T47,0.9999558329213978,0.9949871502749945,1.0007751636627498
KAZ,49,0.9946390462510717,0.9961917067623001,1.0007751636627498
KAZ,50,1.0159369501593454,0.9983886207711844,1.0007751636627498
KAZ,51,1.003943022203322,0.9956468971951038,1.0007751636627498
KAZ,52,1.0015105824252273,0.9956204793060333,1.0007751636627498
KAZ,53,1.0032472282359104,0.9947605044395064,1.0007751636627498
KAZ,55T56,1.0067552278265781,0.9966173604679567,1.0007751636627498
KAZ,58T60,1.0022389947736563,0.9997011078370159,1.0007751636627498
KAZ,61,1.0013917624627062,0.9966578558736479,1.0007751636627498
KAZ,62T63,0.9963496374150292,0.9978679435389689,1.0007751636627498
KAZ,64T66,0.9989200591514609,0.9941152237924983,1.0007751636627498
KAZ,68,1.000829863595686,0.995299119227492,1.0007751636627498
KAZ,69T75,0.9998184128568687,0.9970452780939488,1.0007751636627498
KAZ,77T82,0.9984741277976544,0.9965017896054758,1.0007751636627498
KAZ,84,1.0007673895867208,1.001622613494534,1.0007751636627498
KAZ,85,1.0007518921701481,1.0012765725056285,1.0007751636627498
KAZ,86T88,1.000532156582016,0.9999053842970194,1.0007751636627498
KAZ,90T93,1.0004884417441056,1.0019970282642843,1.0007751636627498
KAZ,94T98,1.000484815579924,1.004623211022477,1.0007751636627498
KHM,01T02,0.8840676371210063,0.9969119905905623,1.007007201428285
KHM,03,0.9954680963296142,0.989201241683124,1.007007201428285
KHM,05T06,1.0040162752224846,0.9926893335816389,1.007007201428285
KHM,07T08,0.989437387297969,0.993973248869941,1.007007201428285
KHM,10T12,0.9883659593991511,1.0172408058065456,1.007007201428285
KHM,13T15,1.0348621130000613,0.997018376305958,1.007007201428285
KHM,16,0.9973791283456696,1.0017232515944892,1.007007201428285
KHM,17T18,1.0090926451550988,1.0033853949292966,1.007007201428285
KHM,19,0.8418524369857295,0.9994726653743269,1.007007201428285
KHM,20,1.005909064061065,1.004531304784624,1.007007201428285
KHM,21,1.0260622887769848,0.995872228693113,1.007007201428285
KHM,22,0.9918180040683098,1.0082508271614927,1.007007201428285
KHM,23,0.8323827540649344,0.9964794778614636,1.007007201428285
KHM,24,1.0739716598988336,0.9961406220515451,1.007007201428285
KHM,25,1.0339832518255805,0.9985229793424651,1.007007201428285
KHM,26,1.0147681503278512,0.9968605609477106,1.007007201428285
KHM,27,1.0224509412085139,0.9981426538545644,1.007007201428285
KHM,28,1.0214680078708276,0.9963582637698345,1.007007201428285
KHM,29T30,1.0178831104598776,0.997415143908418,1.007007201428285
KHM,31T33,1.0030186332165614,0.9982256354129816,1.007007201428285
KHM,35,0.9472526614959225,1.0047759588898313,1.007007201428285
KHM,36T39,1.0042748294510428,1.0018450670888792,1.007007201428285
KHM,41T43,1.0044886365589056,0.9961763787575479,1.007007201428285
KHM,45T47,1.0173072713532267,0.9964333395226291,1.007007201428285
KHM,49,1.0042557227212374,0.995594257669214,1.007007201428285
KHM,50,1.012772991212243,0.9987143186253218,1.007007201428285
KHM,51,0.967487423114138,1.0002499809816872,1.007007201428285
KHM,52,1.018718062350424,0.9941542042503616,1.007007201428285
KHM,53,1.0195141692119167,0.994738042003543,1.007007201428285
KHM,55T56,1.003122961594877,1.0078353148853667,1.007007201428285
KHM,58T60,1.0178528538170797,0.9965611504329365,1.007007201428285
KHM,61,1.0100188055950887,0.9950005858271027,1.007007201428285
KHM,62T63,1.0169595393314816,0.99636431294713,1.007007201428285
KHM,64T66,1.0202682252208801,0.9908975918416364,1.007007201428285
KHM,68,1.010840262411995,0.9945132152000493,1.007007201428285
KHM,69T75,1.0150009281274943,0.9958194680253566,1.007007201428285
KHM,77T82,1.0111509003312669,0.9960179800773837,1.007007201428285
KHM,84,1.0069546974820098,0.9983697263980028,1.007007201428285
KHM,85,1.0096119601897187,0.9928925583771736,1.007007201428285
KHM,86T88,1.0083939560209154,0.9941047135583676,1.007007201428285
KHM,90T93,1.012462177639014,0.9943339888385423,1.007007201428285
KHM,94T98,1.008881131518789,0.9934462212536638,1.007007201428285
KOR,01T02,1.0104742591608316,1.0047345687890108,1.0066904469565916
KOR,03,1.000694717376465,1.0050165039812302,1.0066904469565916
KOR,05T06,0.9018734658824837,1.0044395707170797,1.0066904469565916
KOR,07T08,0.9949418231333437,1.0052056542599728,1.0066904469565916
KOR,10T12,1.0059169188811434,1.00650422808876,1.0066904469565916
KOR,13T15,1.0008295937062834,1.0055308143223767,1.0066904469565916
KOR,16,1.0059327654504826,1.0064126742653317,1.0066904469565916
KOR,17T18,1.000311987140631,1.0059425531379547,1.0066904469565916
KOR,19,0.9966344203415435,1.0049757734199056,1.0066904469565916
KOR,20,1.000828607578566,1.0065725163690733,1.0066904469565916
KOR,21,1.0036679560383746,1.0053185599594963,1.0066904469565916
KOR,22,1.0031368940547996,1.0060869513572173,1.0066904469565916
KOR,23,0.9948121757773387,1.0081256025794643,1.0066904469565916
KOR,24,0.9946781990831816,1.0098293077833906,1.0066904469565916
KOR,25,1.0028432631660522,1.0069737375788486,1.0066904469565916
KOR,26,1.00225043627539,1.0049513676830462,1.0066904469565916
KOR,27,1.002626374206258,1.0062551175751462,1.0066904469565916
KOR,28,1.002886483355652,1.0059285332455012,1.0066904469565916
KOR,29T30,1.0005143419781792,1.00608954463719,1.0066904469565916
KOR,31T33,1.0041328950785553,1.0055865321933448,1.0066904469565916
KOR,35,0.9709543365949648,1.010570873909281,1.0066904469565916
KOR,36T39,1.002286416650738,1.0052807676256843,1.0066904469565916
KOR,41T43,1.006278521014199,1.0063194284829438,1.0066904469565916
KOR,45T47,1.000951969049224,1.0044005548212338,1.0066904469565916
KOR,49,0.9983326103037614,1.0049711650104005,1.0066904469565916
KOR,50,0.9910709209976268,1.006619424277714,1.0066904469565916
KOR,51,0.9836171824372615,1.004681446278195,1.0066904469565916
KOR,52,0.9976902879043481,1.004723320126763,1.0066904469565916
KOR,53,0.9984228455032945,1.0047089321487626,1.0066904469565916
KOR,55T56,1.0042391477139467,1.0054400257452858,1.0066904469565916
KOR,58T60,1.0025333549221798,1.0039272824647814,1.0066904469565916
KOR,61,1.0031894137378083,1.0043510865378058,1.0066904469565916
KOR,62T63,1.0027395549719669,1.0035433585374887,1.0066904469565916
KOR,64T66,1.0041077756877737,1.0034196495829641,1.0066904469565916
KOR,68,1.0058951207159295,1.003435658139592,1.0066904469565916
KOR,69T75,1.0021091232621924,1.0049732265476496,1.0066904469565916
KOR,77T82,1.0014745922489958,1.0036010265714426,1.0066904469565916
KOR,84,1.0064922107080954,1.0035789366186387,1.0066904469565916
KOR,85,1.0063388018283645,1.0042115960780402,1.0066904469565916
KOR,86T88,1.006394433237495,1.0045670463639467,1.0066904469565916
KOR,90T93,1.0050859385447228,1.0049065695362798,1.0066904469565916
KOR,94T98,1.004753859009542,1.004835466525414,1.0066904469565916
LAO,01T02,0.9408164491370063,0.9924760797045334,0.9964789204953037
LAO,03,0.9800390617696616,0.9854138985384887,0.9964789204953037
LAO,05T06,0.9841402823950807,0.990645719125417,0.9964789204953037
LAO,07T08,0.9953797145371319,0.9906206102229018,0.9964789204953037
LAO,10T12,0.9891123169145474,1.0127803836647418,0.9964789204953037
LAO,13T15,1.0346844111791171,0.9907535569681986,0.9964789204953037
LAO,16,0.995783529503319,1.0062269913913857,0.9964789204953037
LAO,17T18,1.002352697798173,1.0054398397146407,0.9964789204953037
LAO,19,1.0139716351858472,0.9941559207050616,0.9964789204953037
LAO,20,1.0391803984055272,0.9938289087926045,0.9964789204953037
LAO,21,1.0058544647135295,0.9909830568316703,0.9964789204953037
LAO,22,0.9710084898000791,0.9969373345606407,0.9964789204953037
LAO,23,1.0090686111922944,0.9938567262852156,0.9964789204953037
LAO,24,1.0866059191541697,0.9959340225836302,0.9964789204953037
LAO,25,1.0361344280288833,0.996426983538806,0.9964789204953037
LAO,26,1.0115015156561562,0.9957811766489192,0.9964789204953037
LAO,27,1.02558545870237,0.9962911645217888,0.9964789204953037
LAO,28,1.020137265347916,0.9959589504820904,0.9964789204953037
LAO,29T30,1.0191790803322438,0.9969139499386982,0.9964789204953037
LAO,31T33,0.9665128645047956,0.9971860190074242,0.9964789204953037
LAO,35,0.8769891474947579,0.9937416955081716,0.9964789204953037
LAO,36T39,0.9864955796339644,0.992094416738519,0.9964789204953037
LAO,41T43,0.9947171537569552,0.9966236315212733,0.9964789204953037
LAO,45T47,1.0015633941149291,0.9907492703981466,0.9964789204953037
LAO,49,1.0064970218390041,0.9931912830304326,0.9964789204953037
LAO,50,0.9436566883024303,0.9981789769216544,0.9964789204953037
LAO,51,1.0151029617027632,0.9902887249005636,0.9964789204953037
LAO,52,0.9905420995217344,0.9965217932862157,0.9964789204953037
LAO,53,1.004675517857119,0.9899943774472326,0.9964789204953037
LAO,55T56,1.0019500392554461,0.9989372454969615,0.9964789204953037
LAO,58T60,1.0006280786218558,0.9979515713827886,0.9964789204953037
LAO,61,0.9996852104178662,0.9901375254956029,0.9964789204953037
LAO,62T63,1.001340927068454,0.9938451933698919,0.9964789204953037
LAO,64T66,1.002174707342596,0.9878641071318918,0.9964789204953037
LAO,68,1.0003734166965346,0.9878047277564265,0.9964789204953037
LAO,69T75,1.0032057630008653,0.9923412973535642,0.9964789204953037
LAO,77T82,1.0006769542415115,0.9933726087897052,0.9964789204953037
LAO,84,0.9965033922922875,0.9907692634258073,0.9964789204953037
LAO,85,0.999108187913464,0.9899146865509834,0.9964789204953037
LAO,86T88,1.0013232925969044,0.9920997964947729,0.9964789204953037
LAO,90T93,1.0045000254411967,0.9915011485354899,0.9964789204953037
LAO,94T98,0.9987626299761098,0.9898225496878902,0.9964789204953037
LTU,01T02,0.9663688981645944,1.0049646376155912,1.0045918450626297
LTU,03,1.0029592708470172,1.0032868291443962,1.0045918450626297
LTU,05T06,0.9537748268777477,1.0035437517860624,1.0045918450626297
LTU,07T08,0.9992819930908557,1.0033641755455158,1.0045918450626297
LTU,10T12,1.0033655088506752,1.0060938965142072,1.0045918450626297
LTU,13T15,1.0060848625531793,1.0027690571737653,1.0045918450626297
LTU,16,1.0057706856399595,1.0055769860101167,1.0045918450626297
LTU,17T18,1.0044539826647572,1.0035211669645372,1.0045918450626297
LTU,19,1.002449126122935,1.0033775084794532,1.0045918450626297
LTU,20,0.955643400730319,1.0067748379281212,1.0045918450626297
LTU,21,1.0040081045209586,1.0026976302222017,1.0045918450626297
LTU,22,1.0059371198247,1.0047260359254369,1.0045918450626297
LTU,23,0.9939545500476442,1.0031855781230543,1.0045918450626297
LTU,24,1.0363631140816485,1.005022846168637,1.0045918450626297
LTU,25,1.0076191675283837,1.0036431331019446,1.0045918450626297
LTU,26,1.0050338165988337,1.0026980535483367,1.0045918450626297
LTU,27,1.0057274697299472,1.0038725460989575,1.0045918450626297
LTU,28,1.003597332713553,1.0036364326974079,1.0045918450626297
LTU,29T30,1.005212692880982,1.003541373592297,1.0045918450626297
LTU,31T33,1.00841435653076,1.003163254723908,1.0045918450626297
LTU,35,1.0088431824639092,1.0028909199190796,1.0045918450626297
LTU,36T39,1.003464275907663,1.0027071287334959,1.0045918450626297
LTU,41T43,1.0039646654851195,1.0029684298592834,1.0045918450626297
LTU,45T47,1.0018625098387042,1.0018787491029923,1.0045918450626297
LTU,49,1.0006732396360554,1.002438978107487,1.0045918450626297
LTU,50,0.9902925646534857,1.0023512874058675,1.0045918450626297
LTU,51,1.0183353264947845,1.0031365758540287,1.0045918450626297
LTU,52,1.0000775933438064,1.0022433308190637,1.0045918450626297
LTU,53,1.0030304327686295,1.0020179803180758,1.0045918450626297
LTU,55T56,1.0038516581203458,1.002358727799658,1.0045918450626297
LTU,58T60,1.0014562120960864,1.0025426830950663,1.0045918450626297
LTU,61,1.0025875937184532,1.0018213433583392,1.0045918450626297
LTU,62T63,1.0018342455907783,1.001636967640732,1.0045918450626297
LTU,64T66,1.0024902134607376,1.0014809186947813,1.0045918450626297
LTU,68,1.0026808530657008,1.002073182336151,1.0045918450626297
LTU,69T75,1.0010428265958013,1.0017561524415586,1.0045918450626297
LTU,77T82,1.0021062052337155,1.0020471250504626,1.0045918450626297
LTU,84,1.0043215982864324,1.001709079228039,1.0045918450626297
LTU,85,1.0043539330373532,1.0015378716922163,1.0045918450626297
LTU,86T88,1.0044397512709482,1.0018356615152477,1.0045918450626297
LTU,90T93,1.0039519409924065,1.0019312288075677,1.0045918450626297
LTU,94T98,1.0035786791378443,1.0018567465356987,1.0045918450626297
LVA,01T02,0.9790523291345872,1.0070502570888316,1.0040672000465163
LVA,03,0.9979696886153832,1.0031739228507812,1.0040672000465163
LVA,05T06,0.4684794922196217,1.0045559616839994,1.0040672000465163
LVA,07T08,0.9979096402887322,1.0034215737543315,1.0040672000465163
LVA,10T12,1.0026677652529261,1.0064675011438446,1.0040672000465163
LVA,13T15,1.0022748685747809,1.0035930222527707,1.0040672000465163
LVA,16,0.9984025511996845,1.00745955570704,1.0040672000465163
LVA,17T18,1.0062613232193103,1.0031086897891952,1.0040672000465163
LVA,19,0.7963292252895178,1.00262121360798,1.0040672000465163
LVA,20,1.008201911501853,1.0056343019767986,1.0040672000465163
LVA,21,1.0030373345170158,1.0025596771271157,1.0040672000465163
LVA,22,1.0072427837004647,1.0043426881904165,1.0040672000465163
LVA,23,0.9892593220075603,1.0037636893079707,1.0040672000465163
LVA,24,1.038311928172282,1.005080104200188,1.0040672000465163
LVA,25,1.0042962091045429,1.0045262098211118,1.0040672000465163
LVA,26,1.0046526900018087,1.0027271422182713,1.0040672000465163
LVA,27,1.0058235367609372,1.0032374573534242,1.0040672000465163
LVA,28,1.0030827276352121,1.003551104625174,1.0040672000465163
LVA,29T30,1.0016962085794756,1.0046488159501654,1.0040672000465163
LVA,31T33,1.0049753695664414,1.0037649210884056,1.0040672000465163
LVA,35,1.0010595597993026,1.004697166235702,1.0040672000465163
LVA,36T39,1.0040491700432512,1.002873719563706,1.0040672000465163
LVA,41T43,1.003054981089018,1.003902234857132,1.0040672000465163
LVA,45T47,1.001230853902819,1.0021597765496744,1.0040672000465163
LVA,49,0.9954865464546578,1.0028503974090488,1.0040672000465163
LVA,50,1.0089453462770321,1.0027935780290604,1.0040672000465163
LVA,51,1.0034165115949971,1.0037796821808191,1.0040672000465163
LVA,52,1.000290576880137,1.002392744213181,1.0040672000465163
LVA,53,1.002914401891058,1.0018341347700517,1.0040672000465163
LVA,55T56,1.0036357449013806,1.002732082940484,1.0040672000465163
LVA,58T60,0.9990367366522886,1.0018265787635805,1.0040672000465163
LVA,61,1.0034030380433365,1.0015768648811472,1.0040672000465163
LVA,62T63,1.0018138554845708,1.0013548585522116,1.0040672000465163
LVA,64T66,1.0013812393926884,1.0013405264748136,1.0040672000465163
LVA,68,1.0031538173923313,1.0018379131919528,1.0040672000465163
LVA,69T75,1.001867814593885,1.0016375074694621,1.0040672000465163
LVA,77T82,1.0013626251897312,1.0025980074113217,1.0040672000465163
LVA,84,1.0038816253895095,1.0017234473517929,1.0040672000465163
LVA,85,1.0039055057526038,1.002003319016145,1.0040672000465163
LVA,86T88,1.0039827540589328,1.0021979637552518,1.0040672000465163
LVA,90T93,1.0037696139386547,1.002434658600926,1.0040672000465163
LVA,94T98,1.0037309567178538,1.0022946888105413,1.0040672000465163
MAR,01T02,1.0027549122250043,1.004349787944289,1.005942007528659
MAR,03,1.0036060245588865,1.002760837359037,1.005942007528659
MAR,05T06,0.9888617320165779,1.0038502672402343,1.005942007528659
MAR,07T08,0.9914511847114359,1.003868196531511,1.005942007528659
MAR,10T12,1.0046012132753748,1.0069806306149647,1.005942007528659
MAR,13T15,1.0020933608353957,1.004185097047429,1.005942007528659
MAR,16,1.008077913672733,1.0051437375968881,1.005942007528659
MAR,17T18,1.000533466207452,1.0046379247914232,1.005942007528659
MAR,19,0.9943265255564044,1.0070978491047955,1.005942007528659
MAR,20,1.0048857051059623,1.004677655180924,1.005942007528659
MAR,21,1.0038983605874459,1.0038447084489404,1.005942007528659
MAR,22,1.0033105430570313,1.007668628856848,1.005942007528659
MAR,23,0.9614123350819441,1.008528221781619,1.005942007528659
MAR,24,1.016105487769377,1.00614114438705,1.005942007528659
MAR,25,1.0028973631381946,1.006014401290958,1.005942007528659
MAR,26,1.0022807435972032,1.0051048040576165,1.005942007528659
MAR,27,1.0049466629764046,1.0047326967693497,1.005942007528659
MAR,28,1.0033999133096796,1.0051140388280642,1.005942007528659
MAR,29T30,1.0026674986709017,1.0049008161185968,1.005942007528659
MAR,31T33,1.0089973045491487,1.0039326356039349,1.005942007528659
MAR,35,0.9611440516246196,1.00397176580946,1.005942007528659
MAR,36T39,1.001992366354684,1.0031414049938092,1.005942007528659
MAR,41T43,1.0049394650977936,1.009167864994085,1.005942007528659
MAR,45T47,1.00195679689446,1.0033793007500658,1.005942007528659
MAR,49,0.9942935768579272,1.0036795026360696,1.005942007528659
MAR,50,0.9934950874873192,1.005468348994907,1.005942007528659
MAR,51,0.9694118026495465,1.0050280396469344,1.005942007528659
MAR,52,0.9989214627398153,1.0036122062817412,1.005942007528659
MAR,53,1.0029263488017996,1.002982212494477,1.005942007528659
MAR,55T56,1.0036342398104752,1.0041975820141504,1.005942007528659
MAR,58T60,0.9975784805451374,1.0055325574927234,1.005942007528659
MAR,61,1.0039144161379634,1.0035508977496086,1.005942007528659
MAR,62T63,1.0048389236082593,1.0018333387736817,1.005942007528659
MAR,64T66,1.0012771680059298,1.0021846153611478,1.005942007528659
MAR,68,1.0046495519290106,1.0017685921598913,1.005942007528659
MAR,69T75,1.0031056024859895,1.0018880620870492,1.005942007528659
MAR,77T82,1.0023742686412784,1.001991169805367,1.005942007528659
MAR,84,1.0056262825042444,1.003293683425438,1.005942007528659
MAR,85,1.0058113848229875,1.0026147334496172,1.005942007528659
MAR,86T88,1.0057510570262316,1.0029761999006472,1.005942007528659
MAR,90T93,1.0032321062969622,1.003804799475513,1.005942007528659
MAR,94T98,1.0044804156961524,1.0027201696255499,1.005942007528659
MEX,01T02,0.9838624978827083,1.0029870531557223,1.003317549978185
MEX,03,1.0005347018525823,1.0027986798291537,1.003317549978185
MEX,05T06,0.9793611234109483,1.0022522767494892,1.003317549978185
MEX,07T08,0.9979292879334098,1.0028162984535323,1.003317549978185
MEX,10T12,1.0033197820094153,1.0062211092956344,1.003317549978185
MEX,13T15,1.0035507195869646,1.003725321832626,1.003317549978185
MEX,16,0.9977525541414366,1.0064460682575331,1.003317549978185
MEX,17T18,1.0005848556193109,1.0041200471335998,1.003317549978185
MEX,19,0.9902309668125759,1.007217630541218,1.003317549978185
MEX,20,0.9585138727867248,1.0063724139704133,1.003317549978185
MEX,21,0.9994307949618145,1.0046414099607939,1.003317549978185
MEX,22,0.9927278350161264,1.0065745063998457,1.003317549978185
MEX,23,0.9657789922077522,1.0087266416309073,1.003317549978185
MEX,24,1.009359185587592,1.0044633894375712,1.003317549978185
MEX,25,1.0031842305432215,1.0052387535167,1.003317549978185
MEX,26,1.0036385667155416,1.003414362994614,1.003317549978185
MEX,27,1.0043188770121099,1.0046709444700113,1.003317549978185
MEX,28,1.0044406583895915,1.0032961974510821,1.003317549978185
MEX,29T30,1.0035283949861264,1.003773564566702,1.003317549978185
MEX,31T33,0.9962399160144866,1.0039205582378263,1.003317549978185
MEX,35,0.9671387676649821,1.0022878805468072,1.003317549978185
MEX,36T39,1.0004343339075623,1.0065114817451006,1.003317549978185
MEX,41T43,1.002942890493565,1.0029173556950775,1.003317549978185
MEX,45T47,1.002259106437394,1.0007668900203583,1.003317549978185
MEX,49,0.9976164540203106,1.0019588213951647,1.003317549978185
MEX,50,0.9857845869278576,1.0009700245213655,1.003317549978185
MEX,51,1.0006425134736718,1.003587214624641,1.003317549978185
MEX,52,1.001238841237567,1.001472967844971,1.003317549978185
MEX,53,0.9999445085309497,1.002017239516932,1.003317549978185
MEX,55T56,1.0044258941911373,1.0017651473708609,1.003317549978185
MEX,58T60,1.0034048542232308,1.0016772925054094,1.003317549978185
MEX,61,1.0029687099481797,1.0008560019458912,1.003317549978185
MEX,62T63,1.0031399824855718,1.0012028792536374,1.003317549978185
MEX,64T66,1.0033722551977444,1.0002881744475611,1.003317549978185
MEX,68,1.0031035140777362,1.000057274270428,1.003317549978185
MEX,69T75,1.0009215174937176,1.0008499056937572,1.003317549978185
MEX,77T82,1.0003377075453932,1.00070966400762,1.003317549978185
MEX,84,1.0032757610001777,1.0015712966994939,1.003317549978185
MEX,85,1.003399683633178,1.0006504806362233,1.003317549978185
MEX,86T88,1.0033409863904552,1.0017094501217039,1.003317549978185
MEX,90T93,1.003536135319559,1.001290567480795,1.003317549978185
MEX,94T98,1.0031837057205766,1.0007207046262094,1.003317549978185
MLT,01T02,1.0136531741629773,1.0038222056871406,1.0057774812151752
MLT,03,1.0025591228996407,1.0062186679271072,1.0057774812151752
MLT,05T06,0.9931925226125842,1.0051390987632727,1.0057774812151752
MLT,07T08,1.0044306379161696,1.004045451674779,1.0057774812151752
MLT,10T12,1.0078426317251334,1.0051637871514907,1.0057774812151752
MLT,13T15,0.9983798722866631,1.005446368290662,1.0057774812151752
MLT,16,1.0047102967530497,1.0045044672502037,1.0057774812151752
MLT,17T18,1.0075462563246478,1.0045792631708037,1.0057774812151752
MLT,19,0.9996437686800739,1.0059139131496073,1.0057774812151752
MLT,20,1.0104754650788677,1.0052946304868846,1.0057774812151752
MLT,21,1.0001053767683075,1.0055740773632993,1.0057774812151752
MLT,22,1.0086498930446832,1.0045119580238464,1.0057774812151752
MLT,23,1.0120934148737202,1.0054730217623098,1.0057774812151752
MLT,24,1.031292938966119,1.0047347149573675,1.0057774812151752
MLT,25,1.0008603485894942,1.005666951924105,1.0057774812151752
MLT,26,1.0015462908308206,1.0056118354469994,1.0057774812151752
MLT,27,1.0037614837148034,1.005073229422944,1.0057774812151752
MLT,28,1.0022619463101625,1.0052657335384352,1.0057774812151752
MLT,29T30,1.0039928714194324,1.004017891386077,1.0057774812151752
MLT,31T33,1.0046218795567532,1.0043519761558777,1.0057774812151752
MLT,35,0.9900256455756611,1.0102143295060835,1.0057774812151752
MLT,36T39,1.0039141289871087,1.0050903225357501,1.0057774812151752
MLT,41T43,1.0042174111695994,1.004536360553601,1.0057774812151752
MLT,45T47,1.0022068281011447,1.004102608289884,1.0057774812151752
MLT,49,1.0021363479516512,1.003959920491032,1.0057774812151752
MLT,50,0.9073040674717169,1.0041098938672355,1.0057774812151752
MLT,51,1.0042658669170021,1.0047165347983855,1.0057774812151752
MLT,52,0.9964525387161227,1.0040123917967632,1.0057774812151752
MLT,53,1.0001399323300293,1.006749836934983,1.0057774812151752
MLT,55T56,1.0033351929151553,1.0043082303454778,1.0057774812151752
MLT,58T60,1.0013628450722794,1.0029393259849564,1.0057774812151752
MLT,61,1.0018524878018977,1.002770274290599,1.0057774812151752
MLT,62T63,1.0002556463503773,1.003311704200112,1.0057774812151752
MLT,64T66,1.0003860487455782,1.0035991340945571,1.0057774812151752
MLT,68,1.0033126923016813,1.0031035757009317,1.0057774812151752
MLT,69T75,1.000353807701689,1.0032595530470392,1.0057774812151752
MLT,77T82,0.9997856408390003,1.0038638687823564,1.0057774812151752
MLT,84,1.0050341904494582,1.0029666631413097,1.0057774812151752
MLT,85,1.00498436780284,1.0025793996079164,1.0057774812151752
MLT,86T88,1.0054014741094346,1.0034299682865209,1.0057774812151752
MLT,90T93,1.0030441033818946,1.0024731359727985,1.0057774812151752
MLT,94T98,1.003994009993981,1.0034306956951327,1.0057774812151752
MMR,01T02,0.9372786008300422,1.0079273552251513,1.0037808292378887
MMR,03,1.0023130221635788,0.984723449362806,1.0037808292378887
MMR,05T06,0.9746701638995396,0.9941389705245149,1.0037808292378887
MMR,07T08,1.011266925645361,0.9955300584785848,1.0037808292378887
MMR,10T12,0.9854198736469095,1.0140516330071492,1.0037808292378887
MMR,13T15,1.0185003492748235,0.9986751925933746,1.0037808292378887
MMR,16,0.994022219847485,1.0055334547694237,1.0037808292378887
MMR,17T18,1.0125215206148444,0.9977343916072626,1.0037808292378887
MMR,19,0.9962691434229644,0.9996874503110869,1.0037808292378887
MMR,20,1.0022556146318937,1.0042003189258164,1.0037808292378887
MMR,21,1.0021686370177225,1.0021130363706756,1.0037808292378887
MMR,22,1.00925635020326,1.0032085502547663,1.0037808292378887
MMR,23,0.9967977678219514,0.9968303549301939,1.0037808292378887
MMR,24,1.0698512153036184,0.9982286354928244,1.0037808292378887
MMR,25,1.0184122377110836,0.9967555161014436,1.0037808292378887
MMR,26,1.008674462387012,0.9950396185233599,1.0037808292378887
MMR,27,1.0162022059676463,0.9966526821878433,1.0037808292378887
MMR,28,1.0153951449413072,0.9956605690437212,1.0037808292378887
MMR,29T30,1.0180670660264437,0.9953038669246944,1.0037808292378887
MMR,31T33,1.0114041868769061,0.9966520527217371,1.0037808292378887
MMR,35,0.9156321838610536,1.003806494680334,1.0037808292378887
MMR,36T39,1.0039189772717403,0.9953484189238913,1.0037808292378887
MMR,41T43,0.9983137205227615,0.9975591595982268,1.0037808292378887
MMR,45T47,0.9976059266609741,0.9972493158197723,1.0037808292378887
MMR,49,0.9940587466630311,0.9931547942211517,1.0037808292378887
MMR,50,1.0033375173332575,0.9982956594722282,1.0037808292378887
MMR,51,1.0114224944090568,0.995236116702573,1.0037808292378887
MMR,52,1.00130213968246,0.9946079029815607,1.0037808292378887
MMR,53,1.0071194788487812,0.9903495937266077,1.0037808292378887
MMR,55T56,1.0062999720263586,0.9993328719356539,1.0037808292378887
MMR,58T60,1.0203861418889502,0.9932843473227089,1.0037808292378887
MMR,61,1.007900601619838,0.9884560032683118,1.0037808292378887
MMR,62T63,1.0288589893757203,0.9903418812241395,1.0037808292378887
MMR,64T66,1.0034687601812078,0.9877365954892148,1.0037808292378887
MMR,68,1.0062995488446222,0.9890407728469647,1.0037808292378887
MMR,69T75,1.0210762006898342,0.9917359457769074,1.0037808292378887
MMR,77T82,1.0077678027288877,0.9932930249810707,1.0037808292378887
MMR,84,1.0038270265981755,0.9940457349210434,1.0037808292378887
MMR,85,1.0041112273984902,0.9945416123050157,1.0037808292378887
MMR,86T88,1.0039458002700399,0.9956944689850782,1.0037808292378887
MMR,90T93,1.0044039795728976,0.9998501119545656,1.0037808292378887
MMR,94T98,1.0040465650880923,0.998217647271104,1.0037808292378887
NLD,01T02,1.015793872202856,1.005785251351794,1.0054061898496913
NLD,03,0.9924003693074052,1.0038916240490976,1.0054061898496913
NLD,05T06,0.9922313896723729,1.0052170063057693,1.0054061898496913
NLD,07T08,1.0002642766627126,1.0061804851585838,1.0054061898496913
NLD,10T12,1.0046767086018908,1.006580814502113,1.0054061898496913
NLD,13T15,0.999014279200631,1.005120076328638,1.0054061898496913
NLD,16,1.0091544834910018,1.0046712880513016,1.0054061898496913
NLD,17T18,1.0038872731288953,1.0043303316815495,1.0054061898496913
NLD,19,0.998964226183966,1.005635230049337,1.0054061898496913
NLD,20,0.9955335365666473,1.0056626033703457,1.0054061898496913
NLD,21,1.0004107401385873,1.0038431475032454,1.0054061898496913
NLD,22,1.0077780637786848,1.0051893100351081,1.0054061898496913
NLD,23,1.0106784196832372,1.0049701459538785,1.0054061898496913
NLD,24,0.9982800643711978,1.0065482080704475,1.0054061898496913
NLD,25,1.004929545505732,1.0051812931213038,1.0054061898496913
NLD,26,1.0044694645299697,1.0035642358578156,1.0054061898496913
NLD,27,1.0056277105022537,1.0042232001791034,1.0054061898496913
NLD,28,1.0045937698853245,1.004149393667889,1.0054061898496913
NLD,29T30,1.0042305704345271,1.0042596680741125,1.0054061898496913
NLD,31T33,1.0051178738575117,1.0040964906340775,1.0054061898496913
NLD,35,0.9801219782254968,1.0057151331916825,1.0054061898496913
NLD,36T39,1.0040225888566396,1.0039163220761913,1.0054061898496913
NLD,41T43,1.0044594627901544,1.004435275577501,1.0054061898496913
NLD,45T47,1.0026052954857358,1.0034668213121851,1.0054061898496913
NLD,49,1.0023946034609936,1.0040040381973405,1.0054061898496913
NLD,50,0.9874806416945532,1.0056713604903216,1.0054061898496913
NLD,51,0.9978677289998203,1.0043208705203461,1.0054061898496913
NLD,52,1.0011886555031964,1.0036743823342436,1.0054061898496913
NLD,53,1.0029453156124049,1.0033316346325687,1.0054061898496913
NLD,55T56,1.004127109737496,1.0042174785381133,1.0054061898496913
NLD,58T60,1.0011031917307023,1.0033393493479272,1.0054061898496913
NLD,61,1.0022156557280457,1.0034745539289485,1.0054061898496913
NLD,62T63,1.001417574098758,1.0032018437259131,1.0054061898496913
NLD,64T66,1.0032385298906985,1.0031448864460528,1.0054061898496913
NLD,68,1.0048025808836258,1.0034173921444285,1.0054061898496913
NLD,69T75,1.0013428388145706,1.0033261881694129,1.0054061898496913
NLD,77T82,1.0015030338287885,1.0033707744930471,1.0054061898496913
NLD,84,1.0050417045622242,1.0034145485140828,1.0054061898496913
NLD,85,1.0049956807059985,1.0033365641628096,1.0054061898496913
NLD,86T88,1.0052970804578918,1.003454331884294,1.0054061898496913
NLD,90T93,1.0040949389823877,1.0039305444685487,1.0054061898496913
NLD,94T98,1.0045956245530598,1.0037452672818221,1.0054061898496913
NOR,01T02,1.0023978003692224,1.004128611789911,1.0033474235345916
NOR,03,1.003531507782358,1.003111658338765,1.0033474235345916
NOR,05T06,0.9972728066893052,1.002367649772776,1.0033474235345916
NOR,07T08,1.0025886896408955,1.0036696716517814,1.0033474235345916
NOR,10T12,1.0049515306283867,1.0054553314077095,1.0033474235345916
NOR,13T15,1.0055944024631205,1.00328983024287,1.0033474235345916
NOR,16,1.0082412808701957,1.0046738773160413,1.0033474235345916
NOR,17T18,1.0038052245458609,1.004206994731762,1.0033474235345916
NOR,19,0.995971290206519,1.005149462016933,1.0033474235345916
NOR,20,0.9918768188474301,1.0041696869753143,1.0033474235345916
NOR,21,0.9977131348869479,1.003187975087435,1.0033474235345916
NOR,22,1.0083778490417656,1.0043636958683209,1.0033474235345916
NOR,23,1.0039819930375335,1.0046444166905506,1.0033474235345916
NOR,24,1.001068425536332,1.0062850133825962,1.0033474235345916
NOR,25,1.0042194514684206,1.0047702895870687,1.0033474235345916
NOR,26,1.0038028633550737,1.0030381018540035,1.0033474235345916
NOR,27,1.004455959413328,1.0042707875422683,1.0033474235345916
NOR,28,1.0033412546651548,1.0037848996016216,1.0033474235345916
NOR,29T30,1.0024434401976778,1.0039844180151742,1.0033474235345916
NOR,31T33,1.0042587999600416,1.0034559605330762,1.0033474235345916
NOR,35,1.0063941814092408,1.002118324080986,1.0033474235345916
NOR,36T39,1.002451246122724,1.0030017870408863,1.0033474235345916
NOR,41T43,1.0031161663502326,1.0032786479734703,1.0033474235345916
NOR,45T47,1.00234741083177,1.0028071342156906,1.0033474235345916
NOR,49,1.0032672676364787,1.0035682298928694,1.0033474235345916
NOR,50,0.9907452168370251,1.0057405044052479,1.0033474235345916
NOR,51,0.9931407334092791,1.003935157674369,1.0033474235345916
NOR,52,1.0016695341669062,1.0033159826392353,1.0033474235345916
NOR,53,1.0027261256962794,1.002841246996282,1.0033474235345916
NOR,55T56,1.0036035457277528,1.0030288032233035,1.0033474235345916
NOR,58T60,1.002012959693122,1.0028529519867104,1.0033474235345916
NOR,61,1.0024229167810517,1.0022146012635507,1.0033474235345916
NOR,62T63,1.0023189590820858,1.0023047041377493,1.0033474235345916
NOR,64T66,1.0018328751620382,1.0019254401956714,1.0033474235345916
NOR,68,1.0031979684577461,1.0021903124332892,1.0033474235345916
NOR,69T75,1.0013014533025921,1.0023784404919438,1.0033474235345916
NOR,77T82,1.0015453491163495,1.0029413627828312,1.0033474235345916
NOR,84,1.0031802262437748,1.0025904526624638,1.0033474235345916
NOR,85,1.0033583001300816,1.0019934980882608,1.0033474235345916
NOR,86T88,1.0033478142052799,1.0020898541985401,1.0033474235345916
NOR,90T93,1.003244319200113,1.0026559513695077,1.0033474235345916
NOR,94T98,1.0031235982703386,1.0024796187616285,1.0033474235345916
NZL,01T02,0.9740918871071197,1.0050443575359838,1.0029423551065682
NZL,03,0.997342569654774,1.00218439537394,1.0029423551065682
NZL,05T06,0.9865827739412362,1.0030435593595644,1.0029423551065682
NZL,07T08,1.0007900618282333,1.0002720327073875,1.0029423551065682
NZL,10T12,0.9974116603429386,1.009273265640955,1.0029423551065682
NZL,13T15,1.002963589688753,1.004025170479946,1.0029423551065682
NZL,16,1.002636923902274,1.0053046330365325,1.0029423551065682
NZL,17T18,1.0014268213921926,1.0037114489150163,1.0029423551065682
NZL,19,1.0004740351379406,1.0044403648404783,1.0029423551065682
NZL,20,0.9853713558850036,1.0039503069180642,1.0029423551065682
NZL,21,0.9912221854402352,1.0032137019566323,1.0029423551065682
NZL,22,1.0024716034928798,1.0030408225643652,1.0029423551065682
NZL,23,1.0072878731039452,1.0024179360344254,1.0029423551065682
NZL,24,0.998633731851073,1.003138705904899,1.0029423551065682
NZL,25,1.0048900864729589,1.0036888027463093,1.0029423551065682
NZL,26,1.0042085085464396,1.0022303470443434,1.0029423551065682
NZL,27,1.0084131593402688,1.0022748065311298,1.0029423551065682
NZL,28,1.0039118748209828,1.003254100189631,1.0029423551065682
NZL,29T30,1.0073987805664617,1.0020433864965703,1.0029423551065682
NZL,31T33,1.007999950749325,1.0020312145119072,1.0029423551065682
NZL,35,0.9974578351021135,1.00260724233729,1.0029423551065682
NZL,36T39,1.0002826499998403,1.000782234641712,1.0029423551065682
NZL,41T43,1.0017332587109007,1.002238305887956,1.0029423551065682
NZL,45T47,1.001346472659887,1.0009966522573877,1.0029423551065682
NZL,49,0.9985974760623955,1.0017217771375344,1.0029423551065682
NZL,50,0.9924754721600888,1.0019326471384498,1.0029423551065682
NZL,51,0.9955032045746672,1.0018221210713854,1.0029423551065682
NZL,52,1.0005487144902765,1.000675696630025,1.0029423551065682
NZL,53,1.0014732581270755,1.001432945638049,1.0029423551065682
NZL,55T56,1.003959707561006,1.0020810678541276,1.0029423551065682
NZL,58T60,1.0028024990085296,1.0010194924066271,1.0029423551065682
NZL,61,1.0026169902980822,1.0007659868800172,1.0029423551065682
NZL,62T63,1.002565836573799,1.0003892553536717,1.0029423551065682
NZL,64T66,1.0010172982167975,1.0002681465787198,1.0029423551065682
NZL,68,1.0022736078945729,1.0004577381864173,1.0029423551065682
NZL,69T75,1.000701773848242,1.0007763099353577,1.0029423551065682
NZL,77T82,1.0000671143429718,1.0008903280151784,1.0029423551065682
NZL,84,1.002689985996159,1.0008366831243392,1.0029423551065682
NZL,85,1.00275295046233,1.0004391801482213,1.0029423551065682
NZL,86T88,1.00292613149509,1.000926696133239,1.0029423551065682
NZL,90T93,1.0027095574027185,1.0011582884141739,1.0029423551065682
NZL,94T98,1.001846813159481,1.0007060190764256,1.0029423551065682
PER,01T02,0.9283909753846658,1.0046576177554156,1.0065115108573892
PER,03,1.0025926620392458,1.0022852185334827,1.0065115108573892
PER,05T06,0.9950790010981923,1.0022961167912185,1.0065115108573892
PER,07T08,1.0097228397383162,1.0017650477403965,1.0065115108573892
PER,10T12,1.0020701318072869,1.015014598259462,1.0065115108573892
PER,13T15,1.0033256179270627,1.0051821620562162,1.0065115108573892
PER,16,0.9971365086298531,1.0089645811601247,1.0065115108573892
PER,17T18,1.0065419120682253,1.0021346954062895,1.0065115108573892
PER,19,1.0056024256422949,1.0054682307491292,1.0065115108573892
PER,20,1.0106956715511497,1.0032543644442233,1.0065115108573892
PER,21,1.0081164842643542,1.0024598125246182,1.0065115108573892
PER,22,0.9951465222949831,1.0039071955474717,1.0065115108573892
PER,23,1.0077523256154033,1.0039279878754903,1.0065115108573892
PER,24,1.0466497877783536,1.0038497527256967,1.0065115108573892
PER,25,1.0091739945447566,1.0026972815745565,1.0065115108573892
PER,26,1.007326743809775,1.0024043861852818,1.0065115108573892
PER,27,1.0097516136043792,1.002627959523328,1.0065115108573892
PER,28,1.0077755114115312,1.002428526706124,1.0065115108573892
PER,29T30,1.0090360674661492,1.0019655765902742,1.0065115108573892
PER,31T33,0.9912467174882019,1.0050080739193312,1.0065115108573892
PER,35,0.9950115003548392,1.0028282722683195,1.0065115108573892
PER,36T39,1.0082881094823892,1.0017484804083592,1.0065115108573892
PER,41T43,1.0061368571685352,1.0031783020397702,1.0065115108573892
PER,45T47,1.0042596221310003,1.0011299750541727,1.0065115108573892
PER,49,1.003241931266895,1.0022018239085337,1.0065115108573892
PER,50,0.9882872035032916,1.0023762320076468,1.0065115108573892
PER,51,1.0083879728888787,1.0033478332647772,1.0065115108573892
PER,52,1.0033199845709282,1.0020657148835541,1.0065115108573892
PER,53,1.0040870940418485,1.0018257538536273,1.0065115108573892
PER,55T56,1.0054545233503496,1.0055211611100303,1.0065115108573892
PER,58T60,1.0074428089735519,1.0011620836186577,1.0065115108573892
PER,61,1.006773016889615,1.0012098855173097,1.0065115108573892
PER,62T63,1.0072712835945834,1.0008274243033664,1.0065115108573892
PER,64T66,1.0078508771916381,1.0007475901343474,1.0065115108573892
PER,68,1.0062153111287628,1.0006435371619355,1.0065115108573892
PER,69T75,1.0065086993490477,1.001135346433789,1.0065115108573892
PER,77T82,1.0078035341955416,1.0009448845933449,1.0065115108573892
PER,84,1.006268091189246,1.0016732624319207,1.0065115108573892
PER,85,1.0065309017625803,1.0006621048853828,1.0065115108573892
PER,86T88,1.0064784888785505,1.001049251766093,1.0065115108573892
PER,90T93,1.0061336491973323,1.002672095712081,1.0065115108573892
PER,94T98,1.0065523213106051,1.0009776862285003,1.0065115108573892
PHL,01T02,0.9949627607307483,1.0031455392318274,1.0048908610661642
PHL,03,1.0035673117245445,1.0022294803295022,1.0048908610661642
PHL,05T06,0.9657037917499892,1.002259167415051,1.0048908610661642
PHL,07T08,0.9924554058363082,1.0023582615259763,1.0048908610661642
PHL,10T12,1.0049876590791476,1.0058028004461717,1.0048908610661642
PHL,13T15,1.0055862914885503,1.0036895487330522,1.0048908610661642
PHL,16,1.002774874166643,1.005650927558412,1.0048908610661642
PHL,17T18,0.9861188157301446,1.0062836960819685,1.0048908610661642
PHL,19,0.9987630129565609,1.0049822329970652,1.0048908610661642
PHL,20,1.0084053431139341,1.0045540623376614,1.0048908610661642
PHL,21,1.0017201889963,1.0049307766119115,1.0048908610661642
PHL,22,1.008614081458259,1.0052992382169652,1.0048908610661642
PHL,23,0.9681712168227395,1.0057474960566768,1.0048908610661642
PHL,24,1.0221381080616283,1.006803830738156,1.0048908610661642
PHL,25,1.0052909733365003,1.0071714506008254,1.0048908610661642
PHL,26,1.0033175558865017,1.0044880888564023,1.0048908610661642
PHL,27,1.006456504451426,1.0042850229157962,1.0048908610661642
PHL,28,1.0037958345607478,1.0047643520895402,1.0048908610661642
PHL,29T30,1.0029544292258847,1.0047905868771199,1.0048908610661642
PHL,31T33,1.0054327762748796,1.004683928676911,1.0048908610661642
PHL,35,0.9757289608099703,1.004836919818212,1.0048908610661642
PHL,36T39,1.0035104445817402,1.003905805836355,1.0048908610661642
PHL,41T43,1.003756714993613,1.006517778764893,1.0048908610661642
PHL,45T47,1.0024122011043666,1.0033452447803615,1.0048908610661642
PHL,49,0.9986714808794789,1.004005433527627,1.0048908610661642
PHL,50,0.9743105109896102,1.0031736500880748,1.0048908610661642
PHL,51,0.9886464586107242,1.0036346696915333,1.0048908610661642
PHL,52,1.00077506714775,1.0032603274947738,1.0048908610661642
PHL,53,1.0035239334135866,1.0028869381934176,1.0048908610661642
PHL,55T56,1.0038352727539566,1.004792364892131,1.0048908610661642
PHL,58T60,0.9982374362444387,1.0046213250800833,1.0048908610661642
PHL,61,1.0039640878572813,1.0027119054281197,1.0048908610661642
PHL,62T63,0.9998129783826581,1.0031425038335227,1.0048908610661642
PHL,64T66,1.0023747238065635,1.0018484802916532,1.0048908610661642
PHL,68,1.004276746975685,1.0023041112230981,1.0048908610661642
PHL,69T75,1.0018042312700033,1.0027217387720215,1.0048908610661642
PHL,77T82,1.0016321444694078,1.0028207277675512,1.0048908610661642
PHL,84,1.0047900679522623,1.0020389633623137,1.0048908610661642
PHL,85,1.004262256216225,1.0021449644866374,1.0048908610661642
PHL,86T88,1.00437126878442,1.003657837534611,1.0048908610661642
PHL,90T93,1.0035744768574169,1.0035425428095863,1.0048908610661642
PHL,94T98,1.0044242839426174,1.0032128075414324,1.0048908610661642
POL,01T02,0.9876897581746752,1.0061417487631001,1.005668786840867
POL,03,1.0013888775439206,1.0034339636958227,1.005668786840867
POL,05T06,0.9496156040463544,1.0035713225888028,1.005668786840867
POL,07T08,0.9909739793131319,1.005581789185902,1.005668786840867
POL,10T12,1.0024710889752932,1.0069367947840184,1.005668786840867
POL,13T15,1.0043565475290182,1.0036292229545782,1.005668786840867
POL,16,1.0014615515847043,1.0060411536975915,1.005668786840867
POL,17T18,1.0023391948933666,1.004506156441784,1.005668786840867
POL,19,0.9938625453142732,1.005374180707426,1.005668786840867
POL,20,0.9848438936087793,1.005978968969003,1.005668786840867
POL,21,1.0000539910715105,1.002232174614447,1.005668786840867
POL,22,1.0059022422893833,1.0052409780819802,1.005668786840867
POL,23,0.9905207192411596,1.0065105809058168,1.005668786840867
POL,24,0.9928894208075103,1.0086732419552622,1.005668786840867
POL,25,1.0037105554649082,1.0051602736697323,1.005668786840867
POL,26,1.0037684516444965,1.0040402208484138,1.005668786840867
POL,27,1.003993311016685,1.0049167419645786,1.005668786840867
POL,28,1.0028921417592143,1.0045816163944559,1.005668786840867
POL,29T30,1.0039344615671417,1.0042087598265295,1.005668786840867
POL,31T33,1.006502227062008,1.0038792187961323,1.005668786840867
POL,35,0.9621634595997746,1.0059087176702293,1.005668786840867
POL,36T39,1.0015590933574756,1.004117638719842,1.005668786840867
POL,41T43,1.002541644847114,1.0040136606150696,1.005668786840867
POL,45T47,1.0027918566865626,1.0025132380865724,1.005668786840867
POL,49,0.9965843686475447,1.0035299064798895,1.005668786840867
POL,50,1.007586671092038,1.0032074206098742,1.005668786840867
POL,51,1.0072813157002771,1.003386518338229,1.005668786840867
POL,52,1.0010433468010385,1.0035804473095271,1.005668786840867
POL,53,1.0035136188268305,1.0029149723342081,1.005668786840867
POL,55T56,1.0044961304998397,1.0039002446813654,1.005668786840867
POL,58T60,1.0046508801937888,1.0023038094273007,1.005668786840867
POL,61,1.0041934265972692,1.0024098725307624,1.005668786840867
POL,62T63,1.0040872128376377,1.0016632545768724,1.005668786840867
POL,64T66,1.0037283431887805,1.0018453478595661,1.005668786840867
POL,68,1.0037153576981848,1.0066766406494507,1.005668786840867
POL,69T75,1.0034402591199492,1.0019786315038017,1.005668786840867
POL,77T82,1.0023276998795518,1.0029157910422262,1.005668786840867
POL,84,1.0054682761617182,1.0018458041563816,1.005668786840867
POL,85,1.0054711317567415,1.0021938465152722,1.005668786840867
POL,86T88,1.0055122175895992,1.0027176053133442,1.005668786840867
POL,90T93,1.0050228080595836,1.0037152263334328,1.005668786840867
POL,94T98,1.0045579373757776,1.002588018044004,1.005668786840867
PRT,01T02,1.0060722212738524,1.0055152461479129,1.0050483782022857
PRT,03,0.9995587649052639,1.0039377266867653,1.0050483782022857
PRT,05T06,0.8811094321558783,1.005878697814888,1.0050483782022857
PRT,07T08,0.9976681144390454,1.0051740450496265,1.0050483782022857
PRT,10T12,1.0038591159906862,1.007046993419782,1.0050483782022857
PRT,13T15,1.0025917375234652,1.0040491949827235,1.0050483782022857
PRT,16,1.0015803279374866,1.0063020093723902,1.0050483782022857
PRT,17T18,0.9985773498205979,1.005988866908025,1.0050483782022857
PRT,19,0.9976586349932096,1.006457726370811,1.0050483782022857
PRT,20,0.9981508911810403,1.0063318025881571,1.0050483782022857
PRT,21,1.0015698304466218,1.0043709703048982,1.0050483782022857
PRT,22,1.0061888276922606,1.005478950389981,1.0050483782022857
PRT,23,0.9909734106374308,1.0061473788059843,1.0050483782022857
PRT,24,1.0160376410627079,1.0067506821420047,1.0050483782022857
PRT,25,1.003357241129856,1.0052440722732845,1.0050483782022857
PRT,26,1.0033179224960087,1.0042257238370669,1.0050483782022857
PRT,27,1.0031612307973372,1.0054015008559873,1.0050483782022857
PRT,28,1.002350190705582,1.0051526395721473,1.0050483782022857
PRT,29T30,1.0036006345019466,1.0045900998947301,1.0050483782022857
PRT,31T33,1.005379448935248,1.0044560618579004,1.0050483782022857
PRT,35,0.9903580233175013,1.0099083847968595,1.0050483782022857
PRT,36T39,1.0059034963989548,1.004575396843103,1.0050483782022857
PRT,41T43,1.0041573904688923,1.0052565183110922,1.0050483782022857
PRT,45T47,1.0026022467998137,1.0036552396090264,1.0050483782022857
PRT,49,0.9963116620076807,1.004266004846554,1.0050483782022857
PRT,50,0.9805288753731505,1.004474905837354,1.0050483782022857
PRT,51,0.9977250310798544,1.0043166857937176,1.0050483782022857
PRT,52,1.001044213143837,1.0035545942501367,1.0050483782022857
PRT,53,1.0028709904816566,1.0032835455685412,1.0050483782022857
PRT,55T56,1.0033128785887566,1.0044283265693434,1.0050483782022857
PRT,58T60,1.0019759643672426,1.0035646379515477,1.0050483782022857
PRT,61,1.0032502580065803,1.0034587495106824,1.0050483782022857
PRT,62T63,1.0022591948071875,1.003209342361943,1.0050483782022857
PRT,64T66,1.0032855963986866,1.0030422690074796,1.0050483782022857
PRT,68,1.0046998428124803,1.0030677435081508,1.0050483782022857
PRT,69T75,1.0021877273808666,1.0033487525571887,1.0050483782022857
PRT,77T82,1.0021842673143346,1.0033853850699468,1.0050483782022857
PRT,84,1.004710535191229,1.0034925262389327,1.0050483782022857
PRT,85,1.0048903795943893,1.0031453411920725,1.0050483782022857
PRT,86T88,1.004900324329272,1.0037353544759682,1.0050483782022857
PRT,90T93,1.004096657201511,1.0037161011618818,1.0050483782022857
PRT,94T98,1.0046152766484169,1.0036032563367907,1.0050483782022857
ROU,01T02,0.9984278585569875,1.0054724043773813,1.0049654061390194
ROU,03,1.004993186862677,1.004380919552593,1.0049654061390194
ROU,05T06,0.9779683357077538,1.0044149163419938,1.0049654061390194
ROU,07T08,0.9851780347917629,1.0044911551841813,1.0049654061390194
ROU,10T12,1.0049298181584716,1.005951501176252,1.0049654061390194
ROU,13T15,1.0045169304908983,1.003674612303351,1.0049654061390194
ROU,16,1.0023822605589363,1.0058780049434217,1.0049654061390194
ROU,17T18,1.0025147784987427,1.004461238482165,1.0049654061390194
ROU,19,0.9981289043176862,1.0061624026089104,1.0049654061390194
ROU,20,0.9525635423974366,1.0066873440283073,1.0049654061390194
ROU,21,0.9883794952637157,1.0041549803432865,1.0049654061390194
ROU,22,1.004628800183367,1.0054583168385578,1.0049654061390194
ROU,23,0.97907414229166,1.0054852394421212,1.0049654061390194
ROU,24,0.9923337384046081,1.0062968835321409,1.0049654061390194
ROU,25,1.0005426193923452,1.0051371451495938,1.0049654061390194
ROU,26,1.0036601532265128,1.0042229405717877,1.0049654061390194
ROU,27,1.0040354068810362,1.004683006245044,1.0049654061390194
ROU,28,1.0020445857853355,1.0052373528188083,1.0049654061390194
ROU,29T30,1.0027058288674515,1.004681182201308,1.0049654061390194
ROU,31T33,1.0062829670407827,1.0041167471407562,1.0049654061390194
ROU,35,0.9882617532741179,1.006660849917592,1.0049654061390194
ROU,36T39,1.0039982358778907,1.004168131284071,1.0049654061390194
ROU,41T43,1.004013922058389,1.005935457898126,1.0049654061390194
ROU,45T47,1.0022613063629968,1.003419933039151,1.0049654061390194
ROU,49,1.002009930239509,1.0037538182247812,1.0049654061390194
ROU,50,1.0099477409842168,1.0034661392801252,1.0049654061390194
ROU,51,1.0035405984355164,1.0039520097404628,1.0049654061390194
ROU,52,1.0017524167465983,1.003411435052546,1.0049654061390194
ROU,53,1.0026154719966296,1.0033828439706074,1.0049654061390194
ROU,55T56,1.0039043286737301,1.0035321895695084,1.0049654061390194
ROU,58T60,1.0034622516823204,1.002959203500482,1.0049654061390194
ROU,61,1.0030959825175891,1.0035025186926252,1.0049654061390194
ROU,62T63,1.0019626040377356,1.002734377858286,1.0049654061390194
ROU,64T66,1.0022098547079534,1.0025154408064456,1.0049654061390194
ROU,68,1.0043817243448665,1.0023778483013024,1.0049654061390194
ROU,69T75,1.0022322158737607,1.003213582972553,1.0049654061390194
ROU,77T82,1.002427255079487,1.0032172809088133,1.0049654061390194
ROU,84,1.0047306816895603,1.0022964667867547,1.0049654061390194
ROU,85,1.0043813747381274,1.0023873201947782,1.0049654061390194
ROU,86T88,1.004703808504489,1.002859088069409,1.0049654061390194
ROU,90T93,1.00457862676231,1.0031522970440072,1.0049654061390194
ROU,94T98,1.0041625154906568,1.0031646630012045,1.0049654061390194
ROW,01T02,0.9641232006540762,1.0012635293744787,1.0020653743014487
ROW,03,1.001108444503886,0.9963137083532402,1.0020653743014487
ROW,05T06,0.9766489589919592,0.9974944507874911,1.0020653743014487
ROW,07T08,1.001783438939811,0.9971146920783243,1.0020653743014487
ROW,10T12,0.9999008424145208,1.0076723432229242,1.0020653743014487
ROW,13T15,1.0116930126657877,0.9992665344167119,1.0020653743014487
ROW,16,1.0011869536496325,1.0035639385633004,1.0020653743014487
ROW,17T18,1.0043661343424988,1.001646825202271,1.0020653743014487
ROW,19,0.9949266191349676,1.0024072599605913,1.0020653743014487
ROW,20,0.9798749354039865,1.0027095504310262,1.0020653743014487
ROW,21,1.0047002973786063,0.9990773999672276,1.0020653743014487
ROW,22,0.9635337669320838,1.0041596223673535,1.0020653743014487
ROW,23,0.9775827313605201,1.0019258929638752,1.0020653743014487
ROW,24,1.017809944973577,1.0032476743761292,1.0020653743014487
ROW,25,1.0084391453689932,1.0014349991273128,1.0020653743014487
ROW,26,1.0060338138284344,0.9997437192156169,1.0020653743014487
ROW,27,1.0070099089958662,1.001660602767377,1.0020653743014487
ROW,28,1.0063312623064409,1.0005064475405592,1.0020653743014487
ROW,29T30,1.0092812867959071,0.9998731649888366,1.0020653743014487
ROW,31T33,0.9737313527345017,0.999918801340494,1.0020653743014487
ROW,35,0.9594906550797487,1.003489714910278,1.0020653743014487
ROW,36T39,1.0003815185022877,0.9983000041550166,1.0020653743014487
ROW,41T43,1.0013173590483548,1.0004394682989466,1.0020653743014487
ROW,45T47,1.001840250261148,0.9968364807535274,1.0020653743014487
ROW,49,0.9962602211714673,0.9977479050550021,1.0020653743014487
ROW,50,1.0010981969072386,0.9993228838651464,1.0020653743014487
ROW,51,0.9828237357742335,0.9989591480648873,1.0020653743014487
ROW,52,1.0025263076547668,0.9975835328161388,1.0020653743014487
ROW,53,1.0035045424004403,0.996632666593052,1.0020653743014487
ROW,55T56,1.004567939207457,1.0002619086752271,1.0020653743014487
ROW,58T60,1.0087754871523646,0.996572137500797,1.0020653743014487
ROW,61,1.0030504464763765,0.9959823832407394,1.0020653743014487
ROW,62T63,1.0096428819749075,0.9953125785724156,1.0020653743014487
ROW,64T66,1.0052082166813985,0.9948903132303288,1.0020653743014487
ROW,68,1.0029087743861163,0.9947110829553433,1.0020653743014487
ROW,69T75,1.0061521015131392,0.9954603979599795,1.0020653743014487
ROW,77T82,1.0032565084043543,0.9960106725376396,1.0020653743014487
ROW,84,1.0020299966794315,0.9964538084117625,1.0020653743014487
ROW,85,1.0023267469312878,0.9962135220161286,1.0020653743014487
ROW,86T88,1.0022641607210336,0.99691388742193,1.0020653743014487
ROW,90T93,1.00406588361679,0.997490215613105,1.0020653743014487
ROW,94T98,1.0023034498350616,0.9969256012912204,1.0020653743014487
RUS,01T02,0.9923781221040029,0.9988090494624763,0.9987567075572945
RUS,03,0.998471742615409,0.9961885101973097,0.9987567075572945
RUS,05T06,0.9786388001902955,0.9950538189462126,0.9987567075572945
RUS,07T08,0.9834197497376037,0.9971315436609607,0.9987567075572945
RUS,10T12,1.0012364499750064,1.0020146180358824,0.9987567075572945
RUS,13T15,1.0148427332226793,0.9980005902183147,0.9987567075572945
RUS,16,0.9847416210983777,1.002114880850434,0.9987567075572945
RUS,17T18,1.000496483349585,1.0007739220400997,0.9987567075572945
RUS,19,0.9895576752821942,0.9985459622536813,0.9987567075572945
RUS,20,0.9573533147373116,1.0031335756486481,0.9987567075572945
RUS,21,1.00124371024995,0.9976319665190305,0.9987567075572945
RUS,22,0.994306378363075,1.005123804020195,0.9987567075572945
RUS,23,0.9684570626962149,1.0059546481634893,0.9987567075572945
RUS,24,0.9520644826700758,1.005614265131351,0.9987567075572945
RUS,25,0.9949725900317609,1.0044507876392526,0.9987567075572945
RUS,26,1.0035673313614832,0.9982569986334544,0.9987567075572945
RUS,27,0.9968470967323183,1.004132036539189,0.9987567075572945
RUS,28,0.996963090787382,1.0028779323988697,0.9987567075572945
RUS,29T30,1.001222968616116,1.000654546368533,0.9987567075572945
RUS,31T33,0.9980071571736069,0.9998924305682441,0.9987567075572945
RUS,35,0.9396855897324395,1.0111896276252972,0.9987567075572945
RUS,36T39,0.9822293323669787,1.0040795176399604,0.9987567075572945
RUS,41T43,0.9961228818280913,0.9999067103432135,0.9987567075572945
RUS,45T47,0.9985500747116677,0.9952891630997075,0.9987567075572945
RUS,49,0.9827982249053357,0.9974657703085724,0.9987567075572945
RUS,50,0.9574093719639105,0.9966703584764072,0.9987567075572945
RUS,51,0.9923605854886902,0.9983761520872428,0.9987567075572945
RUS,52,0.9923403809202596,0.9975945578713216,0.9987567075572945
RUS,53,1.0004680254491178,0.9957402055836994,0.9987567075572945
RUS,55T56,1.004711485013193,0.9970079124815211,0.9987567075572945
RUS,58T60,1.012182151918455,0.9949916860835435,0.9987567075572945
RUS,61,1.0007002465951527,0.9951206969033086,0.9987567075572945
RUS,62T63,1.0081119245017205,0.993627003965557,0.9987567075572945
RUS,64T66,0.9976096820065874,0.9925752977553093,0.9987567075572945
RUS,68,0.9978362575624593,0.9947852320269557,0.9987567075572945
RUS,69T75,1.0008216591164558,0.9946097008604314,0.9987567075572945
RUS,77T82,0.9929275667246481,0.994040587672284,0.9987567075572945
RUS,84,0.9987015419974654,0.9949031945621692,0.9987567075572945
RUS,85,0.9990369701732411,0.9941287962481776,0.9987567075572945
RUS,86T88,0.998862509902202,0.9954845036702422,0.9987567075572945
RUS,90T93,1.0000572932794167,0.9952980139432187,0.9987567075572945
RUS,94T98,0.999736187517261,0.9935748816677828,0.9987567075572945
SAU,01T02,1.013856337297369,0.9982077528912126,0.9992748320564259
SAU,03,0.9982807711034161,0.9997532318343604,0.9992748320564259
SAU,05T06,0.9918309302994678,0.9942981598262329,0.9992748320564259
SAU,07T08,0.9988702622606421,0.9952234962161185,0.9992748320564259
SAU,10T12,1.006925038671802,0.9993540617152683,0.9992748320564259
SAU,13T15,1.0035043005147668,1.000335414427631,0.9992748320564259
SAU,16,0.9770534332004913,1.0013462142770857,0.9992748320564259
SAU,17T18,0.9976811146869303,1.0018908681282013,0.9992748320564259
SAU,19,0.9930582861300683,0.9982926223482117,0.9992748320564259
SAU,20,0.9768444505622469,0.998721038125239,0.9992748320564259
SAU,21,0.9895293491115199,1.000203438608956,0.9992748320564259
SAU,22,0.8626555869485082,1.0036624573267665,0.9992748320564259
SAU,23,0.9782096908976781,1.0012226805022382,0.9992748320564259
SAU,24,1.0277322047335542,1.0004705993757976,0.9992748320564259
SAU,25,1.0023635864844298,1.0005917118202479,0.9992748320564259
SAU,26,1.0028451429390117,1.0007860256592378,0.9992748320564259
SAU,27,1.0007328396220583,1.0022896694596344,0.9992748320564259
SAU,28,0.9992599278534467,1.0012201853503107,0.9992748320564259
SAU,29T30,1.0088401943966139,1.0005377482048123,0.9992748320564259
SAU,31T33,0.9049240824273711,1.0016791743045452,0.9992748320564259
SAU,35,0.9294714888883018,0.9988739152063391,0.9992748320564259
SAU,36T39,0.9958471472921224,0.9987544159639667,0.9992748320564259
SAU,41T43,0.9959822737201174,1.0015902582760614,0.9992748320564259
SAU,45T47,0.9971058291584034,0.9987689903342547,0.9992748320564259
SAU,49,0.9683970917801562,0.9986980784353274,0.9992748320564259
SAU,50,0.975959411467998,0.9998616634635217,0.9992748320564259
SAU,51,0.9952619507781328,1.000409207203312,0.9992748320564259
SAU,52,0.9958082920646589,1.0003206700381517,0.9992748320564259
SAU,53,0.9899123647078278,1.0020330471478,0.9992748320564259
SAU,55T56,1.002815298946243,1.000000370364385,0.9992748320564259
SAU,58T60,1.0077939402247407,0.9988614964532196,0.9992748320564259
SAU,61,0.9975276936653302,0.9990252876863316,0.9992748320564259
SAU,62T63,1.000957767749179,0.998829640268546,0.9992748320564259
SAU,64T66,1.0024062329275825,0.9953584930831452,0.9992748320564259
SAU,68,0.9992195902786511,0.9951874147061224,0.9992748320564259
SAU,69T75,0.9964502682279596,1.0028043988900144,0.9992748320564259
SAU,77T82,0.9946284800669654,1.0040557164621164,0.9992748320564259
SAU,84,0.9991023359848363,0.995220951247122,0.9992748320564259
SAU,85,0.9994140676938523,0.995502660511485,0.9992748320564259
SAU,86T88,0.9982212796707297,0.9985991437251575,0.9992748320564259
SAU,90T93,1.000476226369048,0.996533293487005,0.9992748320564259
SAU,94T98,0.9982129837432676,0.9957907465219581,0.9992748320564259
SGP,01T02,0.9793177196150699,1.0027935441861973,1.0056989844863053
SGP,03,0.9973272670742226,1.002939298237044,1.0056989844863053
SGP,05T06,0.9790674221307332,1.0013935842942459,1.0056989844863053
SGP,07T08,0.9997035240780319,1.0027513328720028,1.0056989844863053
SGP,10T12,0.9979241186811427,1.01059829153561,1.0056989844863053
SGP,13T15,0.9910273220550889,1.0072166766051038,1.0056989844863053
SGP,16,0.9953645149675249,1.0088292690479383,1.0056989844863053
SGP,17T18,1.0016672615892779,1.0056493234462793,1.0056989844863053
SGP,19,0.9982580159212961,1.0056111142890676,1.0056989844863053
SGP,20,0.9960293018177026,1.0052313710292737,1.0056989844863053
SGP,21,1.0089263865607574,1.0012157221072082,1.0056989844863053
SGP,22,0.9686205907306336,1.009431008709455,1.0056989844863053
SGP,23,1.001621596195479,1.0085449654071323,1.0056989844863053
SGP,24,1.0221998377531039,1.0084859870362115,1.0056989844863053
SGP,25,1.0023305624241892,1.0067778627714934,1.0056989844863053
SGP,26,1.0034508970677782,1.004069832950589,1.0056989844863053
SGP,27,1.0039250117957104,1.005591256306055,1.0056989844863053
SGP,28,1.0053233647528204,1.0036817246842518,1.0056989844863053
SGP,29T30,1.0024595321445955,1.004119809393752,1.0056989844863053
SGP,31T33,0.9916512277959297,1.0040062943804713,1.0056989844863053
SGP,35,0.9533113516071369,1.0097328900180065,1.0056989844863053
SGP,36T39,1.0009138097261998,1.0037954074195459,1.0056989844863053
SGP,41T43,1.0036927343539566,1.0047371335957809,1.0056989844863053
SGP,45T47,0.9985364334204955,1.002698737622916,1.0056989844863053
SGP,49,0.9964258853732969,1.0027229724266087,1.0056989844863053
SGP,50,0.9750819065378232,1.007334050112448,1.0056989844863053
SGP,51,0.9868782629612342,1.0035595829870252,1.0056989844863053
SGP,52,0.9975160607571016,1.0025067291790166,1.0056989844863053
SGP,53,1.0004578685271477,1.0023681909455397,1.0056989844863053
SGP,55T56,1.0028586012198115,1.0043114493219494,1.0056989844863053
SGP,58T60,1.0037353476080866,1.0019626654641156,1.0056989844863053
SGP,61,1.0046239202152498,1.0014314861607767,1.0056989844863053
SGP,62T63,1.0030616022900707,1.0013886513766912,1.0056989844863053
SGP,64T66,1.003783120692252,1.0001863837235705,1.0056989844863053
SGP,68,1.004226388632328,1.0005077785975875,1.0056989844863053
SGP,69T75,1.004258097742205,1.0010615036864163,1.0056989844863053
SGP,77T82,1.0026423342524629,1.0006689207488864,1.0056989844863053
SGP,84,1.005373131260985,1.0021474537932045,1.0056989844863053
SGP,85,1.0055852593482277,1.0010117166158998,1.0056989844863053
SGP,86T88,1.0055178217660379,1.0015909265763896,1.0056989844863053
SGP,90T93,1.004810916528543,1.0020967951931696,1.0056989844863053
SGP,94T98,1.0056282306992912,0.9993496962485434,1.0056989844863053
SVK,01T02,1.011213135939271,1.0050624592226047,1.0051647628333618
SVK,03,0.9985436148230716,1.0046473877448652,1.0051647628333618
SVK,05T06,0.9276185362921141,1.0039126820772353,1.0051647628333618
SVK,07T08,0.9804868520529196,1.0050171098129543,1.0051647628333618
SVK,10T12,1.0066054601335377,1.005589543868101,1.0051647628333618
SVK,13T15,1.0037718193774603,1.0039733370595159,1.0051647628333618
SVK,16,1.0078303843835958,1.0042510639472455,1.0051647628333618
SVK,17T18,1.0026682690079203,1.0049167275045765,1.0051647628333618
SVK,19,0.9955983757701318,1.0051748645246252,1.0051647628333618
SVK,20,0.9599339229072248,1.0057740398666746,1.0051647628333618
SVK,21,0.9846814785144546,1.0043888741594986,1.0051647628333618
SVK,22,1.0057534693000665,1.0055072768186846,1.0051647628333618
SVK,23,0.9736586456469218,1.0066962726096562,1.0051647628333618
SVK,24,0.9473278450554831,1.007776190757664,1.0051647628333618
SVK,25,1.0034227628824193,1.0052160372060777,1.0051647628333618
SVK,26,1.004188532118217,1.0039206471990045,1.0051647628333618
SVK,27,1.004624740150052,1.00469667118236,1.0051647628333618
SVK,28,1.0019795891093253,1.0054616557763227,1.0051647628333618
SVK,29T30,1.003985869517616,1.0041757689520971,1.0051647628333618
SVK,31T33,1.0087084283966357,1.0040901587801374,1.0051647628333618
SVK,35,1.002768402173464,1.0070866787551311,1.0051647628333618
SVK,36T39,1.002811585324679,1.0034899196348235,1.0051647628333618
SVK,41T43,1.0040484112017882,1.0039462347369794,1.0051647628333618
SVK,45T47,1.0017964832481525,1.0033778209226798,1.0051647628333618
SVK,49,0.9994864468287831,1.0033903703600797,1.0051647628333618
SVK,50,1.011543193535875,1.0049291405879701,1.0051647628333618
SVK,51,1.0132303251095696,1.0055978152577196,1.0051647628333618
SVK,52,1.0006127919444325,1.0039237731539243,1.0051647628333618
SVK,53,1.0035312451955636,1.0029537682050405,1.0051647628333618
SVK,55T56,1.0047353101934278,1.003675886707745,1.0051647628333618
SVK,58T60,1.0040498914031994,1.0029620999368356,1.0051647628333618
SVK,61,1.0043499987122602,1.0026539949936035,1.0051647628333618
SVK,62T63,1.0027885347003496,1.002585886949915,1.0051647628333618
SVK,64T66,1.0037719472666164,1.0024343309921067,1.0051647628333618
SVK,68,1.0045012285757466,1.0025682421402133,1.0051647628333618
SVK,69T75,1.0020429874517953,1.0035038536142158,1.0051647628333618
SVK,77T82,1.0029345869414266,1.0031496018560355,1.0051647628333618
SVK,84,1.0049624454711612,1.0026312661883239,1.0051647628333618
SVK,85,1.005023599924601,1.0027652375027483,1.0051647628333618
SVK,86T88,1.0050934162683778,1.0030184860124263,1.0051647628333618
SVK,90T93,1.004825940744541,1.0031519391337855,1.0051647628333618
SVK,94T98,1.0045479618223248,1.0031803183009385,1.0051647628333618
SVN,01T02,0.9902238684262872,1.0053135900003412,1.0051614259996002
SVN,03,1.0058927918017062,1.003914054493413,1.0051614259996002
SVN,05T06,0.9451282655346354,1.0039463593327131,1.0051614259996002
SVN,07T08,0.9902152364435732,1.005229729119878,1.0051614259996002
SVN,10T12,1.0055198879872487,1.0057479772175308,1.0051614259996002
SVN,13T15,1.0040158855098926,1.0035975885059496,1.0051614259996002
SVN,16,0.9950295848100428,1.0059236736578312,1.0051614259996002
SVN,17T18,0.9975413810920528,1.0049075725242989,1.0051614259996002
SVN,19,0.1396517047678511,1.0046794899951523,1.0051614259996002
SVN,20,1.0086726775987267,1.0054152549167883,1.0051614259996002
SVN,21,1.004359179279547,1.0032498424551344,1.0051614259996002
SVN,22,1.008967508115233,1.0046816366190874,1.0051614259996002
SVN,23,0.9742804966303777,1.0055343815068472,1.0051614259996002
SVN,24,1.0183110023353765,1.0067568015372312,1.0051614259996002
SVN,25,1.0061850554049387,1.0046724699867495,1.0051614259996002
SVN,26,1.0043203783537282,1.0035780425372332,1.0051614259996002
SVN,27,1.0037988626279026,1.004910135976848,1.0051614259996002
SVN,28,1.0029027960156354,1.0048159294638601,1.0051614259996002
SVN,29T30,1.003956713457603,1.0046262854706896,1.0051614259996002
SVN,31T33,1.0071755264591284,1.004162555202845,1.0051614259996002
SVN,35,0.9734916685729543,1.0056490026162297,1.0051614259996002
SVN,36T39,1.005025710265002,1.0044850576200626,1.0051614259996002
SVN,41T43,1.003725098410806,1.0047113021299825,1.0051614259996002
SVN,45T47,1.0026902522850742,1.0033622906499216,1.0051614259996002
SVN,49,0.9978882540083561,1.0038789956684093,1.0051614259996002
SVN,50,0.9599003043338268,1.0075001488832174,1.0051614259996002
SVN,51,1.0122659506887772,1.0038884493718006,1.0051614259996002
SVN,52,1.0017901122996153,1.0038995502775574,1.0051614259996002
SVN,53,1.0021799955463089,1.0031225583931727,1.0051614259996002
SVN,55T56,1.0042198811297043,1.0039728323432688,1.0051614259996002
SVN,58T60,1.0016347445898321,1.0028962938044539,1.0051614259996002
SVN,61,1.0029259613519448,1.002592094305567,1.0051614259996002
SVN,62T63,1.0015371968287576,1.002646806492298,1.0051614259996002
SVN,64T66,1.0028609671370647,1.0026204794156173,1.0051614259996002
SVN,68,1.0049569334620883,1.0026933629823074,1.0051614259996002
SVN,69T75,1.002173948221212,1.0032231419114328,1.0051614259996002
SVN,77T82,1.0024902282291932,1.0032524390219988,1.0051614259996002
SVN,84,1.0048610989296107,1.002949248445323,1.0051614259996002
SVN,85,1.004805028899897,1.0029465288247121,1.0051614259996002
SVN,86T88,1.0050030495901834,1.003061045246834,1.0051614259996002
SVN,90T93,1.004744349816172,1.003300701115833,1.0051614259996002
SVN,94T98,1.0039335304754842,1.003173940333519,1.0051614259996002
SWE,01T02,0.9748817251430574,1.008797072831742,1.0044252497685204
SWE,03,0.9987832855307148,1.0036955315474436,1.0044252497685204
SWE,05T06,0.9877848054340179,1.0045504858982077,1.0044252497685204
SWE,07T08,1.0079667909735683,1.0037058919852824,1.0044252497685204
SWE,10T12,1.0034034417481572,1.006477361533435,1.0044252497685204
SWE,13T15,1.0029160607927643,1.0040761378334113,1.0044252497685204
SWE,16,0.9959460199220649,1.0094655513192143,1.0044252497685204
SWE,17T18,0.997565585542687,1.0065536513438416,1.0044252497685204
SWE,19,1.0030605787882707,1.005131724509145,1.0044252497685204
SWE,20,0.9949328105563444,1.0045957876100582,1.0044252497685204
SWE,21,1.0053660017244443,1.0036756821505326,1.0044252497685204
SWE,22,1.0089950666747947,1.0046489660152929,1.0044252497685204
SWE,23,1.0031255202176153,1.0050670250079516,1.0044252497685204
SWE,24,1.0205845957403137,1.005204012420582,1.0044252497685204
SWE,25,1.0057916880280557,1.0048535637190283,1.0044252497685204
SWE,26,1.003990783017125,1.0035756789327546,1.0044252497685204
SWE,27,1.0053739148538912,1.004320889952407,1.0044252497685204
SWE,28,1.0042452150175087,1.0038544336462474,1.0044252497685204
SWE,29T30,1.004458605405994,1.003936743306507,1.0044252497685204
SWE,31T33,1.0051603113006855,1.0041145739189592,1.0044252497685204
SWE,35,1.0044146409207277,1.00397129580722,1.0044252497685204
SWE,36T39,1.0056576064160363,1.0036867862656125,1.0044252497685204
SWE,41T43,1.0038581329215739,1.004150657523069,1.0044252497685204
SWE,45T47,1.0024407737733787,1.0032619631875945,1.0044252497685204
SWE,49,1.0021931265172357,1.0036387248205283,1.0044252497685204
SWE,50,0.9756891684557185,1.0045661577611515,1.0044252497685204
SWE,51,0.9988986801922385,1.0040172262845848,1.0044252497685204
SWE,52,1.0014173513810394,1.0040956963992929,1.0044252497685204
SWE,53,1.0025191097971697,1.0032488606095318,1.0044252497685204
SWE,55T56,1.0035179464650839,1.0040334965826427,1.0044252497685204
SWE,58T60,1.001955003720715,1.0031355031115299,1.0044252497685204
SWE,61,1.0025321289005178,1.0030941634665804,1.0044252497685204
SWE,62T63,1.0012126216648924,1.0029956678228928,1.0044252497685204
SWE,64T66,1.0021228691445363,1.0029972217738763,1.0044252497685204
SWE,68,1.0039541626709079,1.003356963107274,1.0044252497685204
SWE,69T75,1.00289297768469,1.003152577496819,1.0044252497685204
SWE,77T82,1.0025500453647538,1.003544601729745,1.0044252497685204
SWE,84,1.0041863103691164,1.0032248811366529,1.0044252497685204
SWE,85,1.004283750027833,1.0031664339376214,1.0044252497685204
SWE,86T88,1.004352184027795,1.0031725940435143,1.0044252497685204
SWE,90T93,1.0038422565172402,1.0036171210234328,1.0044252497685204
SWE,94T98,1.0039196681218208,1.003287874672531,1.0044252497685204
THA,01T02,0.9930506115495666,1.002917662645757,1.0068563678565612
THA,03,1.0019032056105373,1.002643996777595,1.0068563678565612
THA,05T06,0.9676220956299241,1.0022940676035614,1.0068563678565612
THA,07T08,0.9891061907081418,1.0031020996471445,1.0068563678565612
THA,10T12,1.0026933367802604,1.0079545168699058,1.0068563678565612
THA,13T15,1.005036164379455,1.0036066547623972,1.0068563678565612
THA,16,0.9998061796858352,1.005436397696805,1.0068563678565612
THA,17T18,1.0006449563535713,1.0039591829484504,1.0068563678565612
THA,19,0.9941023531111494,1.0078259842603512,1.0068563678565612
THA,20,0.9900176144296907,1.005639036388272,1.0068563678565612
THA,21,1.0023687173903078,1.004817527311724,1.0068563678565612
THA,22,1.0023223647473614,1.0072547893373016,1.0068563678565612
THA,23,0.9710832799585974,1.0083795133017985,1.0068563678565612
THA,24,0.9912760909695075,1.0073456126325544,1.0068563678565612
THA,25,0.9995336537646609,1.007325350133097,1.0068563678565612
THA,26,1.0047568334399095,1.003611132582319,1.0068563678565612
THA,27,1.001864286784979,1.0062694815600857,1.0068563678565612
THA,28,1.0005010983284957,1.0055439076981223,1.0068563678565612
THA,29T30,1.0002994554570273,1.0053125394672897,1.0068563678565612
THA,31T33,1.004469347545881,1.0051471143258726,1.0068563678565612
THA,35,0.9898989188304479,1.006287851839895,1.0068563678565612
THA,36T39,1.003555158606437,1.0026616320860913,1.0068563678565612
THA,41T43,1.006127799172239,1.0098920378301681,1.0068563678565612
THA,45T47,1.0026781638456501,1.0011292278106836,1.0068563678565612
THA,49,0.9881018050566606,1.005556315227291,1.0068563678565612
THA,50,0.9883677930083984,1.0040117800324844,1.0068563678565612
THA,51,0.9845712602312808,1.0056925335135083,1.0068563678565612
THA,52,0.9976903506562887,1.0042887214341298,1.0068563678565612
THA,53,1.00282899428964,1.0014381158681875,1.0068563678565612
THA,55T56,1.003238570095614,1.0053738704074944,1.0068563678565612
THA,58T60,1.001584383507347,1.0026521436773728,1.0068563678565612
THA,61,1.004288678914897,1.0014511564029414,1.0068563678565612
THA,62T63,0.9988518667023785,1.0023193568120752,1.0068563678565612
THA,64T66,1.0017535363661636,1.000892411782461,1.0068563678565612
THA,68,1.0046121463873032,1.0008659614068394,1.0068563678565612
THA,69T75,1.0007800092017094,1.0019517698012215,1.0068563678565612
THA,77T82,0.9988137974707505,1.0023160815841448,1.0068563678565612
THA,84,1.0068653440987985,1.0014831607303278,1.0068563678565612
THA,85,1.006853753645217,1.0013520469860362,1.0068563678565612
THA,86T88,1.0059055376867687,1.0029058973514802,1.0068563678565612
THA,90T93,1.0052122747111603,1.0019761846759694,1.0068563678565612
THA,94T98,1.003323377787749,1.003348024890669,1.0068563678565612
TUN,01T02,1.0006678994918663,1.0019346485139662,1.0055664197873735
TUN,03,1.0030408948663792,1.0007144105276349,1.0055664197873735
TUN,05T06,0.9643179682613934,1.0081736172194593,1.0055664197873735
TUN,07T08,0.9772235516755544,1.008855342526743,1.0055664197873735
TUN,10T12,1.0022343870992936,1.0090498063563615,1.0055664197873735
TUN,13T15,1.0004679891373327,1.0042805533849148,1.0055664197873735
TUN,16,1.0025458824917453,1.0046123184656228,1.0055664197873735
TUN,17T18,0.9965221230294791,1.004610147175178,1.0055664197873735
TUN,19,0.9834323950418701,1.012236354223166,1.0055664197873735
TUN,20,0.9936657498186848,1.0065934151305616,1.0055664197873735
TUN,21,0.9999918322515526,1.003994289948605,1.0055664197873735
TUN,22,0.9621087777554524,1.0059155119426286,1.0055664197873735
TUN,23,0.9277152977020935,1.0144215555460132,1.0055664197873735
TUN,24,1.002683727376975,1.010826413583354,1.0055664197873735
TUN,25,0.9989906007964231,1.0065305757298422,1.0055664197873735
TUN,26,1.0026154660748312,1.005332506744184,1.0055664197873735
TUN,27,1.0021323180998334,1.0060383461089282,1.0055664197873735
TUN,28,1.0026087289579602,1.005238236335986,1.0055664197873735
TUN,29T30,1.0032496914696512,1.004793010196011,1.0055664197873735
TUN,31T33,0.9819696587669691,1.0043057738612833,1.0055664197873735
TUN,35,0.9358125649635067,1.0102044379830286,1.0055664197873735
TUN,36T39,1.0026611648076305,1.009289769752058,1.0055664197873735
TUN,41T43,1.003702798226074,1.0116971147478648,1.0055664197873735
TUN,45T47,1.0034831764053118,1.0014112800686696,1.0055664197873735
TUN,49,0.9899401840195786,1.0020879817094999,1.0055664197873735
TUN,50,1.0097013660404404,1.0028879234980204,1.0055664197873735
TUN,51,0.9709771259155799,1.003581113469419,1.0055664197873735
TUN,52,0.9932890485753028,1.0013414874146824,1.0055664197873735
TUN,53,1.0024390681250457,1.0012523145057837,1.0055664197873735
TUN,55T56,1.0045271390665194,1.0028808956497832,1.0055664197873735
TUN,58T60,1.0036665556533981,1.0026511398252378,1.0055664197873735
TUN,61,1.0041778612555379,1.0009277481854155,1.0055664197873735
TUN,62T63,1.0015760205374575,1.0016391025567368,1.0055664197873735
TUN,64T66,1.0010757950213343,1.0003548949463106,1.0055664197873735
TUN,68,1.005050113605802,1.0011212795290432,1.0055664197873735
TUN,69T75,1.0024927022735417,1.0020339045997824,1.0055664197873735
TUN,77T82,1.0018807817203805,1.0019893462084073,1.0055664197873735
TUN,84,1.0055433459531657,1.0002797414956028,1.0055664197873735
TUN,85,1.0052935871792466,1.0007274450584736,1.0055664197873735
TUN,86T88,1.0047125759088924,1.0017287017651173,1.0055664197873735
TUN,90T93,1.0029717611472029,1.0029031854619357,1.0055664197873735
TUN,94T98,1.0052501119352772,1.0007639757403612,1.0055664197873735
TUR,01T02,1.0055738522624655,1.0052924900984148,1.0057279739959148
TUR,03,1.0017209352093972,1.0028770071247861,1.0057279739959148
TUR,05T06,0.9670450288407879,1.0043472604991632,1.0057279739959148
TUR,07T08,0.9915859529289037,1.0030133606479859,1.0057279739959148
TUR,10T12,1.003882434836668,1.006620863967405,1.0057279739959148
TUR,13T15,1.0007650030495148,1.0036877001136035,1.0057279739959148
TUR,16,0.9956445141751027,1.0063759758556812,1.0057279739959148
TUR,17T18,1.0000151784408853,1.0042778397653964,1.0057279739959148
TUR,19,0.99490330999846,1.0051404966262254,1.0057279739959148
TUR,20,0.9817654340754695,1.0051440369258973,1.0057279739959148
TUR,21,0.9990588014452497,1.0040866003539102,1.0057279739959148
TUR,22,1.003579987538428,1.0060299606563308,1.0057279739959148
TUR,23,0.9676142279313446,1.0092630269802767,1.0057279739959148
TUR,24,0.996288804286591,1.007200691076478,1.0057279739959148
TUR,25,1.0028837128766646,1.0056156281907402,1.0057279739959148
TUR,26,1.0054094173291752,1.0026134869845724,1.0057279739959148
TUR,27,1.0020464556827398,1.0059989003477179,1.0057279739959148
TUR,28,1.0028557818271193,1.0050685318525057,1.0057279739959148
TUR,29T30,1.004001240900777,1.004285779613084,1.0057279739959148
TUR,31T33,1.0052787521177042,1.0044905226419516,1.0057279739959148
TUR,35,0.9618743644370837,1.0265272867142456,1.0057279739959148
TUR,36T39,0.9997067393365234,1.0049419028628246,1.0057279739959148
TUR,41T43,1.0045772915609679,1.00646308929987,1.0057279739959148
TUR,45T47,1.001743589850768,1.002588044216512,1.0057279739959148
TUR,49,0.9992271959365957,1.0033848682534603,1.0057279739959148
TUR,50,0.9975116028354979,1.0027919363995683,1.0057279739959148
TUR,51,0.9718687715338054,1.0026110714290317,1.0057279739959148
TUR,52,0.9995400695067959,1.0020263305556634,1.0057279739959148
TUR,53,1.0011370077770478,1.0027408968238853,1.0057279739959148
TUR,55T56,1.0041203243273682,1.0036426776435083,1.0057279739959148
TUR,58T60,1.0030593066799995,1.0026563063746432,1.0057279739959148
TUR,61,1.00439786444751,1.0027697371100117,1.0057279739959148
TUR,62T63,1.002694386167429,1.0011990839116962,1.0057279739959148
TUR,64T66,1.0008632469956866,1.0017716372932841,1.0057279739959148
TUR,68,1.004292716101162,1.0043268813924395,1.0057279739959148
TUR,69T75,1.0021568120906692,1.002217867221542,1.0057279739959148
TUR,77T82,1.0021448087223706,1.0020036130337786,1.0057279739959148
TUR,84,1.0051091377662669,1.0028644139021234,1.0057279739959148
TUR,85,1.0054049693622742,1.0017939486329956,1.0057279739959148
TUR,86T88,1.0055701607147864,1.0030591669187843,1.0057279739959148
TUR,90T93,1.0044060180024776,1.0026065942949292,1.0057279739959148
TUR,94T98,1.0050198008748403,1.003069229781727,1.0057279739959148
TWN,01T02,1.015742646065761,1.0039235807544655,1.0068112234517725
TWN,03,0.9973617232560785,1.0049507285235328,1.0068112234517725
TWN,05T06,0.9693309303788933,1.0044386318266787,1.0068112234517725
TWN,07T08,0.9726863373397264,1.0050184670218076,1.0068112234517725
TWN,10T12,1.0082170573658522,1.0053308160815668,1.0068112234517725
TWN,13T15,0.9928181325497438,1.006223761928555,1.0068112234517725
TWN,16,1.0066241097694624,1.0061597557367519,1.0068112234517725
TWN,17T18,0.997436517704878,1.0063377602811094,1.0068112234517725
TWN,19,0.9897586120277374,1.0055920751653042,1.0068112234517725
TWN,20,0.9902076520528541,1.0092458243893765,1.0068112234517725
TWN,21,1.0031644370115342,1.0043482660113985,1.0068112234517725
TWN,22,1.003419360412227,1.007136347687111,1.0068112234517725
TWN,23,0.9972617842811932,1.0091760777583723,1.0068112234517725
TWN,24,0.9705832032134767,1.0114748347893052,1.0068112234517725
TWN,25,0.9953107196522508,1.0092229618061423,1.0068112234517725
TWN,26,1.0023466523279132,1.0050383081458023,1.0068112234517725
TWN,27,1.0027363300200494,1.0065251313042947,1.0068112234517725
TWN,28,0.9995963121450773,1.0074198619339583,1.0068112234517725
TWN,29T30,1.0020243083791072,1.0054868401380646,1.0068112234517725
TWN,31T33,1.0012839011567125,1.005455621372697,1.0068112234517725
TWN,35,0.9533626542221708,1.006831500616773,1.0068112234517725
TWN,36T39,0.9933975899083032,1.005610976057343,1.0068112234517725
TWN,41T43,1.0053785870238472,1.007581820188343,1.0068112234517725
TWN,45T47,1.0021877311750222,1.002763554561674,1.0068112234517725
TWN,49,0.9947642134359737,1.004183259947339,1.0068112234517725
TWN,50,0.9848446399977646,1.0065313090845345,1.0068112234517725
TWN,51,0.9859309785582043,1.0051178115510473,1.0068112234517725
TWN,52,0.9957163375934325,1.0032423242018835,1.0068112234517725
TWN,53,1.0028684488050246,1.0040784236794034,1.0068112234517725
TWN,55T56,1.005586307035259,1.004079261006335,1.0068112234517725
TWN,58T60,1.0021810740436483,1.0034105112142382,1.0068112234517725
TWN,61,1.0043914373657667,1.0029772967785653,1.0068112234517725
TWN,62T63,1.0023307775340375,1.0024702554305591,1.0068112234517725
TWN,64T66,1.0041405911534909,1.001999638927008,1.0068112234517725
TWN,68,1.0060407237462927,1.002211160800358,1.0068112234517725
TWN,69T75,1.0017271222667312,1.0030876831535622,1.0068112234517725
TWN,77T82,1.0013984796729842,1.0026247475158112,1.0068112234517725
TWN,84,1.0064526911228717,1.0025243177991694,1.0068112234517725
TWN,85,1.0067001281370478,1.0026348995801586,1.0068112234517725
TWN,86T88,1.0062733229115264,1.0034111315547918,1.0068112234517725
TWN,90T93,1.0052473324711868,1.003198167952521,1.0068112234517725
TWN,94T98,1.0063739307643713,1.0029764012723315,1.0068112234517725
USA,01T02,0.9956026488753985,1.006265950444149,1.003725153366023
USA,03,1.003957836115578,1.0025350994435365,1.003725153366023
USA,05T06,0.9893880317571928,1.0038278873829842,1.003725153366023
USA,07T08,1.0009472086502547,1.0041498875326917,1.003725153366023
USA,10T12,1.0028386675612655,1.0068311701952004,1.003725153366023
USA,13T15,1.0011958095240525,1.0041307621112627,1.003725153366023
USA,16,1.0045514368627408,1.0052460306759778,1.003725153366023
USA,17T18,1.0017225078038587,1.0044423745255628,1.003725153366023
USA,19,0.9992262001101752,1.006438078165894,1.003725153366023
USA,20,0.9998102017043684,1.004812920824278,1.003725153366023
USA,21,1.001639512598418,1.0030629824091444,1.003725153366023
USA,22,1.0051475368553136,1.0046842991641658,1.003725153366023
USA,23,1.0008157973117024,1.0047492451319684,1.003725153366023
USA,24,1.0102113357992784,1.0057402962442885,1.003725153366023
USA,25,1.0047198755926234,1.0044254300410032,1.003725153366023
USA,26,1.0047838862813359,1.0025726874925238,1.003725153366023
USA,27,1.0059695682697625,1.0038359297253745,1.003725153366023
USA,28,1.0034278836456927,1.0037679181947867,1.003725153366023
USA,29T30,1.0038354316908056,1.003721071140646,1.003725153366023
USA,31T33,1.0080387963383355,1.00341745222339,1.003725153366023
USA,35,0.9714294242888253,1.004227917879061,1.003725153366023
USA,36T39,1.0018822593409835,1.0029523453546103,1.003725153366023
USA,41T43,1.0029062822366865,1.0036997851340386,1.003725153366023
USA,45T47,1.0023201062042173,1.00305903152128,1.003725153366023
USA,49,0.9990280242548357,1.0032040360655343,1.003725153366023
USA,50,0.997657443434024,1.0033549273883318,1.003725153366023
USA,51,0.9948436437645841,1.0030330080057628,1.003725153366023
USA,52,0.9997952215448411,1.0039952931628249,1.003725153366023
USA,53,0.9992020870274492,1.0032582741490113,1.003725153366023
USA,55T56,1.0032119972234128,1.0034615359701338,1.003725153366023
USA,58T60,1.0031295076193165,1.002561199231572,1.003725153366023
USA,61,1.0029830938788427,1.002732728833199,1.003725153366023
USA,62T63,1.0023135937813503,1.002536673594077,1.003725153366023
USA,64T66,1.0025218749761735,1.0024756835612854,1.003725153366023
USA,68,1.0032931503030809,1.0031865509822258,1.003725153366023
USA,69T75,1.0023948495718058,1.0026696047954673,1.003725153366023
USA,77T82,1.0019173186189596,1.0027090500932987,1.003725153366023
USA,84,1.0034259283508196,1.0030338999628983,1.003725153366023
USA,85,1.0035781353420876,1.0028815158524294,1.003725153366023
USA,86T88,1.0037020111806487,1.0027487753610642,1.003725153366023
USA,90T93,1.0034047678861842,1.002868592517876,1.003725153366023
USA,94T98,1.003520436984285,1.0027750024847604,1.003725153366023
VNM,01T02,0.9988836782038668,1.0058432647877185,1.0083368592515587
VNM,03,1.0025321056501573,1.0050227439105937,1.0083368592515587
VNM,05T06,0.9804211917988006,1.0030650765100269,1.0083368592515587
VNM,07T08,0.920829899006176,1.0090397109842888,1.0083368592515587
VNM,10T12,1.0018139064771021,1.0094457651270508,1.0083368592515587
VNM,13T15,1.0019160569611143,1.004034452842562,1.0083368592515587
VNM,16,0.9877248426733034,1.0120733665003134,1.0083368592515587
VNM,17T18,0.9937027704197556,1.006626119174758,1.0083368592515587
VNM,19,0.9819957662527388,1.0064072250981866,1.0083368592515587
VNM,20,0.9928638093957693,1.0079529195408505,1.0083368592515587
VNM,21,1.0050477914115823,1.0034895658462109,1.0083368592515587
VNM,22,1.0000926438502937,1.0078387440050829,1.0083368592515587
VNM,23,0.9545129031284616,1.013836330068026,1.0083368592515587
VNM,24,0.9774826379211697,1.0128211930146183,1.0083368592515587
VNM,25,0.9848175111949998,1.0109364253899746,1.0083368592515587
VNM,26,1.0031752967494276,1.0039319816749228,1.0083368592515587
VNM,27,0.9988430299379006,1.0072474111660767,1.0083368592515587
VNM,28,1.0024348460347017,1.0047689110353537,1.0083368592515587
VNM,29T30,1.004425069756408,1.004948262426484,1.0083368592515587
VNM,31T33,0.9936372443341197,1.007300749434515,1.0083368592515587
VNM,35,0.9134751345166748,1.0059572258416638,1.0083368592515587
VNM,36T39,1.0008359403527713,1.0043343716708348,1.0083368592515587
VNM,41T43,1.0064857970288685,1.0112167905808034,1.0083368592515587
VNM,45T47,1.0005793115227948,1.002031837688237,1.0083368592515587
VNM,49,0.9883854455497774,1.0039601590049965,1.0083368592515587
VNM,50,0.9569215581958213,1.0046401029473886,1.0083368592515587
VNM,51,0.9825396752976528,1.0046570849498346,1.0083368592515587
VNM,52,0.9958986795585938,1.001321908624699,1.0083368592515587
VNM,53,0.9988876014021412,1.0024765031148013,1.0083368592515587
VNM,55T56,1.004341787272546,1.0052692122236855,1.0083368592515587
VNM,58T60,1.0032182215444443,1.002830193143338,1.0083368592515587
VNM,61,1.0056687341795119,1.0031946308322401,1.0083368592515587
VNM,62T63,1.0082700350411158,0.9993296551800894,1.0083368592515587
VNM,64T66,1.001599306140481,0.9994534657957431,1.0083368592515587
VNM,68,1.0062375419958949,1.0022115947967478,1.0083368592515587
VNM,69T75,1.0011224352852979,1.0010416213003268,1.0083368592515587
VNM,77T82,1.0020225538746594,1.0010764160060053,1.0083368592515587
VNM,84,1.0076386181338122,1.0016176080140595,1.0083368592515587
VNM,85,1.0076719829780578,1.0001260124260472,1.0083368592515587
VNM,86T88,1.0079554290844148,1.001819948101118,1.0083368592515587
VNM,90T93,1.0076606466961697,1.000700843716104,1.0083368592515587
VNM,94T98,1.0071287723450053,1.0031701551236987,1.0083368592515587
ZAF,01T02,0.9872657763773677,0.9997183347370592,0.9967783075717606
ZAF,03,1.0000102123359225,0.9928593804241123,0.9967783075717606
ZAF,05T06,0.9641079401011672,0.9974527447534098,0.9967783075717606
ZAF,07T08,0.9614965099919445,1.0020559970858174,0.9967783075717606
ZAF,10T12,1.0042668026443013,1.0001119604969455,0.9967783075717606
ZAF,13T15,1.0146662015153756,0.9978797292918109,0.9967783075717606
ZAF,16,1.0029215467620047,0.9995275628822916,0.9967783075717606
ZAF,17T18,1.0037092856366603,0.99678864724573,0.9967783075717606
ZAF,19,0.9720649102958357,1.0005854279394504,0.9967783075717606
ZAF,20,0.9862004895782274,1.003753402848486,0.9967783075717606
ZAF,21,0.9994966155789906,0.9995058206051254,0.9967783075717606
ZAF,22,0.9802285723413728,1.0002101121440758,0.9967783075717606
ZAF,23,0.9686089250988306,1.0030626200558654,0.9967783075717606
ZAF,24,0.8246852690616807,1.0159720634637763,0.9967783075717606
ZAF,25,0.9738169282899372,1.0144041497933287,0.9967783075717606
ZAF,26,1.0031414257581341,0.9990267377280849,0.9967783075717606
ZAF,27,0.9821071239111397,1.0073824751354892,0.9967783075717606
ZAF,28,0.9959086101344303,1.0033258241400207,0.9967783075717606
ZAF,29T30,0.9964388173621613,1.0049136712486246,0.9967783075717606
ZAF,31T33,0.9531623525244457,1.0012304751472931,0.9967783075717606
ZAF,35,0.8803968362364745,1.0043766761577257,0.9967783075717606
ZAF,36T39,0.9918006847367392,0.992752433097815,0.9967783075717606
ZAF,41T43,0.9939221845344235,0.9996334779842152,0.9967783075717606
ZAF,45T47,0.9947767538063554,0.9919810594169084,0.9967783075717606
ZAF,49,0.9904023968360265,0.9939184765101627,0.9967783075717606
ZAF,50,0.8739728589214136,0.9934163994372701,0.9967783075717606
ZAF,51,0.9913610602773013,0.9959548889703408,0.9967783075717606
ZAF,52,0.9782913970058758,0.9953822002888046,0.9967783075717606
ZAF,53,0.9940644965643655,0.9931960229024172,0.9967783075717606
ZAF,55T56,1.0012590268933355,0.992959842297799,0.9967783075717606
ZAF,58T60,0.9991032778201172,0.9936095944909977,0.9967783075717606
ZAF,61,0.9981276414750293,0.9943542543823508,0.9967783075717606
ZAF,62T63,0.992017496616526,0.9938898181698089,0.9967783075717606
ZAF,64T66,0.9958314952534523,0.9896201325312717,0.9967783075717606
ZAF,68,0.9962189372188835,0.9918734280641914,0.9967783075717606
ZAF,69T75,0.9942895913858505,0.9929313704160858,0.9967783075717606
ZAF,77T82,0.991517785887839,0.9936772671518752,0.9967783075717606
ZAF,84,0.9967821840255299,0.9912565027934399,0.9967783075717606
ZAF,85,0.9959683113302872,0.9898553604307938,0.9967783075717606
ZAF,86T88,0.996181981591405,0.9917693941432028,0.9967783075717606
ZAF,90T93,0.9879651615048325,0.9929742415434109,0.9967783075717606
ZAF,94T98,0.9956531794123027,0.9886426566628308,0.9967783075717606
